 55.7828 18.3061    0   0.20  -4.40  39.00  -433.0  5686.0
 55.7827 18.3061    1   0.20  -4.40  39.00  -434.0  5681.0
 55.7827 18.3061    2   0.20  -4.40  39.00  -430.0  5676.0
 55.7827 18.3061    3   0.20  -4.40  39.00  -431.0  5673.0
 55.7827 18.3061    4   0.20  -4.40  39.00  -433.0  5672.0
 55.7827 18.3062    5   0.20  -4.40  39.00  -437.0  5686.0
 55.7827 18.3062    6   0.20  -4.40  39.00  -428.0  5683.0
 55.7827 18.3060    7   0.20  -4.40  39.00  -430.0  5241.0
 55.7827 18.3060    8   0.20  -4.40  39.00  -433.0  5243.0
 55.7828 18.3061    9   0.20  -4.40  39.00  -433.0  5249.0
 55.7828 18.3061   10   0.20  -4.40  39.00  -429.0  5239.0
 55.7827 18.3060   11   0.20  -4.40  39.00  -427.0  5242.0
 55.7827 18.3060   12   0.20  -4.40  39.00  -430.0  5242.0
 55.7827 18.3061   13   0.20  -4.40  39.00  -433.0  5245.0
 55.7827 18.3061   14   0.20  -4.40  39.00  -429.0  5234.0
 55.7827 18.3061   15   0.20  -4.40  39.00  -427.0  5247.0
 55.7827 18.3061   16   0.20  -4.40  39.00  -430.0  5240.0
 55.7827 18.3061   17   0.20  -4.40  39.00  -423.0  5254.0
 55.7827 18.3061   18   0.20  -4.40  39.00  -427.0  5246.0
 55.7827 18.3060   19   0.20  -4.40  39.00  -423.0  5245.0
 55.7827 18.3060   20   0.20  -4.40  39.00  -427.0  5237.0
 55.7827 18.3061   21   0.20  -4.40  39.00  -431.0  5235.0
 55.7827 18.3061   22   0.20  -4.40  39.00  -424.0  5237.0
 55.7827 18.3061   23   0.20  -4.40  39.00  -433.0  5245.0
 55.7827 18.3061   24   0.20  -4.40  39.00  -435.0  5242.0
 55.7827 18.3061   25   0.20  -4.40  39.00  -427.0  5247.0
 55.7827 18.3061   26   0.20  -4.40  39.00  -424.0  5236.0
 55.7827 18.3061   27   0.20  -4.40  39.00  -427.0  5230.0
 55.7827 18.3061   28   0.20  -4.40  39.00  -422.0  5245.0
 55.7827 18.3061   29   0.20  -4.40  39.00  -425.0  5242.0
 55.7827 18.3061   30   0.20  -4.40  39.00  -435.0  5237.0
 55.7827 18.3061   31   0.20  -4.40  39.00  -433.0  5241.0
 55.7827 18.3061   32   0.20  -4.40  39.00  -443.0  5238.0
 55.7827 18.3061   33   0.20  -4.40  39.00  -429.0  5237.0
 55.7827 18.3061   34   0.20  -4.40  39.00  -433.0  5241.0
 55.7827 18.3061   35   0.20  -4.40  39.00  -423.0  5234.0
 55.7827 18.3061   36   0.20  -4.40  39.00  -433.0  5239.0
 55.7827 18.3061   37   0.20  -4.40  39.00  -430.0  5238.0
 55.7827 18.3061   38   0.20  -4.40  39.00  -427.0  5245.0
 55.7827 18.3061   39   0.20  -4.40  39.00  -430.0  5234.0
 55.7827 18.3061   40   0.20  -4.40  39.00  -429.0  5241.0
 55.7827 18.3061   41   0.20  -4.40  39.00  -428.0  5241.0
 55.7827 18.3061   42   0.20  -4.40  39.00  -438.0  5239.0
 55.7827 18.3061   43   0.20  -4.40  39.00  -433.0  5236.0
 55.7827 18.3061   44   0.20  -4.40  39.00  -433.0  5235.0
 55.7827 18.3061   45   0.20  -4.40  39.00  -435.0  5059.0
 55.7827 18.3061   46   0.20  -4.40  39.00  -435.0  5063.0
 55.7827 18.3061   47   0.20  -4.40  39.00  -427.0  5056.0
 55.7827 18.3061   48   0.20  -4.40  39.00  -434.0  5061.0
 55.7827 18.3061   49   0.20  -4.40  39.00  -434.0  5066.0
 55.7827 18.3061   50   0.20  -4.40  39.00  -435.0  5055.0
 55.7827 18.3061   51   0.20  -4.40  39.00  -433.0  5062.0
 55.7827 18.3061   52   0.20  -4.40  39.00  -440.0  5061.0
 55.7827 18.3061   53   0.20  -4.40  39.00  -421.0  5065.0
 55.7827 18.3061   54   0.20  -4.40  39.00  -433.0  5065.0
 55.7827 18.3061   55   0.20  -4.40  39.00  -434.0  5061.0
 55.7827 18.3061   56   0.20  -4.40  39.00  -437.0  5061.0
 55.7827 18.3061   57   0.20  -4.40  39.00  -438.0  5059.0
 55.7827 18.3061   58   0.20  -4.40  39.00  -430.0  5059.0
 55.7827 18.3061   59   0.20  -4.40  39.00  -429.0  5069.0
 55.7827 18.3061   60   0.20  -4.40  39.00  -433.0  5050.0
 55.7827 18.3061   61   0.20  -4.40  39.00  -433.0  5061.0
 55.7827 18.3061   62   0.20  -4.40  39.00  -435.0  5053.0
 55.7827 18.3061   63   0.20  -4.40  39.00  -435.0  5055.0
 55.7827 18.3061   64   0.20  -4.40  39.00  -421.0  5062.0
 55.7827 18.3061   65   0.20  -4.40  39.00  -428.0  5061.0
 55.7827 18.3061   66   0.20  -4.40  39.00  -440.0  5065.0
 55.7827 18.3061   67   0.20  -4.40  39.00  -429.0  5061.0
 55.7827 18.3061   68   0.20  -4.40  39.00  -427.0  5058.0
 55.7827 18.3061   69   0.20  -4.40  39.00  -433.0  5058.0
 55.7827 18.3061   70   0.20  -4.40  39.00  -438.0  5068.0
 55.7827 18.3061   71   0.20  -4.40  39.00  -435.0  5049.0
 55.7827 18.3061   72   0.20  -4.40  39.00  -435.0  5056.0
 55.7827 18.3061   73   0.20  -4.40  39.00  -431.0  5060.0
 55.7827 18.3061   74   0.20  -4.40  39.00  -433.0  5064.0
 55.7828 18.3061   75   0.20  -4.40  39.00  -437.0  5059.0
 55.7828 18.3061   76   0.20  -4.40  39.00  -434.0  5052.0
 55.7828 18.3061   77   0.20  -4.40  39.00  -433.0  5065.0
 55.7828 18.3061   78   0.20  -4.40  39.00  -429.0  5049.0
 55.7827 18.3059   79   0.20  -4.40  39.00  -427.0  5052.0
 55.7827 18.3059   80   0.20  -4.40  39.00  -437.0  5056.0
 55.7827 18.3061   81   0.20  -4.40  39.00  -427.0  5059.0
 55.7827 18.3061   82   0.20  -4.40  39.00  -433.0  5056.0
 55.7827 18.3061   83   0.20  -4.40  39.00  -440.0  5057.0
 55.7827 18.3061   84   0.20  -4.40  39.00  -439.0  5354.0
 55.7827 18.3061   85   0.20  -4.40  39.00  -445.0  5349.0
 55.7827 18.3060   86   0.20  -4.40  39.00  -436.0  5356.0
 55.7827 18.3060   87   0.20  -4.40  39.00  -439.0  5355.0
 55.7827 18.3061   88   0.20  -4.40  39.00  -446.0  5357.0
 55.7827 18.3061   89   0.20  -4.40  39.00  -438.0  5357.0
 55.7827 18.3061   90   0.20  -4.40  39.00  -448.0  5355.0
 55.7827 18.3061   91   0.20  -4.40  39.00  -453.0  5349.0
 55.7827 18.3061   92   0.20  -4.40  39.00  -446.0  5353.0
 55.7827 18.3061   93   0.20  -4.40  39.00  -437.0  5359.0
 55.7827 18.3061   94   0.20  -4.40  39.00  -441.0  5352.0
 55.7827 18.3061   95   0.20  -4.40  39.00  -453.0  5357.0
 55.7827 18.3061   96   0.20  -4.40  39.00  -443.0  5346.0
 55.7827 18.3061   97   0.20  -4.40  39.00  -438.0  5349.0
 55.7827 18.3061   98   0.20  -4.40  39.00  -435.0  5353.0
 55.7827 18.3061   99   0.20  -4.40  39.00  -438.0  5348.0
 55.7827 18.3061  100   0.20  -4.40  39.00  -443.0  5350.0
 55.7827 18.3061  101   0.20  -4.40  39.00  -439.0  5350.0
 55.7827 18.3061  102   0.20  -4.40  39.00  -445.0  5351.0
 55.7827 18.3061  103   0.20  -4.40  39.00  -439.0  5354.0
 55.7827 18.3061  104   0.20  -4.40  39.00  -444.0  5355.0
 55.7827 18.3061  105   0.20  -4.40  39.00  -442.0  5339.0
 55.7827 18.3061  106   0.20  -4.40  39.00  -439.0  5353.0
 55.7827 18.3061  107   0.20  -4.40  39.00  -437.0  5354.0
 55.7827 18.3061  108   0.20  -4.40  39.00  -448.0  5347.0
 55.7827 18.3061  109   0.20  -4.40  39.00  -447.0  5351.0
 55.7827 18.3061  110   0.20  -4.40  39.00  -441.0  5351.0
 55.7827 18.3061  111   0.20  -4.40  39.00  -450.0  5348.0
 55.7827 18.3061  112   0.20  -4.40  39.00  -435.0  5353.0
 55.7827 18.3061  113   0.20  -4.40  39.00  -444.0  5354.0
 55.7827 18.3061  114   0.20  -4.40  39.00  -429.0  5348.0
 55.7827 18.3061  115   0.20  -4.40  39.00  -448.0  5352.0
 55.7827 18.3061  116   0.20  -4.40  39.00  -445.0  5353.0
 55.7827 18.3061  117   0.20  -4.40  39.00  -444.0  5349.0
 55.7827 18.3061  118   0.20  -4.40  39.00  -443.0  5349.0
 55.7827 18.3061  119   0.20  -4.40  39.00  -448.0  5353.0
 55.7827 18.3061  120   0.20  -4.40  39.00  -445.0  5354.0
 55.7827 18.3061  121   0.20  -4.40  39.00  -442.0  5359.0
 55.7827 18.3061  122   0.20  -4.40  39.00  -447.0  5354.0
 55.7827 18.3061  123   0.20  -4.40  39.00  -444.0  5363.0
 55.7827 18.3061  124   0.20  -4.40  39.00  -443.0  5353.0
 55.7827 18.3061  125   0.20  -4.40  39.00  -437.0  5355.0
 55.7827 18.3061  126   0.20  -4.40  39.00  -444.0  5349.0
 55.7827 18.3061  127   0.20  -4.40  39.00  -437.0  5817.0
 55.7827 18.3061  128   0.20  -4.40  39.00  -443.0  5807.0
 55.7827 18.3061  129   0.20  -4.40  39.00  -433.0  5805.0
 55.7827 18.3061  130   0.20  -4.40  39.00  -443.0  5813.0
 55.7827 18.3061  131   0.20  -4.40  39.00  -429.0  5807.0
 55.7827 18.3061  132   0.20  -4.40  39.00  -440.0  5807.0
 55.7827 18.3061  133   0.20  -4.40  39.00  -442.0  5813.0
 55.7827 18.3061  134   0.20  -4.40  39.00  -440.0  5813.0
 55.7827 18.3061  135   0.20  -4.40  39.00  -439.0  5809.0
 55.7827 18.3061  136   0.20  -4.40  39.00  -433.0  5815.0
 55.7827 18.3061  137   0.20  -4.40  39.00  -446.0  5813.0
 55.7827 18.3061  138   0.20  -4.40  39.00  -443.0  5812.0
 55.7827 18.3061  139   0.20  -4.40  39.00  -437.0  5813.0
 55.7827 18.3061  140   0.20  -4.40  39.00  -439.0  5819.0
 55.7827 18.3061  141   0.20  -4.40  39.00  -436.0  5810.0
 55.7827 18.3061  142   0.20  -4.40  39.00  -442.0  5801.0
 55.7827 18.3061  143   0.20  -4.40  39.00  -430.0  5809.0
 55.7827 18.3061  144   0.20  -4.40  39.00  -443.0  5809.0
 55.7827 18.3061  145   0.20  -4.40  39.00  -441.0  5805.0
 55.7827 18.3061  146   0.20  -4.40  39.00  -443.0  5811.0
 55.7827 18.3061  147   0.20  -4.40  39.00  -436.0  5807.0
 55.7827 18.3061  148   0.20  -4.40  39.00  -443.0  5807.0
 55.7827 18.3061  149   0.20  -4.40  39.00  -435.0  5814.0
 55.7827 18.3061  150   0.20  -4.40  39.00  -439.0  5809.0
 55.7827 18.3061  151   0.20  -4.40  39.00  -442.0  5802.0
 55.7827 18.3061  152   0.20  -4.40  39.00  -443.0  5813.0
 55.7827 18.3061  153   0.20  -4.40  39.00  -440.0  5807.0
 55.7827 18.3060  154   0.20  -4.40  39.00  -434.0  5807.0
 55.7827 18.3060  155   0.20  -4.40  39.00  -438.0  5819.0
 55.7827 18.3061  156   0.20  -4.40  39.00  -443.0  5813.0
 55.7827 18.3061  157   0.20  -4.40  39.00  -441.0  5813.0
 55.7827 18.3061  158   0.20  -4.40  39.00  -446.0  5815.0
 55.7827 18.3061  159   0.20  -4.40  39.00  -444.0  5813.0
 55.7827 18.3061  160   0.20  -4.40  39.00  -437.0  5801.0
 55.7827 18.3061  161   0.20  -4.40  39.00  -441.0  5814.0
 55.7827 18.3061  162   0.20  -4.40  39.00  -439.0  5810.0
 55.7828 18.3061  163   0.20  -4.40  39.00  -439.0  5800.0
 55.7828 18.3061  164   0.20  -4.40  39.00  -439.0  5817.0
 55.7827 18.3060  165   0.20  -4.40  39.00  -439.0  5817.0
 55.7827 18.3061  166   0.20  -4.40  39.00  -433.0  5806.0
 55.7827 18.3061  167   0.20  -4.40  39.00  -440.0  5803.0
 55.7827 18.3061  168   0.20  -4.40  39.00  -441.0  5811.0
 55.7827 18.3061  169   0.20  -4.40  39.00  -440.0  5806.0
 55.7827 18.3061  170   0.20  -4.40  39.00  -447.0  5755.0
 55.7827 18.3061  171   0.20  -4.40  39.00  -441.0  5760.0
 55.7827 18.3060  172   0.20  -4.40  39.00  -444.0  5762.0
 55.7827 18.3060  173   0.20  -4.40  39.00  -451.0  5757.0
 55.7827 18.3060  174   0.20  -4.40  39.00  -449.0  5754.0
 55.7827 18.3061  175   0.20  -4.40  39.00  -448.0  5751.0
 55.7827 18.3060  176   0.20  -4.40  39.00  -443.0  5750.0
 55.7827 18.3060  177   0.20  -4.40  39.00  -439.0  5760.0
 55.7827 18.3061  178   0.20  -4.40  39.00  -443.0  5764.0
 55.7827 18.3061  179   0.20  -4.40  39.00  -447.0  5753.0
 55.7827 18.3061  180   0.20  -4.40  39.00  -446.0  5763.0
 55.7827 18.3061  181   0.20  -4.40  39.00  -443.0  5754.0
 55.7827 18.3061  182   0.20  -4.40  39.00  -435.0  5755.0
 55.7827 18.3061  183   0.20  -4.40  39.00  -450.0  5757.0
 55.7827 18.3061  184   0.20  -4.40  39.00  -447.0  5757.0
 55.7827 18.3061  185   0.20  -4.40  39.00  -446.0  5758.0
 55.7827 18.3061  186   0.20  -4.40  39.00  -451.0  5759.0
 55.7827 18.3061  187   0.20  -4.40  39.00  -443.0  5753.0
 55.7827 18.3061  188   0.20  -4.40  39.00  -444.0  5766.0
 55.7827 18.3061  189   0.20  -4.40  39.00  -450.0  5750.0
 55.7827 18.3061  190   0.20  -4.40  39.00  -447.0  5748.0
 55.7827 18.3061  191   0.20  -4.40  39.00  -444.0  5753.0
 55.7827 18.3061  192   0.20  -4.40  39.00  -446.0  5760.0
 55.7827 18.3061  193   0.20  -4.40  39.00  -446.0  5762.0
 55.7827 18.3060  194   0.20  -4.40  39.00  -442.0  5755.0
 55.7827 18.3060  195   0.20  -4.40  39.00  -449.0  5753.0
 55.7827 18.3061  196   0.20  -4.40  39.00  -439.0  5757.0
 55.7827 18.3061  197   0.20  -4.40  39.00  -447.0  5763.0
 55.7827 18.3061  198   0.20  -4.40  39.00  -442.0  5751.0
 55.7827 18.3061  199   0.20  -4.40  39.00  -451.0  5757.0
 55.7827 18.3061  200   0.20  -4.40  39.00  -442.0  5757.0
 55.7827 18.3061  201   0.20  -4.40  39.00  -443.0  5760.0
 55.7827 18.3061  202   0.20  -4.40  39.00  -447.0  5749.0
 55.7827 18.3061  203   0.20  -4.40  39.00  -447.0  5758.0
 55.7827 18.3061  204   0.20  -4.40  39.00  -443.0  5763.0
 55.7827 18.3061  205   0.20  -4.40  39.00  -450.0  5757.0
 55.7827 18.3061  206   0.20  -4.40  39.00  -452.0  5754.0
 55.7827 18.3061  207   0.20  -4.40  39.00  -445.0  5766.0
 55.7827 18.3061  208   0.20  -4.40  39.00  -448.0  5765.0
 55.7827 18.3061  209   0.20  -4.40  39.00  -455.0  5858.0
 55.7827 18.3061  210   0.20  -4.40  39.00  -457.0  5859.0
 55.7827 18.3061  211   0.20  -4.40  39.00  -454.0  5857.0
 55.7827 18.3061  212   0.20  -4.40  39.00  -453.0  5858.0
 55.7827 18.3061  213   0.20  -4.40  39.00  -456.0  5861.0
 55.7827 18.3061  214   0.20  -4.40  39.00  -452.0  5857.0
 55.7827 18.3061  215   0.20  -4.40  39.00  -455.0  5858.0
 55.7827 18.3061  216   0.20  -4.40  39.00  -453.0  5846.0
 55.7827 18.3061  217   0.20  -4.40  39.00  -449.0  5859.0
 55.7827 18.3061  218   0.20  -4.40  39.00  -455.0  5853.0
 55.7827 18.3061  219   0.20  -4.40  39.00  -455.0  5861.0
 55.7827 18.3061  220   0.20  -4.40  39.00  -447.0  5851.0
 55.7827 18.3061  221   0.20  -4.40  39.00  -449.0  5857.0
 55.7827 18.3061  222   0.20  -4.40  39.00  -451.0  5860.0
 55.7827 18.3061  223   0.20  -4.40  39.00  -451.0  5857.0
 55.7827 18.3061  224   0.20  -4.40  39.00  -451.0  5845.0
 55.7827 18.3061  225   0.20  -4.40  39.00  -455.0  5860.0
 55.7827 18.3061  226   0.20  -4.40  39.00  -449.0  5856.0
 55.7827 18.3061  227   0.20  -4.40  39.00  -449.0  5855.0
 55.7827 18.3061  228   0.20  -4.40  39.00  -455.0  5857.0
 55.7828 18.3060  229   0.20  -4.40  39.00  -454.0  5849.0
 55.7828 18.3060  230   0.20  -4.40  39.00  -459.0  5856.0
 55.7828 18.3060  231   0.20  -4.40  39.00  -455.0  5861.0
 55.7827 18.3061  232   0.20  -4.40  39.00  -447.0  5856.0
 55.7827 18.3061  233   0.20  -4.40  39.00  -459.0  5853.0
 55.7827 18.3061  234   0.20  -4.40  39.00  -449.0  5857.0
 55.7827 18.3061  235   0.20  -4.40  39.00  -454.0  5858.0
 55.7827 18.3061  236   0.20  -4.40  39.00  -455.0  5853.0
 55.7828 18.3061  237   0.20  -4.40  39.00  -457.0  5854.0
 55.7828 18.3061  238   0.20  -4.40  39.00  -453.0  5858.0
 55.7827 18.3060  239   0.20  -4.40  39.00  -452.0  5851.0
 55.7827 18.3060  240   0.20  -4.40  39.00  -448.0  5856.0
 55.7827 18.3060  241   0.20  -4.40  39.00  -457.0  5853.0
 55.7827 18.3060  242   0.20  -4.40  39.00  -448.0  5853.0
 55.7827 18.3061  243   0.20  -4.40  39.00  -456.0  5851.0
 55.7827 18.3061  244   0.20  -4.40  39.00  -459.0  5874.0
 55.7827 18.3061  245   0.20  -4.40  39.00  -452.0  5850.0
 55.7827 18.3061  246   0.20  -4.40  39.00  -445.0  5858.0
 55.7827 18.3061  247   0.20  -4.40  39.00  -458.0  5848.0
 55.7827 18.3060  248   0.20  -4.40  39.00  -451.0  5851.0
 55.7827 18.3060  249   0.20  -4.40  39.00  -459.0  5855.0
 55.7827 18.3060  250   0.20  -4.40  39.00  -451.0  5851.0
 55.7827 18.3061  251   0.20  -4.40  39.00  -440.0  5850.0
 55.7827 18.3061  252   0.20  -4.40  39.00  -443.0 -5785.0
 55.7827 18.3061  253   0.20  -4.40  39.00  -443.0 -5782.0
 55.7827 18.3061  254   0.20  -4.40  39.00  -427.0 -5787.0
 55.7827 18.3061  255   0.20  -4.40  39.00  -442.0 -5779.0
 55.7827 18.3061  256   0.20  -4.40  39.00  -437.0 -5784.0
 55.7827 18.3061  257   0.20  -4.40  39.00  -443.0 -5783.0
 55.7827 18.3061  258   0.20  -4.40  39.00  -447.0 -5783.0
 55.7827 18.3061  259   0.20  -4.40  39.00  -438.0 -5778.0
 55.7827 18.3061  260   0.20  -4.40  39.00  -439.0 -5785.0
 55.7827 18.3061  261   0.20  -4.40  39.00  -440.0 -5781.0
 55.7827 18.3061  262   0.20  -4.40  39.00  -447.0 -5778.0
 55.7827 18.3061  263   0.20  -4.40  39.00  -443.0 -5774.0
 55.7827 18.3061  264   0.20  -4.40  39.00  -440.0 -5781.0
 55.7827 18.3061  265   0.20  -4.40  39.00  -441.0 -5783.0
 55.7827 18.3061  266   0.20  -4.40  39.00  -444.0 -5778.0
 55.7827 18.3061  267   0.20  -4.40  39.00  -440.0 -5783.0
 55.7827 18.3061  268   0.20  -4.40  39.00  -443.0 -5771.0
 55.7827 18.3061  269   0.20  -4.40  39.00  -451.0 -5785.0
 55.7827 18.3061  270   0.20  -4.40  39.00  -441.0 -5780.0
 55.7827 18.3061  271   0.20  -4.40  39.00  -439.0 -5769.0
 55.7827 18.3061  272   0.20  -4.40  39.00  -444.0 -5781.0
 55.7827 18.3061  273   0.20  -4.40  39.00  -443.0 -5783.0
 55.7827 18.3061  274   0.20  -4.40  39.00  -442.0 -5781.0
 55.7827 18.3061  275   0.20  -4.40  39.00  -451.0 -5769.0
 55.7827 18.3061  276   0.20  -4.40  39.00  -439.0 -5779.0
 55.7827 18.3061  277   0.20  -4.40  39.00  -442.0 -5777.0
 55.7827 18.3061  278   0.20  -4.40  39.00  -447.0 -5766.0
 55.7827 18.3061  279   0.20  -4.40  39.00  -453.0 -5766.0
 55.7827 18.3061  280   0.20  -4.40  39.00  -442.0 -5774.0
 55.7827 18.3061  281   0.20  -4.40  39.00  -448.0 -5582.0
 55.7827 18.3061  282   0.20  -4.40  39.00  -455.0 -5587.0
 55.7827 18.3061  283   0.20  -4.40  39.00  -447.0 -5582.0
 55.7827 18.3061  284   0.20  -4.40  39.00  -444.0 -5586.0
 55.7827 18.3061  285   0.20  -4.40  39.00  -443.0 -5582.0
 55.7827 18.3061  286   0.20  -4.40  39.00  -441.0 -5585.0
 55.7827 18.3061  287   0.20  -4.40  39.00  -445.0 -5591.0
 55.7827 18.3061  288   0.20  -4.40  39.00  -452.0 -5579.0
 55.7827 18.3061  289   0.20  -4.40  39.00  -445.0 -5582.0
 55.7827 18.3061  290   0.20  -4.40  39.00  -444.0 -5588.0
 55.7827 18.3061  291   0.20  -4.40  39.00  -454.0 -5585.0
 55.7827 18.3061  292   0.20  -4.40  39.00  -443.0 -5585.0
 55.7827 18.3061  293   0.20  -4.40  39.00  -447.0 -5581.0
 55.7827 18.3061  294   0.20  -4.40  39.00  -445.0 -5582.0
 55.7827 18.3061  295   0.20  -4.40  39.00  -448.0 -5575.0
 55.7827 18.3061  296   0.20  -4.40  39.00  -449.0 -5579.0
 55.7827 18.3061  297   0.20  -4.40  39.00  -452.0 -5583.0
 55.7827 18.3061  298   0.20  -4.40  39.00  -445.0 -5579.0
 55.7827 18.3060  299   0.20  -4.40  39.00  -443.0 -5570.0
 55.7827 18.3061  300   0.20  -4.40  39.00  -449.0 -5589.0
 55.7827 18.3061  301   0.20  -4.40  39.00  -446.0 -5581.0
 55.7827 18.3059  302   0.20  -4.40  39.00  -451.0 -5588.0
 55.7827 18.3059  303   0.20  -4.40  39.00  -445.0 -5585.0
 55.7827 18.3059  304   0.20  -4.40  39.00  -445.0 -5581.0
 55.7827 18.3061  305   0.20  -4.40  39.00  -439.0 -5585.0
 55.7828 18.3060  306   0.20  -4.40  39.00  -453.0 -5576.0
 55.7828 18.3060  307   0.20  -4.40  39.00  -448.0 -5587.0
 55.7828 18.3060  308   0.20  -4.40  39.00  -440.0 -5582.0
 55.7828 18.3061  309   0.20  -4.40  39.00  -439.0 -5578.0
 55.7828 18.3061  310   0.20  -4.40  39.00  -446.0 -5575.0
 55.7827 18.3060  311   0.20  -4.40  39.00  -455.0 -5579.0
 55.7827 18.3060  312   0.20  -4.40  39.00  -444.0 -5582.0
 55.7827 18.3061  313   0.20  -4.40  39.00  -447.0 -5585.0
 55.7827 18.3061  314   0.20  -4.40  39.00  -444.0 -5578.0
 55.7827 18.3061  315   0.20  -4.40  39.00  -447.0 -5583.0
 55.7827 18.3061  316   0.20  -4.40  39.00  -449.0 -5581.0
 55.7827 18.3061  317   0.20  -4.40  39.00  -449.0 -5579.0
 55.7827 18.3061  318   0.20  -4.40  39.00  -443.0 -5573.0
 55.7827 18.3061  319   0.20  -4.40  39.00  -445.0 -5582.0
 55.7827 18.3061  320   0.20  -4.40  39.00  -445.0 -5576.0
 55.7827 18.3061  321   0.20  -4.40  39.00  -445.0 -5577.0
 55.7827 18.3061  322   0.20  -4.40  39.00  -448.0 -5579.0
 55.7827 18.3061  323   0.20  -4.40  39.00  -427.0 -5579.0
 55.7827 18.3061  324   0.20  -4.40  39.00  -441.0 -5279.0
 55.7827 18.3061  325   0.20  -4.40  39.00  -439.0 -5283.0
 55.7827 18.3061  326   0.20  -4.40  39.00  -433.0 -5283.0
 55.7827 18.3061  327   0.20  -4.40  39.00  -435.0 -5276.0
 55.7827 18.3061  328   0.20  -4.40  39.00  -438.0 -5283.0
 55.7827 18.3061  329   0.20  -4.40  39.00  -433.0 -5267.0
 55.7827 18.3061  330   0.20  -4.40  39.00  -433.0 -5282.0
 55.7827 18.3061  331   0.20  -4.40  39.00  -437.0 -5275.0
 55.7827 18.3061  332   0.20  -4.40  39.00  -435.0 -5272.0
 55.7827 18.3061  333   0.20  -4.40  39.00  -440.0 -5274.0
 55.7827 18.3061  334   0.20  -4.40  39.00  -435.0 -5278.0
 55.7827 18.3061  335   0.20  -4.40  39.00  -441.0 -5274.0
 55.7827 18.3061  336   0.20  -4.40  39.00  -437.0 -5276.0
 55.7827 18.3061  337   0.20  -4.40  39.00  -446.0 -5283.0
 55.7827 18.3061  338   0.20  -4.40  39.00  -441.0 -5277.0
 55.7827 18.3061  339   0.20  -4.40  39.00  -437.0 -5279.0
 55.7827 18.3061  340   0.20  -4.40  39.00  -430.0 -5279.0
 55.7827 18.3061  341   0.20  -4.40  39.00  -431.0 -5277.0
 55.7827 18.3061  342   0.20  -4.40  39.00  -437.0 -5283.0
 55.7827 18.3061  343   0.20  -4.40  39.00  -439.0 -5278.0
 55.7827 18.3061  344   0.20  -4.40  39.00  -435.0 -5275.0
 55.7827 18.3061  345   0.20  -4.40  39.00  -437.0 -5280.0
 55.7827 18.3061  346   0.20  -4.40  39.00  -436.0 -5278.0
 55.7827 18.3061  347   0.20  -4.40  39.00  -441.0 -5278.0
 55.7827 18.3061  348   0.20  -4.40  39.00  -433.0 -5272.0
 55.7827 18.3061  349   0.20  -4.40  39.00  -443.0 -5279.0
 55.7827 18.3061  350   0.20  -4.40  39.00  -437.0 -5270.0
 55.7827 18.3061  351   0.20  -4.40  39.00  -447.0 -5278.0
 55.7827 18.3061  352   0.20  -4.40  39.00  -441.0 -5279.0
 55.7827 18.3061  353   0.20  -4.40  39.00  -437.0 -5264.0
 55.7827 18.3061  354   0.20  -4.40  39.00  -433.0 -5280.0
 55.7827 18.3061  355   0.20  -4.40  39.00  -439.0 -5275.0
 55.7827 18.3061  356   0.20  -4.40  39.00  -445.0 -5272.0
 55.7827 18.3061  357   0.20  -4.40  39.00  -439.0 -5276.0
 55.7827 18.3061  358   0.20  -4.40  39.00  -441.0 -5280.0
 55.7827 18.3061  359   0.20  -4.40  39.00  -440.0 -5278.0
 55.7827 18.3061  360   0.20  -4.40  39.00  -431.0 -5275.0
 55.7827 18.3061  361   0.20  -4.40  39.00  -433.0 -5282.0
 55.7827 18.3061  362   0.20  -4.40  39.00  -441.0 -5275.0
 55.7827 18.3061  363   0.20  -4.40  39.00  -441.0 -5267.0
 55.7827 18.3061  364   0.20  -4.40  39.00  -429.0 -5275.0
 55.7827 18.3061  365   0.20  -4.40  39.00  -441.0 -5275.0
 55.7827 18.3061  366   0.20  -4.40  39.00  -436.0 -5273.0
 55.7827 18.3061  367   0.20  -4.40  39.00  -442.0 -4949.0
 55.7827 18.3061  368   0.20  -4.40  39.00  -435.0 -4943.0
 55.7827 18.3061  369   0.20  -4.40  39.00  -435.0 -4945.0
 55.7827 18.3061  370   0.20  -4.40  39.00  -431.0 -4945.0
 55.7827 18.3061  371   0.20  -4.40  39.00  -438.0 -4946.0
 55.7827 18.3061  372   0.20  -4.40  39.00  -440.0 -4947.0
 55.7827 18.3061  373   0.20  -4.40  39.00  -437.0 -4945.0
 55.7827 18.3061  374   0.20  -4.40  39.00  -436.0 -4959.0
 55.7827 18.3061  375   0.20  -4.40  39.00  -441.0 -4942.0
 55.7827 18.3061  376   0.20  -4.40  39.00  -437.0 -4948.0
 55.7827 18.3061  377   0.20  -4.40  39.00  -440.0 -4950.0
 55.7827 18.3060  378   0.20  -4.40  39.00  -439.0 -4949.0
 55.7827 18.3060  379   0.20  -4.40  39.00  -439.0 -4943.0
 55.7827 18.3061  380   0.20  -4.40  39.00  -437.0 -4940.0
 55.7827 18.3061  381   0.20  -4.40  39.00  -441.0 -4947.0
 55.7826 18.3061  382   0.20  -4.40  39.00  -443.0 -4950.0
 55.7826 18.3061  383   0.20  -4.40  39.00  -446.0 -4940.0
 55.7827 18.3060  384   0.20  -4.40  39.00  -434.0 -4947.0
 55.7828 18.3061  385   0.20  -4.40  39.00  -437.0 -4953.0
 55.7828 18.3061  386   0.20  -4.40  39.00  -449.0 -4943.0
 55.7828 18.3060  387   0.20  -4.40  39.00  -439.0 -4940.0
 55.7828 18.3060  388   0.20  -4.40  39.00  -437.0 -4951.0
 55.7828 18.3060  389   0.20  -4.40  39.00  -439.0 -4947.0
 55.7827 18.3061  390   0.20  -4.40  39.00  -437.0 -4946.0
 55.7827 18.3061  391   0.20  -4.40  39.00  -445.0 -4950.0
 55.7827 18.3061  392   0.20  -4.40  39.00  -437.0 -4949.0
 55.7827 18.3061  393   0.20  -4.40  39.00  -437.0 -4945.0
 55.7827 18.3061  394   0.20  -4.40  39.00  -442.0 -4940.0
 55.7827 18.3061  395   0.20  -4.40  39.00  -437.0 -4951.0
 55.7827 18.3061  396   0.20  -4.40  39.00  -434.0 -4945.0
 55.7827 18.3061  397   0.20  -4.40  39.00  -442.0 -4947.0
 55.7827 18.3061  398   0.20  -4.40  39.00  -437.0 -4951.0
 55.7827 18.3061  399   0.20  -4.40  39.00  -441.0 -4951.0
 55.7827 18.3061  400   0.20  -4.40  39.00  -437.0 -4957.0
 55.7827 18.3061  401   0.20  -4.40  39.00  -438.0 -4943.0
 55.7827 18.3061  402   0.20  -4.40  39.00  -434.0 -4947.0
 55.7827 18.3061  403   0.20  -4.40  39.00  -442.0 -4935.0
 55.7827 18.3061  404   0.20  -4.40  39.00  -440.0 -4946.0
 55.7827 18.3061  405   0.20  -4.40  39.00  -451.0 -4950.0
 55.7827 18.3061  406   0.20  -4.40  39.00  -440.0 -4462.0
 55.7827 18.3061  407   0.20  -4.40  39.00  -449.0 -4463.0
 55.7827 18.3061  408   0.20  -4.40  39.00  -449.0 -4461.0
 55.7827 18.3061  409   0.20  -4.40  39.00  -444.0 -4465.0
 55.7827 18.3061  410   0.20  -4.40  39.00  -441.0 -4465.0
 55.7827 18.3061  411   0.20  -4.40  39.00  -453.0 -4465.0
 55.7827 18.3061  412   0.20  -4.40  39.00  -439.0 -4467.0
 55.7827 18.3061  413   0.20  -4.40  39.00  -448.0 -4467.0
 55.7827 18.3061  414   0.20  -4.40  39.00  -451.0 -4465.0
 55.7827 18.3061  415   0.20  -4.40  39.00  -447.0 -4468.0
 55.7827 18.3061  416   0.20  -4.40  39.00  -447.0 -4462.0
 55.7827 18.3061  417   0.20  -4.40  39.00  -447.0 -4469.0
 55.7827 18.3061  418   0.20  -4.40  39.00  -451.0 -4471.0
 55.7827 18.3061  419   0.20  -4.40  39.00  -452.0 -4468.0
 55.7827 18.3061  420   0.20  -4.40  39.00  -448.0 -4465.0
 55.7827 18.3061  421   0.20  -4.40  39.00  -443.0 -4470.0
 55.7827 18.3061  422   0.20  -4.40  39.00  -453.0 -4463.0
 55.7827 18.3061  423   0.20  -4.40  39.00  -453.0 -4465.0
 55.7827 18.3061  424   0.20  -4.40  39.00  -449.0 -4467.0
 55.7827 18.3061  425   0.20  -4.40  39.00  -447.0 -4465.0
 55.7827 18.3061  426   0.20  -4.40  39.00  -446.0 -4468.0
 55.7827 18.3061  427   0.20  -4.40  39.00  -447.0 -4467.0
 55.7827 18.3061  428   0.20  -4.40  39.00  -437.0 -4463.0
 55.7827 18.3061  429   0.20  -4.40  39.00  -447.0 -4462.0
 55.7827 18.3061  430   0.20  -4.40  39.00  -450.0 -4457.0
 55.7827 18.3061  431   0.20  -4.40  39.00  -452.0 -4466.0
 55.7827 18.3061  432   0.20  -4.40  39.00  -447.0 -4463.0
 55.7827 18.3061  433   0.20  -4.40  39.00  -449.0 -4468.0
 55.7827 18.3061  434   0.20  -4.40  39.00  -448.0 -4473.0
 55.7827 18.3061  435   0.20  -4.40  39.00  -451.0 -4469.0
 55.7827 18.3061  436   0.20  -4.40  39.00  -446.0 -4452.0
 55.7827 18.3061  437   0.20  -4.40  39.00  -447.0 -4470.0
 55.7827 18.3061  438   0.20  -4.40  39.00  -447.0 -4467.0
 55.7827 18.3061  439   0.20  -4.40  39.00  -451.0 -4465.0
 55.7827 18.3061  440   0.20  -4.40  39.00  -450.0 -4473.0
 55.7827 18.3061  441   0.20  -4.40  39.00  -447.0 -4469.0
 55.7827 18.3061  442   0.20  -4.40  39.00  -451.0 -4460.0
 55.7827 18.3061  443   0.20  -4.40  39.00  -443.0 -4467.0
 55.7827 18.3061  444   0.20  -4.40  39.00  -446.0 -4467.0
 55.7827 18.3061  445   0.20  -4.40  39.00  -443.0 -4460.0
 55.7827 18.3061  446   0.20  -4.40  39.00  -441.0 -4462.0
 55.7827 18.3061  447   0.20  -4.40  39.00  -445.0 -4465.0
 55.7827 18.3061  448   0.20  -4.40  39.00  -454.0 -4466.0
 55.7827 18.3061  449   0.20  -4.40  39.00  -449.0 -4456.0
 55.7827 18.3061  450   0.20  -4.40  39.00  -449.0 -4454.0
 55.7827 18.3061  451   0.20  -4.40  39.00  -450.0 -4443.0
 55.7827 18.3061  452   0.20  -4.40  39.00  -443.0 -4453.0
 55.7827 18.3061  453   0.20  -4.40  39.00  -445.0 -4453.0
 55.7827 18.3061  454   0.20  -4.40  39.00  -454.0 -4455.0
 55.7827 18.3061  455   0.20  -4.40  39.00  -448.0 -4446.0
 55.7827 18.3061  456   0.20  -4.40  39.00  -454.0 -4455.0
 55.7827 18.3061  457   0.20  -4.40  39.00  -449.0 -4447.0
 55.7827 18.3061  458   0.20  -4.40  39.00  -457.0 -4452.0
 55.7828 18.3060  459   0.20  -4.40  39.00  -450.0 -4451.0
 55.7828 18.3060  460   0.20  -4.40  39.00  -450.0 -4451.0
 55.7827 18.3061  461   0.20  -4.40  39.00  -447.0 -4456.0
 55.7827 18.3061  462   0.20  -4.40  39.00  -451.0 -4451.0
 55.7827 18.3061  463   0.20  -4.40  39.00  -449.0 -4447.0
 55.7827 18.3061  464   0.20  -4.40  39.00  -449.0 -4452.0
 55.7827 18.3061  465   0.20  -4.40  39.00  -457.0 -4453.0
 55.7828 18.3061  466   0.20  -4.40  39.00  -453.0 -4455.0
 55.7828 18.3061  467   0.20  -4.40  39.00  -445.0 -4452.0
 55.7828 18.3061  468   0.20  -4.40  39.00  -451.0 -4450.0
 55.7828 18.3060  469   0.20  -4.40  39.00  -455.0 -4471.0
 55.7828 18.3060  470   0.20  -4.40  39.00  -455.0 -4447.0
 55.7827 18.3061  471   0.20  -4.40  39.00  -447.0 -4455.0
 55.7827 18.3061  472   0.20  -4.40  39.00  -455.0 -4449.0
 55.7827 18.3061  473   0.20  -4.40  39.00  -451.0 -4450.0
 55.7827 18.3061  474   0.20  -4.40  39.00  -449.0 -4454.0
 55.7827 18.3061  475   0.20  -4.40  39.00  -446.0 -4455.0
 55.7827 18.3061  476   0.20  -4.40  39.00  -455.0 -4458.0
 55.7827 18.3061  477   0.20  -4.40  39.00  -451.0 -4450.0
 55.7827 18.3061  478   0.20  -4.40  39.00  -454.0 -4454.0
 55.7827 18.3061  479   0.20  -4.40  39.00  -449.0 -4447.0
 55.7827 18.3061  480   0.20  -4.40  39.00  -451.0 -4451.0
 55.7827 18.3061  481   0.20  -4.40  39.00  -454.0 -4451.0
 55.7827 18.3061  482   0.20  -4.40  39.00  -449.0 -4453.0
 55.7827 18.3061  483   0.20  -4.40  39.00  -454.0 -4451.0
 55.7827 18.3061  484   0.20  -4.40  39.00  -447.0 -4453.0
 55.7827 18.3061  485   0.20  -4.40  39.00  -451.0 -4453.0
 55.7827 18.3061  486   0.20  -4.40  39.00  -445.0 -4457.0
 55.7827 18.3061  487   0.20  -4.40  39.00  -415.0 -4452.0
 55.7827 18.3061  488   0.20  -4.40  39.00  -425.0 -4480.0
 55.7827 18.3061  489   0.20  -4.40  39.00  -418.0 -4471.0
 55.7827 18.3061  490   0.20  -4.40  39.00  -424.0 -4471.0
 55.7827 18.3061  491   0.20  -4.40  39.00  -427.0 -4475.0
 55.7827 18.3061  492   0.20  -4.40  39.00  -421.0 -4473.0
 55.7827 18.3061  493   0.20  -4.40  39.00  -419.0 -4474.0
 55.7827 18.3061  494   0.20  -4.40  39.00  -422.0 -4479.0
 55.7827 18.3061  495   0.20  -4.40  39.00  -422.0 -4472.0
 55.7827 18.3061  496   0.20  -4.40  39.00  -422.0 -4477.0
 55.7827 18.3061  497   0.20  -4.40  39.00  -423.0 -4475.0
 55.7827 18.3061  498   0.20  -4.40  39.00  -418.0 -4473.0
 55.7827 18.3061  499   0.20  -4.40  39.00  -420.0 -4481.0
 55.7827 18.3061  500   0.20  -4.40  39.00  -425.0 -4469.0
 55.7827 18.3061  501   0.20  -4.40  39.00  -428.0 -4472.0
 55.7827 18.3061  502   0.20  -4.40  39.00  -420.0 -4475.0
 55.7827 18.3061  503   0.20  -4.40  39.00  -415.0 -4477.0
 55.7827 18.3061  504   0.20  -4.40  39.00  -425.0 -4479.0
 55.7827 18.3061  505   0.20  -4.40  39.00  -416.0 -4475.0
 55.7827 18.3061  506   0.20  -4.40  39.00  -419.0 -4475.0
 55.7827 18.3061  507   0.20  -4.40  39.00  -423.0 -4473.0
 55.7827 18.3061  508   0.20  -4.40  39.00  -425.0 -4476.0
 55.7827 18.3061  509   0.20  -4.40  39.00  -427.0 -4478.0
 55.7827 18.3061  510   0.20  -4.40  39.00  -423.0 -4469.0
 55.7827 18.3061  511   0.20  -4.40  39.00  -422.0 -4480.0
 55.7827 18.3061  512   0.20  -4.40  39.00  -421.0 -4477.0
 55.7827 18.3061  513   0.20  -4.40  39.00  -419.0 -4478.0
 55.7827 18.3061  514   0.20  -4.40  39.00  -422.0 -4481.0
 55.7827 18.3061  515   0.20  -4.40  39.00  -421.0 -4472.0
 55.7827 18.3061  516   0.20  -4.40  39.00  -423.0 -4472.0
 55.7827 18.3061  517   0.20  -4.40  39.00  -417.0 -4477.0
 55.7827 18.3061  518   0.20  -4.40  39.00  -417.0 -4481.0
 55.7827 18.3060  519   0.20  -4.40  39.00  -423.0 -4473.0
 55.7827 18.3060  520   0.20  -4.40  39.00  -421.0 -4471.0
 55.7827 18.3060  521   0.20  -4.40  39.00  -421.0 -4478.0
 55.7827 18.3061  522   0.20  -4.40  39.00  -419.0 -4476.0
 55.7827 18.3061  523   0.20  -4.40  39.00  -419.0 -4476.0
 55.7827 18.3061  524   0.20  -4.40  39.00  -419.0 -4479.0
 55.7827 18.3061  525   0.20  -4.40  39.00  -425.0 -4478.0
 55.7827 18.3061  526   0.20  -4.40  39.00  -425.0 -4474.0
 55.7827 18.3061  527   0.20  -4.40  39.00  -416.0 -4477.0
 55.7827 18.3061  528   0.20  -4.40  39.00  -421.0 -4475.0
 55.7827 18.3061  529   0.20  -4.40  39.00  -429.0 -4476.0
 55.7827 18.3061  530   0.20  -4.40  39.00  -410.0 -4469.0
 55.7827 18.3061  531   0.20  -4.40  39.00  -406.0 -4613.0
 55.7827 18.3061  532   0.20  -4.40  39.00  -406.0 -4607.0
 55.7827 18.3060  533   0.20  -4.40  39.00  -412.0 -4607.0
 55.7827 18.3060  534   0.20  -4.40  39.00  -405.0 -4604.0
 55.7827 18.3061  535   0.20  -4.40  39.00  -409.0 -4604.0
 55.7827 18.3061  536   0.20  -4.40  39.00  -413.0 -4605.0
 55.7827 18.3061  537   0.20  -4.40  39.00  -405.0 -4610.0
 55.7827 18.3061  538   0.20  -4.40  39.00  -411.0 -4611.0
 55.7827 18.3061  539   0.20  -4.40  39.00  -413.0 -4613.0
 55.7827 18.3061  540   0.20  -4.40  39.00  -407.0 -4604.0
 55.7827 18.3060  541   0.20  -4.40  39.00  -406.0 -4599.0
 55.7827 18.3060  542   0.20  -4.40  39.00  -406.0 -4608.0
 55.7827 18.3061  543   0.20  -4.40  39.00  -401.0 -4606.0
 55.7827 18.3061  544   0.20  -4.40  39.00  -407.0 -4608.0
 55.7827 18.3061  545   0.20  -4.40  39.00  -411.0 -4611.0
 55.7827 18.3061  546   0.20  -4.40  39.00  -406.0 -4607.0
 55.7827 18.3061  547   0.20  -4.40  39.00  -412.0 -4610.0
 55.7827 18.3061  548   0.20  -4.40  39.00  -405.0 -4614.0
 55.7827 18.3060  549   0.20  -4.40  39.00  -409.0 -4611.0
 55.7827 18.3060  550   0.20  -4.40  39.00  -406.0 -4611.0
 55.7827 18.3061  551   0.20  -4.40  39.00  -413.0 -4612.0
 55.7827 18.3061  552   0.20  -4.40  39.00  -411.0 -4599.0
 55.7827 18.3061  553   0.20  -4.40  39.00  -406.0 -4608.0
 55.7827 18.3061  554   0.20  -4.40  39.00  -413.0 -4609.0
 55.7827 18.3061  555   0.20  -4.40  39.00  -410.0 -4610.0
 55.7827 18.3061  556   0.20  -4.40  39.00  -413.0 -4610.0
 55.7827 18.3061  557   0.20  -4.40  39.00  -405.0 -4604.0
 55.7827 18.3061  558   0.20  -4.40  39.00  -411.0 -4603.0
 55.7827 18.3061  559   0.20  -4.40  39.00  -408.0 -4611.0
 55.7827 18.3061  560   0.20  -4.40  39.00  -415.0 -4615.0
 55.7827 18.3061  561   0.20  -4.40  39.00  -413.0 -4601.0
 55.7827 18.3061  562   0.20  -4.40  39.00  -410.0 -4606.0
 55.7827 18.3061  563   0.20  -4.40  39.00  -405.0 -4614.0
 55.7827 18.3061  564   0.20  -4.40  39.00  -408.0 -4607.0
 55.7827 18.3061  565   0.20  -4.40  39.00  -413.0 -4609.0
 55.7827 18.3061  566   0.20  -4.40  39.00  -409.0 -4619.0
 55.7827 18.3061  567   0.20  -4.40  39.00  -411.0 -4605.0
 55.7827 18.3061  568   0.20  -4.40  39.00  -408.0 -4605.0
 55.7827 18.3061  569   0.20  -4.40  39.00  -401.0 -4602.0
 55.7827 18.3061  570   0.20  -4.40  39.00  -403.0 -5030.0
 55.7827 18.3061  571   0.20  -4.40  39.00  -405.0 -5034.0
 55.7827 18.3061  572   0.20  -4.40  39.00  -405.0 -5034.0
 55.7827 18.3061  573   0.20  -4.40  39.00  -397.0 -5037.0
 55.7827 18.3061  574   0.20  -4.40  39.00  -402.0 -5037.0
 55.7827 18.3061  575   0.20  -4.40  39.00  -401.0 -5043.0
 55.7827 18.3061  576   0.20  -4.40  39.00  -405.0 -5031.0
 55.7827 18.3061  577   0.20  -4.40  39.00  -398.0 -5036.0
 55.7827 18.3061  578   0.20  -4.40  39.00  -404.0 -5025.0
 55.7827 18.3061  579   0.20  -4.40  39.00  -399.0 -5038.0
 55.7827 18.3061  580   0.20  -4.40  39.00  -405.0 -5037.0
 55.7827 18.3061  581   0.20  -4.40  39.00  -401.0 -5041.0
 55.7827 18.3061  582   0.20  -4.40  39.00  -403.0 -5046.0
 55.7827 18.3061  583   0.20  -4.40  39.00  -398.0 -5035.0
 55.7827 18.3061  584   0.20  -4.40  39.00  -395.0 -5041.0
 55.7827 18.3061  585   0.20  -4.40  39.00  -392.0 -5039.0
 55.7827 18.3061  586   0.20  -4.40  39.00  -401.0 -5039.0
 55.7827 18.3061  587   0.20  -4.40  39.00  -402.0 -5024.0
 55.7827 18.3061  588   0.20  -4.40  39.00  -401.0 -5045.0
 55.7827 18.3061  589   0.20  -4.40  39.00  -405.0 -5033.0
 55.7827 18.3061  590   0.20  -4.40  39.00  -401.0 -5030.0
 55.7827 18.3061  591   0.20  -4.40  39.00  -405.0 -5037.0
 55.7827 18.3061  592   0.20  -4.40  39.00  -399.0 -5035.0
 55.7827 18.3061  593   0.20  -4.40  39.00  -405.0 -5032.0
 55.7827 18.3061  594   0.20  -4.40  39.00  -401.0 -5034.0
 55.7827 18.3061  595   0.20  -4.40  39.00  -403.0 -5041.0
 55.7827 18.3061  596   0.20  -4.40  39.00  -405.0 -5036.0
 55.7827 18.3061  597   0.20  -4.40  39.00  -398.0 -5035.0
 55.7827 18.3061  598   0.20  -4.40  39.00  -403.0 -5029.0
 55.7827 18.3061  599   0.20  -4.40  39.00  -403.0 -5044.0
 55.7827 18.3061  600   0.20  -4.40  39.00  -402.0 -5039.0
 55.7827 18.3061  601   0.20  -4.40  39.00  -405.0 -5031.0
 55.7827 18.3061  602   0.20  -4.40  39.00  -402.0 -5036.0
 55.7827 18.3061  603   0.20  -4.40  39.00  -405.0 -5041.0
 55.7827 18.3061  604   0.20  -4.40  39.00  -403.0 -5043.0
 55.7827 18.3061  605   0.20  -4.40  39.00  -398.0 -5028.0
 55.7827 18.3061  606   0.20  -4.40  39.00  -402.0 -5039.0
 55.7827 18.3061  607   0.20  -4.40  39.00  -399.0 -5045.0
 55.7827 18.3061  608   0.20  -4.40  39.00  -405.0 -5029.0
 55.7827 18.3061  609   0.20  -4.40  39.00  -391.0 -5045.0
 55.7827 18.3060  610   0.20  -4.40  39.00  -401.0 -5036.0
 55.7827 18.3060  611   0.20  -4.40  39.00  -407.0 -5036.0
 55.7826 18.3061  612   0.20  -4.40  39.00  -406.0 -5038.0
 55.7826 18.3060  613   0.20  -4.40  39.00  -404.0 -5041.0
 55.7828 18.3060  614   0.20  -4.40  39.00  -409.0 -5048.0
 55.7828 18.3060  615   0.20  -4.40  39.00  -403.0 -5053.0
 55.7828 18.3061  616   0.20  -4.40  39.00  -405.0 -5055.0
 55.7828 18.3061  617   0.20  -4.40  39.00  -405.0 -5053.0
 55.7827 18.3059  618   0.20  -4.40  39.00  -401.0 -5045.0
 55.7827 18.3059  619   0.20  -4.40  39.00  -405.0 -5042.0
 55.7827 18.3062  620   0.20  -4.40  39.00  -405.0 -5046.0
 55.7827 18.3062  621   0.20  -4.40  39.00  -409.0 -5049.0
 55.7827 18.3061  622   0.20  -4.40  39.00  -406.0 -5049.0
 55.7827 18.3061  623   0.20  -4.40  39.00  -405.0 -5054.0
 55.7827 18.3061  624   0.20  -4.40  39.00  -403.0 -5047.0
 55.7827 18.3061  625   0.20  -4.40  39.00  -405.0 -5046.0
 55.7827 18.3060  626   0.20  -4.40  39.00  -413.0 -5045.0
 55.7827 18.3061  627   0.20  -4.40  39.00  -412.0 -5047.0
 55.7827 18.3061  628   0.20  -4.40  39.00  -405.0 -5051.0
 55.7827 18.3061  629   0.20  -4.40  39.00  -414.0 -5050.0
 55.7827 18.3061  630   0.20  -4.40  39.00  -405.0 -5047.0
 55.7827 18.3061  631   0.20  -4.40  39.00  -405.0 -5037.0
 55.7827 18.3061  632   0.20  -4.40  39.00  -412.0 -5056.0
 55.7827 18.3061  633   0.20  -4.40  39.00  -408.0 -5046.0
 55.7827 18.3061  634   0.20  -4.40  39.00  -403.0 -5064.0
 55.7827 18.3061  635   0.20  -4.40  39.00  -402.0 -5047.0
 55.7827 18.3061  636   0.20  -4.40  39.00  -406.0 -5047.0
 55.7827 18.3061  637   0.20  -4.40  39.00  -409.0 -5043.0
 55.7827 18.3061  638   0.20  -4.40  39.00  -403.0 -5043.0
 55.7827 18.3061  639   0.20  -4.40  39.00  -407.0 -5042.0
 55.7827 18.3061  640   0.20  -4.40  39.00  -405.0 -5051.0
 55.7827 18.3061  641   0.20  -4.40  39.00  -401.0 -5045.0
 55.7827 18.3060  642   0.20  -4.40  39.00  -408.0 -5053.0
 55.7827 18.3060  643   0.20  -4.40  39.00  -406.0 -5041.0
 55.7827 18.3061  644   0.20  -4.40  39.00  -403.0 -5048.0
 55.7827 18.3061  645   0.20  -4.40  39.00  -405.0 -5047.0
 55.7827 18.3061  646   0.20  -4.40  39.00  -399.0 -5049.0
 55.7827 18.3061  647   0.20  -4.40  39.00  -403.0 -5048.0
 55.7827 18.3061  648   0.20  -4.40  39.00  -407.0 -5051.0
 55.7827 18.3061  649   0.20  -4.40  39.00  -405.0 -5046.0
 55.7827 18.3061  650   0.20  -4.40  39.00  -403.0 -5043.0
 55.7827 18.3061  651   0.20  -4.40  39.00  -410.0 -5047.0
 55.7827 18.3061  652   0.20  -4.40  39.00  -401.0 -5045.0
 55.7827 18.3061  653   0.20  -4.40  39.00  -410.0 -5047.0
 55.7827 18.3061  654   0.20  -4.40  39.00  -416.0 -5047.0
 55.7827 18.3061  655   0.20  -4.40  39.00  -402.0 -5054.0
 55.7827 18.3061  656   0.20  -4.40  39.00  -398.0 -5058.0
 55.7827 18.3061  657   0.20  -4.40  39.00  -406.0 -5058.0
 55.7827 18.3061  658   0.20  -4.40  39.00  -403.0 -5057.0
 55.7827 18.3061  659   0.20  -4.40  39.00  -407.0 -5057.0
 55.7827 18.3061  660   0.20  -4.40  39.00  -401.0 -5061.0
 55.7827 18.3061  661   0.20  -4.40  39.00  -411.0 -5053.0
 55.7827 18.3060  662   0.20  -4.40  39.00  -410.0 -5054.0
 55.7827 18.3061  663   0.20  -4.40  39.00  -398.0 -5057.0
 55.7827 18.3061  664   0.20  -4.40  39.00  -411.0 -5054.0
 55.7827 18.3061  665   0.20  -4.40  39.00  -405.0 -5056.0
 55.7827 18.3061  666   0.20  -4.40  39.00  -402.0 -5059.0
 55.7827 18.3061  667   0.20  -4.40  39.00  -410.0 -5052.0
 55.7827 18.3061  668   0.20  -4.40  39.00  -407.0 -5055.0
 55.7827 18.3061  669   0.20  -4.40  39.00  -416.0 -5053.0
 55.7827 18.3061  670   0.20  -4.40  39.00  -409.0 -5054.0
 55.7827 18.3061  671   0.20  -4.40  39.00  -402.0 -5054.0
 55.7827 18.3061  672   0.20  -4.40  39.00  -410.0 -5063.0
 55.7827 18.3061  673   0.20  -4.40  39.00  -409.0 -5055.0
 55.7827 18.3061  674   0.20  -4.40  39.00  -409.0 -5055.0
 55.7827 18.3061  675   0.20  -4.40  39.00  -398.0 -5058.0
 55.7827 18.3061  676   0.20  -4.40  39.00  -411.0 -5049.0
 55.7827 18.3061  677   0.20  -4.40  39.00  -407.0 -5058.0
 55.7827 18.3061  678   0.20  -4.40  39.00  -407.0 -5059.0
 55.7827 18.3061  679   0.20  -4.40  39.00  -410.0 -5061.0
 55.7827 18.3061  680   0.20  -4.40  39.00  -411.0 -5050.0
 55.7827 18.3061  681   0.20  -4.40  39.00  -407.0 -5061.0
 55.7827 18.3061  682   0.20  -4.40  39.00  -403.0 -5059.0
 55.7827 18.3061  683   0.20  -4.40  39.00  -413.0 -5063.0
 55.7827 18.3061  684   0.20  -4.40  39.00  -407.0 -5056.0
 55.7827 18.3061  685   0.20  -4.40  39.00  -409.0 -5053.0
 55.7827 18.3061  686   0.20  -4.40  39.00  -413.0 -5056.0
 55.7827 18.3061  687   0.20  -4.40  39.00  -414.0 -5057.0
 55.7827 18.3061  688   0.20  -4.40  39.00  -408.0 -5051.0
 55.7827 18.3061  689   0.20  -4.40  39.00  -413.0 -5055.0
 55.7827 18.3059  690   0.20  -4.40  39.00  -414.0 -5059.0
 55.7827 18.3059  691   0.20  -4.40  39.00  -405.0 -5049.0
 55.7826 18.3062  692   0.20  -4.40  39.00  -405.0 -5051.0
 55.7826 18.3062  693   0.20  -4.40  39.00  -403.0 -5047.0
 55.7826 18.3060  694   0.20  -4.40  39.00  -398.0 -4881.0
 55.7827 18.3061  695   0.20  -4.40  39.00  -405.0 -4889.0
 55.7828 18.3059  696   0.20  -4.40  39.00  -401.0 -4886.0
 55.7828 18.3059  697   0.20  -4.40  39.00  -393.0 -4885.0
 55.7827 18.3061  698   0.20  -4.40  39.00  -393.0 -4889.0
 55.7827 18.3061  699   0.20  -4.40  39.00  -401.0 -4893.0
 55.7827 18.3061  700   0.20  -4.40  39.00  -405.0 -4887.0
 55.7827 18.3061  701   0.20  -4.40  39.00  -403.0 -4887.0
 55.7827 18.3061  702   0.20  -4.40  39.00  -396.0 -4887.0
 55.7827 18.3061  703   0.20  -4.40  39.00  -398.0 -4894.0
 55.7827 18.3061  704   0.20  -4.40  39.00  -389.0 -4887.0
 55.7827 18.3061  705   0.20  -4.40  39.00  -403.0 -4882.0
 55.7827 18.3060  706   0.20  -4.40  39.00  -395.0 -4881.0
 55.7827 18.3060  707   0.20  -4.40  39.00  -404.0 -4887.0
 55.7827 18.3061  708   0.20  -4.40  39.00  -403.0 -4886.0
 55.7827 18.3061  709   0.20  -4.40  39.00  -393.0 -4886.0
 55.7827 18.3061  710   0.20  -4.40  39.00  -401.0 -4889.0
 55.7827 18.3061  711   0.20  -4.40  39.00  -403.0 -4890.0
 55.7827 18.3061  712   0.20  -4.40  39.00  -403.0 -4892.0
 55.7827 18.3061  713   0.20  -4.40  39.00  -394.0 -4888.0
 55.7827 18.3061  714   0.20  -4.40  39.00  -394.0 -4890.0
 55.7827 18.3061  715   0.20  -4.40  39.00  -399.0 -4895.0
 55.7827 18.3061  716   0.20  -4.40  39.00  -397.0 -4891.0
 55.7827 18.3061  717   0.20  -4.40  39.00  -401.0 -4891.0
 55.7827 18.3061  718   0.20  -4.40  39.00  -395.0 -4891.0
 55.7827 18.3061  719   0.20  -4.40  39.00  -396.0 -4891.0
 55.7827 18.3061  720   0.20  -4.40  39.00  -407.0 -4888.0
 55.7827 18.3061  721   0.20  -4.40  39.00  -407.0 -4898.0
 55.7827 18.3061  722   0.20  -4.40  39.00  -398.0 -4891.0
 55.7827 18.3061  723   0.20  -4.40  39.00  -392.0 -4897.0
 55.7827 18.3061  724   0.20  -4.40  39.00  -397.0 -4881.0
 55.7827 18.3061  725   0.20  -4.40  39.00  -407.0 -4894.0
 55.7827 18.3060  726   0.20  -4.40  39.00  -401.0 -4890.0
 55.7827 18.3060  727   0.20  -4.40  39.00  -399.0 -4894.0
 55.7827 18.3061  728   0.20  -4.40  39.00  -401.0 -4886.0
 55.7827 18.3061  729   0.20  -4.40  39.00  -397.0 -4884.0
 55.7827 18.3061  730   0.20  -4.40  39.00  -401.0 -4895.0
 55.7827 18.3061  731   0.20  -4.40  39.00  -411.0 -4883.0
 55.7827 18.3061  732   0.20  -4.40  39.00  -412.0 -4895.0
 55.7827 18.3061  733   0.20  -4.40  39.00  -403.0 -4792.0
 55.7827 18.3061  734   0.20  -4.40  39.00  -408.0 -4793.0
 55.7827 18.3061  735   0.20  -4.40  39.00  -402.0 -4790.0
 55.7827 18.3061  736   0.20  -4.40  39.00  -409.0 -4789.0
 55.7827 18.3061  737   0.20  -4.40  39.00  -404.0 -4789.0
 55.7827 18.3061  738   0.20  -4.40  39.00  -410.0 -4785.0
 55.7827 18.3061  739   0.20  -4.40  39.00  -404.0 -4785.0
 55.7827 18.3061  740   0.20  -4.40  39.00  -403.0 -4790.0
 55.7827 18.3061  741   0.20  -4.40  39.00  -402.0 -4779.0
 55.7827 18.3061  742   0.20  -4.40  39.00  -401.0 -4788.0
 55.7827 18.3061  743   0.20  -4.40  39.00  -403.0 -4787.0
 55.7827 18.3061  744   0.20  -4.40  39.00  -407.0 -4794.0
 55.7827 18.3061  745   0.20  -4.40  39.00  -406.0 -4787.0
 55.7827 18.3061  746   0.20  -4.40  39.00  -405.0 -4790.0
 55.7827 18.3061  747   0.20  -4.40  39.00  -407.0 -4792.0
 55.7827 18.3061  748   0.20  -4.40  39.00  -403.0 -4787.0
 55.7827 18.3061  749   0.20  -4.40  39.00  -403.0 -4787.0
 55.7827 18.3061  750   0.20  -4.40  39.00  -407.0 -4783.0
 55.7827 18.3061  751   0.20  -4.40  39.00  -407.0 -4797.0
 55.7827 18.3061  752   0.20  -4.40  39.00  -401.0 -4786.0
 55.7827 18.3061  753   0.20  -4.40  39.00  -414.0 -4791.0
 55.7827 18.3061  754   0.20  -4.40  39.00  -404.0 -4798.0
 55.7827 18.3061  755   0.20  -4.40  39.00  -406.0 -4787.0
 55.7827 18.3061  756   0.20  -4.40  39.00  -405.0 -4789.0
 55.7827 18.3061  757   0.20  -4.40  39.00  -398.0 -4786.0
 55.7827 18.3061  758   0.20  -4.40  39.00  -406.0 -4788.0
 55.7827 18.3061  759   0.20  -4.40  39.00  -409.0 -4792.0
 55.7827 18.3061  760   0.20  -4.40  39.00  -414.0 -4787.0
 55.7827 18.3061  761   0.20  -4.40  39.00  -406.0 -4794.0
 55.7827 18.3061  762   0.20  -4.40  39.00  -401.0 -4785.0
 55.7827 18.3061  763   0.20  -4.40  39.00  -402.0 -4785.0
 55.7827 18.3061  764   0.20  -4.40  39.00  -401.0 -4789.0
 55.7827 18.3061  765   0.20  -4.40  39.00  -406.0 -4792.0
 55.7827 18.3061  766   0.20  -4.40  39.00  -407.0 -4799.0
 55.7827 18.3061  767   0.20  -4.40  39.00  -415.0 -4789.0
 55.7828 18.3061  768   0.20  -4.40  39.00  -410.0 -4796.0
 55.7828 18.3061  769   0.20  -4.40  39.00  -408.0 -4794.0
 55.7828 18.3060  770   0.20  -4.40  39.00  -403.0 -4787.0
 55.7827 18.3060  771   0.20  -4.40  39.00  -407.0 -4793.0
 55.7827 18.3060  772   0.20  -4.40  39.00  -399.0 -4789.0
 55.7827 18.3060  773   0.20  -4.40  39.00  -405.0 -4785.0
 55.7827 18.3061  774   0.20  -4.40  39.00  -405.0 -4785.0
 55.7827 18.3061  775   0.20  -4.40  39.00  -404.0 -4779.0
 55.7827 18.3061  776   0.20  -4.40  39.00  -396.0 -4301.0
 55.7827 18.3061  777   0.20  -4.40  39.00  -395.0 -4307.0
 55.7827 18.3061  778   0.20  -4.40  39.00  -403.0 -4303.0
 55.7827 18.3060  779   0.20  -4.40  39.00  -396.0 -4306.0
 55.7827 18.3060  780   0.20  -4.40  39.00  -405.0 -4305.0
 55.7827 18.3061  781   0.20  -4.40  39.00  -404.0 -4309.0
 55.7827 18.3061  782   0.20  -4.40  39.00  -399.0 -4301.0
 55.7827 18.3061  783   0.20  -4.40  39.00  -401.0 -4307.0
 55.7827 18.3061  784   0.20  -4.40  39.00  -395.0 -4305.0
 55.7827 18.3061  785   0.20  -4.40  39.00  -401.0 -4295.0
 55.7827 18.3061  786   0.20  -4.40  39.00  -401.0 -4299.0
 55.7827 18.3061  787   0.20  -4.40  39.00  -406.0 -4307.0
 55.7827 18.3061  788   0.20  -4.40  39.00  -401.0 -4309.0
 55.7827 18.3061  789   0.20  -4.40  39.00  -397.0 -4305.0
 55.7827 18.3061  790   0.20  -4.40  39.00  -403.0 -4305.0
 55.7827 18.3061  791   0.20  -4.40  39.00  -406.0 -4297.0
 55.7827 18.3061  792   0.20  -4.40  39.00  -399.0 -4301.0
 55.7827 18.3061  793   0.20  -4.40  39.00  -395.0 -4307.0
 55.7827 18.3061  794   0.20  -4.40  39.00  -403.0 -4302.0
 55.7827 18.3061  795   0.20  -4.40  39.00  -401.0 -4310.0
 55.7827 18.3061  796   0.20  -4.40  39.00  -395.0 -4305.0
 55.7827 18.3061  797   0.20  -4.40  39.00  -391.0 -4301.0
 55.7827 18.3061  798   0.20  -4.40  39.00  -403.0 -4302.0
 55.7827 18.3061  799   0.20  -4.40  39.00  -399.0 -4305.0
 55.7827 18.3061  800   0.20  -4.40  39.00  -402.0 -4305.0
 55.7827 18.3060  801   0.20  -4.40  39.00  -403.0 -4302.0
 55.7827 18.3060  802   0.20  -4.40  39.00  -401.0 -4310.0
 55.7827 18.3061  803   0.20  -4.40  39.00  -402.0 -4308.0
 55.7827 18.3061  804   0.20  -4.40  39.00  -403.0 -4306.0
 55.7827 18.3061  805   0.20  -4.40  39.00  -398.0 -4309.0
 55.7827 18.3061  806   0.20  -4.40  39.00  -402.0 -4301.0
 55.7827 18.3061  807   0.20  -4.40  39.00  -398.0 -4302.0
 55.7827 18.3061  808   0.20  -4.40  39.00  -406.0 -4307.0
 55.7827 18.3061  809   0.20  -4.40  39.00  -398.0 -4308.0
 55.7827 18.3061  810   0.20  -4.40  39.00  -401.0 -4308.0
 55.7827 18.3061  811   0.20  -4.40  39.00  -398.0 -4299.0
 55.7827 18.3061  812   0.20  -4.40  39.00  -406.0 -4308.0
 55.7827 18.3061  813   0.20  -4.40  39.00  -401.0 -4299.0
 55.7827 18.3061  814   0.20  -4.40  39.00  -408.0 -4307.0
 55.7827 18.3061  815   0.20  -4.40  39.00  -407.0 -4301.0
 55.7827 18.3061  816   0.20  -4.40  39.00  -402.0 -4299.0
 55.7827 18.3061  817   0.20  -4.40  39.00  -407.0 -4308.0
 55.7827 18.3061  818   0.20  -4.40  39.00  -398.0 -4299.0
 55.7827 18.3061  819   0.20  -4.40  39.00  -397.0 -4309.0
 55.7827 18.3061  820   0.20  -4.40  39.00  -401.0 -4049.0
 55.7827 18.3061  821   0.20  -4.40  39.00  -395.0 -4045.0
 55.7827 18.3061  822   0.20  -4.40  39.00  -395.0 -4043.0
 55.7827 18.3061  823   0.20  -4.40  39.00  -395.0 -4043.0
 55.7827 18.3061  824   0.20  -4.40  39.00  -401.0 -4037.0
 55.7827 18.3061  825   0.20  -4.40  39.00  -401.0 -4031.0
 55.7827 18.3061  826   0.20  -4.40  39.00  -401.0 -4044.0
 55.7827 18.3061  827   0.20  -4.40  39.00  -401.0 -4050.0
 55.7827 18.3061  828   0.20  -4.40  39.00  -405.0 -4047.0
 55.7827 18.3061  829   0.20  -4.40  39.00  -398.0 -4046.0
 55.7827 18.3061  830   0.20  -4.40  39.00  -401.0 -4047.0
 55.7827 18.3061  831   0.20  -4.40  39.00  -394.0 -4046.0
 55.7827 18.3061  832   0.20  -4.40  39.00  -406.0 -4032.0
 55.7827 18.3061  833   0.20  -4.40  39.00  -397.0 -4049.0
 55.7827 18.3061  834   0.20  -4.40  39.00  -394.0 -4043.0
 55.7827 18.3061  835   0.20  -4.40  39.00  -397.0 -4047.0
 55.7827 18.3061  836   0.20  -4.40  39.00  -397.0 -4054.0
 55.7827 18.3061  837   0.20  -4.40  39.00  -401.0 -4049.0
 55.7827 18.3061  838   0.20  -4.40  39.00  -403.0 -4043.0
 55.7827 18.3061  839   0.20  -4.40  39.00  -398.0 -4040.0
 55.7827 18.3061  840   0.20  -4.40  39.00  -398.0 -4051.0
 55.7827 18.3061  841   0.20  -4.40  39.00  -396.0 -4044.0
 55.7827 18.3061  842   0.20  -4.40  39.00  -395.0 -4043.0
 55.7827 18.3061  843   0.20  -4.40  39.00  -392.0 -4045.0
 55.7827 18.3061  844   0.20  -4.40  39.00  -394.0 -4044.0
 55.7827 18.3061  845   0.20  -4.40  39.00  -395.0 -4047.0
 55.7827 18.3061  846   0.20  -4.40  39.00  -399.0 -4049.0
 55.7827 18.3060  847   0.20  -4.40  39.00  -397.0 -4045.0
 55.7827 18.3060  848   0.20  -4.40  39.00  -394.0 -4046.0
 55.7827 18.3061  849   0.20  -4.40  39.00  -392.0 -4041.0
 55.7827 18.3061  850   0.20  -4.40  39.00  -394.0 -4041.0
 55.7827 18.3061  851   0.20  -4.40  39.00  -391.0 -4046.0
 55.7826 18.3061  852   0.20  -4.40  39.00  -398.0 -4039.0
 55.7827 18.3061  853   0.20  -4.40  39.00  -395.0 -4037.0
 55.7827 18.3061  854   0.20  -4.40  39.00  -391.0 -4041.0
 55.7827 18.3061  855   0.20  -4.40  39.00  -397.0 -4054.0
 55.7827 18.3061  856   0.20  -4.40  39.00  -396.0 -4054.0
 55.7827 18.3061  857   0.20  -4.40  39.00  -403.0 -4039.0
 55.7827 18.3061  858   0.20  -4.40  39.00  -401.0 -4043.0
 55.7827 18.3060  859   0.20  -4.40  39.00  -392.0 -4049.0
 55.7827 18.3060  860   0.20  -4.40  39.00  -403.0 -4046.0
 55.7827 18.3061  861   0.20  -4.40  39.00  -387.0 -4044.0
 55.7827 18.3061  862   0.20  -4.40  39.00  -413.0 -4049.0
 55.7827 18.3061  863   0.20  -4.40  39.00  -414.0 -3589.0
 55.7827 18.3061  864   0.20  -4.40  39.00  -411.0 -3589.0
 55.7827 18.3061  865   0.20  -4.40  39.00  -402.0 -3581.0
 55.7827 18.3061  866   0.20  -4.40  39.00  -407.0 -3595.0
 55.7827 18.3061  867   0.20  -4.40  39.00  -408.0 -3587.0
 55.7827 18.3060  868   0.20  -4.40  39.00  -409.0 -3587.0
 55.7827 18.3060  869   0.20  -4.40  39.00  -405.0 -3589.0
 55.7827 18.3061  870   0.20  -4.40  39.00  -412.0 -3585.0
 55.7827 18.3061  871   0.20  -4.40  39.00  -407.0 -3582.0
 55.7827 18.3061  872   0.20  -4.40  39.00  -410.0 -3591.0
 55.7827 18.3061  873   0.20  -4.40  39.00  -408.0 -3587.0
 55.7827 18.3061  874   0.20  -4.40  39.00  -409.0 -3592.0
 55.7827 18.3061  875   0.20  -4.40  39.00  -408.0 -3583.0
 55.7827 18.3061  876   0.20  -4.40  39.00  -411.0 -3580.0
 55.7827 18.3061  877   0.20  -4.40  39.00  -406.0 -3583.0
 55.7827 18.3060  878   0.20  -4.40  39.00  -401.0 -3580.0
 55.7827 18.3061  879   0.20  -4.40  39.00  -410.0 -3593.0
 55.7827 18.3061  880   0.20  -4.40  39.00  -407.0 -3582.0
 55.7827 18.3061  881   0.20  -4.40  39.00  -410.0 -3583.0
 55.7827 18.3061  882   0.20  -4.40  39.00  -408.0 -3587.0
 55.7827 18.3061  883   0.20  -4.40  39.00  -406.0 -3582.0
 55.7827 18.3061  884   0.20  -4.40  39.00  -405.0 -3582.0
 55.7827 18.3061  885   0.20  -4.40  39.00  -408.0 -3587.0
 55.7827 18.3061  886   0.20  -4.40  39.00  -425.0 -3585.0
 55.7827 18.3061  887   0.20  -4.40  39.00  -406.0 -3583.0
 55.7827 18.3061  888   0.20  -4.40  39.00  -406.0 -3587.0
 55.7827 18.3061  889   0.20  -4.40  39.00  -409.0 -3584.0
 55.7827 18.3061  890   0.20  -4.40  39.00  -411.0 -3587.0
 55.7827 18.3061  891   0.20  -4.40  39.00  -413.0 -3586.0
 55.7827 18.3061  892   0.20  -4.40  39.00  -413.0 -3581.0
 55.7827 18.3061  893   0.20  -4.40  39.00  -405.0 -3583.0
 55.7827 18.3061  894   0.20  -4.40  39.00  -411.0 -3587.0
 55.7827 18.3061  895   0.20  -4.40  39.00  -411.0 -3584.0
 55.7827 18.3061  896   0.20  -4.40  39.00  -408.0 -3580.0
 55.7827 18.3061  897   0.20  -4.40  39.00  -408.0 -3583.0
 55.7827 18.3061  898   0.20  -4.40  39.00  -412.0 -3589.0
 55.7827 18.3061  899   0.20  -4.40  39.00  -408.0 -4222.0
 55.7827 18.3061  900   0.20  -4.40  39.00  -408.0 -4227.0
 55.7827 18.3061  901   0.20  -4.40  39.00  -403.0 -4222.0
 55.7827 18.3061  902   0.20  -4.40  39.00  -407.0 -4222.0
 55.7827 18.3061  903   0.20  -4.40  39.00  -405.0 -4229.0
 55.7827 18.3061  904   0.20  -4.40  39.00  -399.0 -4215.0
 55.7827 18.3061  905   0.20  -4.40  39.00  -405.0 -4219.0
 55.7827 18.3061  906   0.20  -4.40  39.00  -405.0 -4224.0
 55.7827 18.3061  907   0.20  -4.40  39.00  -407.0 -4216.0
 55.7827 18.3061  908   0.20  -4.40  39.00  -402.0 -4215.0
 55.7827 18.3061  909   0.20  -4.40  39.00  -405.0 -4223.0
 55.7827 18.3061  910   0.20  -4.40  39.00  -401.0 -4216.0
 55.7827 18.3061  911   0.20  -4.40  39.00  -410.0 -4219.0
 55.7827 18.3061  912   0.20  -4.40  39.00  -401.0 -4215.0
 55.7827 18.3061  913   0.20  -4.40  39.00  -406.0 -4210.0
 55.7827 18.3061  914   0.20  -4.40  39.00  -403.0 -4223.0
 55.7827 18.3061  915   0.20  -4.40  39.00  -406.0 -4221.0
 55.7827 18.3061  916   0.20  -4.40  39.00  -401.0 -4220.0
 55.7827 18.3061  917   0.20  -4.40  39.00  -401.0 -4219.0
 55.7827 18.3061  918   0.20  -4.40  39.00  -413.0 -4217.0
 55.7827 18.3061  919   0.20  -4.40  39.00  -402.0 -4221.0
 55.7827 18.3061  920   0.20  -4.40  39.00  -401.0 -4225.0
 55.7827 18.3061  921   0.20  -4.40  39.00  -401.0 -4229.0
 55.7827 18.3062  922   0.20  -4.40  39.00  -405.0 -4216.0
 55.7827 18.3062  923   0.20  -4.40  39.00  -407.0 -4221.0
 55.7827 18.3062  924   0.20  -4.40  39.00  -412.0 -4218.0
 55.7828 18.3059  925   0.20  -4.40  39.00  -404.0 -4221.0
 55.7828 18.3059  926   0.20  -4.40  39.00  -403.0 -4215.0
 55.7827 18.3061  927   0.20  -4.40  39.00  -411.0 -4222.0
 55.7827 18.3060  928   0.20  -4.40  39.00  -408.0 -4216.0
 55.7827 18.3060  929   0.20  -4.40  39.00  -403.0 -4220.0
 55.7827 18.3060  930   0.20  -4.40  39.00  -397.0 -4219.0
 55.7827 18.3061  931   0.20  -4.40  39.00  -399.0 -4216.0
 55.7827 18.3061  932   0.20  -4.40  39.00  -401.0 -4220.0
 55.7827 18.3061  933   0.20  -4.40  39.00  -411.0 -4224.0
 55.7827 18.3061  934   0.20  -4.40  39.00  -407.0 -4219.0
 55.7828 18.3061  935   0.20  -4.40  39.00  -403.0 -4217.0
 55.7828 18.3061  936   0.20  -4.40  39.00  -403.0 -4218.0
 55.7827 18.3061  937   0.20  -4.40  39.00  -402.0 -4221.0
 55.7827 18.3061  938   0.20  -4.40  39.00  -397.0 -4216.0
 55.7827 18.3061  939   0.20  -4.40  39.00  -410.0 -4217.0
 55.7827 18.3061  940   0.20  -4.40  39.00  -407.0 -4219.0
 55.7827 18.3061  941   0.20  -4.40  39.00  -418.0 -5066.0
 55.7827 18.3061  942   0.20  -4.40  39.00  -415.0 -5066.0
 55.7827 18.3061  943   0.20  -4.40  39.00  -414.0 -5067.0
 55.7827 18.3061  944   0.20  -4.40  39.00  -422.0 -5067.0
 55.7827 18.3061  945   0.20  -4.40  39.00  -410.0 -5071.0
 55.7827 18.3061  946   0.20  -4.40  39.00  -414.0 -5071.0
 55.7827 18.3061  947   0.20  -4.40  39.00  -416.0 -5073.0
 55.7827 18.3061  948   0.20  -4.40  39.00  -407.0 -5064.0
 55.7827 18.3061  949   0.20  -4.40  39.00  -405.0 -5061.0
 55.7827 18.3061  950   0.20  -4.40  39.00  -409.0 -5059.0
 55.7827 18.3061  951   0.20  -4.40  39.00  -411.0 -5063.0
 55.7827 18.3061  952   0.20  -4.40  39.00  -413.0 -5063.0
 55.7827 18.3061  953   0.20  -4.40  39.00  -423.0 -5069.0
 55.7827 18.3061  954   0.20  -4.40  39.00  -410.0 -5063.0
 55.7827 18.3061  955   0.20  -4.40  39.00  -415.0 -5063.0
 55.7827 18.3061  956   0.20  -4.40  39.00  -413.0 -5075.0
 55.7827 18.3061  957   0.20  -4.40  39.00  -411.0 -5061.0
 55.7827 18.3061  958   0.20  -4.40  39.00  -411.0 -5068.0
 55.7827 18.3061  959   0.20  -4.40  39.00  -408.0 -5065.0
 55.7827 18.3061  960   0.20  -4.40  39.00  -410.0 -5059.0
 55.7827 18.3061  961   0.20  -4.40  39.00  -419.0 -5061.0
 55.7827 18.3061  962   0.20  -4.40  39.00  -407.0 -5066.0
 55.7827 18.3061  963   0.20  -4.40  39.00  -414.0 -5067.0
 55.7827 18.3061  964   0.20  -4.40  39.00  -410.0 -5073.0
 55.7827 18.3061  965   0.20  -4.40  39.00  -415.0 -5068.0
 55.7827 18.3061  966   0.20  -4.40  39.00  -404.0 -5067.0
 55.7827 18.3061  967   0.20  -4.40  39.00  -408.0 -5064.0
 55.7827 18.3061  968   0.20  -4.40  39.00  -412.0 -5059.0
 55.7827 18.3061  969   0.20  -4.40  39.00  -409.0 -5060.0
 55.7827 18.3061  970   0.20  -4.40  39.00  -407.0 -5068.0
 55.7827 18.3061  971   0.20  -4.40  39.00  -413.0 -5067.0
 55.7827 18.3061  972   0.20  -4.40  39.00  -413.0 -5059.0
 55.7827 18.3061  973   0.20  -4.40  39.00  -408.0 -5065.0
 55.7827 18.3061  974   0.20  -4.40  39.00  -415.0 -5057.0
 55.7827 18.3061  975   0.20  -4.40  39.00  -406.0 -5062.0
 55.7827 18.3061  976   0.20  -4.40  39.00  -408.0 -5069.0
 55.7827 18.3061  977   0.20  -4.40  39.00  -406.0 -5062.0
 55.7827 18.3061  978   0.20  -4.40  39.00  -409.0 -5066.0
 55.7827 18.3061  979   0.20  -4.40  39.00  -403.0 -5065.0
 55.7827 18.3061  980   0.20  -4.40  39.00  -408.0 -5065.0
 55.7827 18.3061  981   0.20  -4.40  39.00  -412.0 -5067.0
 55.7827 18.3061  982   0.20  -4.40  39.00  -415.0 -5069.0
 55.7827 18.3061  983   0.20  -4.40  39.00  -396.0 -5063.0
 55.7827 18.3061  984   0.20  -4.40  39.00  -398.0 -5437.0
 55.7827 18.3061  985   0.20  -4.40  39.00  -399.0 -5439.0
 55.7827 18.3061  986   0.20  -4.40  39.00  -394.0 -5446.0
 55.7827 18.3061  987   0.20  -4.40  39.00  -403.0 -5437.0
 55.7827 18.3061  988   0.20  -4.40  39.00  -397.0 -5431.0
 55.7827 18.3061  989   0.20  -4.40  39.00  -397.0 -5442.0
 55.7827 18.3061  990   0.20  -4.40  39.00  -405.0 -5442.0
 55.7827 18.3061  991   0.20  -4.40  39.00  -398.0 -5439.0
 55.7827 18.3061  992   0.20  -4.40  39.00  -401.0 -5441.0
 55.7827 18.3061  993   0.20  -4.40  39.00  -402.0 -5435.0
 55.7827 18.3061  994   0.20  -4.40  39.00  -399.0 -5435.0
 55.7827 18.3061  995   0.20  -4.40  39.00  -402.0 -5434.0
 55.7827 18.3061  996   0.20  -4.40  39.00  -402.0 -5442.0
 55.7827 18.3061  997   0.20  -4.40  39.00  -399.0 -5441.0
 55.7827 18.3061  998   0.20  -4.40  39.00  -392.0 -5433.0
 55.7827 18.3061  999   0.20  -4.40  39.00  -402.0 -5435.0
