-54.4544 83.8016    0   0.20  -4.40  39.00  -519.0 -4867.0
-54.4544 83.8016    1   0.20  -4.40  39.00  -511.0 -4868.0
-54.4544 83.8016    2   0.20  -4.40  39.00  -519.0 -4867.0
-54.4544 83.8016    3   0.20  -4.40  39.00  -519.0 -4870.0
-54.4544 83.8016    4   0.20  -4.40  39.00  -523.0 -4867.0
-54.4544 83.8016    5   0.20  -4.40  39.00  -513.0 -4876.0
-54.4544 83.8016    6   0.20  -4.40  39.00  -525.0 -4863.0
 55.7828 18.3061    7   0.20  -4.40  39.00  -512.0 -4864.0
 55.7828 18.3061    8   0.20  -4.40  39.00  -512.0 -4875.0
 55.7828 18.3061    9   0.20  -4.40  39.00  -523.0 -4860.0
 55.7828 18.3061   10   0.20  -4.40  39.00  -516.0 -4859.0
 55.7828 18.3061   11   0.20  -4.40  39.00  -515.0 -4867.0
 55.7828 18.3061   12   0.20  -4.40  39.00  -519.0 -4863.0
 55.7828 18.3061   13   0.20  -4.40  39.00  -515.0 -4868.0
 55.7828 18.3061   14   0.20  -4.40  39.00  -518.0 -4863.0
 55.7828 18.3061   15   0.20  -4.40  39.00  -515.0 -4865.0
 55.7828 18.3061   16   0.20  -4.40  39.00  -516.0 -4860.0
 55.7828 18.3061   17   0.20  -4.40  39.00  -515.0 -4864.0
 55.7828 18.3061   18   0.20  -4.40  39.00  -515.0 -4875.0
 55.7828 18.3061   19   0.20  -4.40  39.00  -529.0 -4867.0
 55.7828 18.3061   20   0.20  -4.40  39.00  -533.0 -4861.0
 55.7828 18.3061   21   0.20  -4.40  39.00  -539.0 -5175.0
 55.7828 18.3061   22   0.20  -4.40  39.00  -528.0 -5176.0
 55.7828 18.3061   23   0.20  -4.40  39.00  -535.0 -5169.0
 55.7828 18.3061   24   0.20  -4.40  39.00  -535.0 -5175.0
 55.7828 18.3061   25   0.20  -4.40  39.00  -536.0 -5179.0
 55.7828 18.3061   26   0.20  -4.40  39.00  -535.0 -5179.0
 55.7828 18.3061   27   0.20  -4.40  39.00  -537.0 -5180.0
 55.7828 18.3061   28   0.20  -4.40  39.00  -539.0 -5179.0
 55.7828 18.3061   29   0.20  -4.40  39.00  -535.0 -5167.0
 55.7828 18.3061   30   0.20  -4.40  39.00  -537.0 -5183.0
 55.7828 18.3061   31   0.20  -4.40  39.00  -535.0 -5175.0
 55.7828 18.3061   32   0.20  -4.40  39.00  -541.0 -5177.0
 55.7828 18.3061   33   0.20  -4.40  39.00  -535.0 -5175.0
 55.7828 18.3061   34   0.20  -4.40  39.00  -536.0 -5179.0
 55.7828 18.3061   35   0.20  -4.40  39.00  -539.0 -5175.0
 55.7828 18.3061   36   0.20  -4.40  39.00  -531.0 -5179.0
 55.7828 18.3061   37   0.20  -4.40  39.00  -534.0 -5179.0
 55.7828 18.3061   38   0.20  -4.40  39.00  -529.0 -5179.0
 55.7828 18.3061   39   0.20  -4.40  39.00  -529.0 -5176.0
 55.7828 18.3061   40   0.20  -4.40  39.00  -531.0 -5175.0
 55.7828 18.3061   41   0.20  -4.40  39.00  -531.0 -5168.0
 55.7828 18.3061   42   0.20  -4.40  39.00  -525.0 -5179.0
 55.7828 18.3061   43   0.20  -4.40  39.00  -546.0 -5175.0
 55.7828 18.3061   44   0.20  -4.40  39.00  -533.0 -5174.0
 55.7828 18.3061   45   0.20  -4.40  39.00  -531.0 -5176.0
 55.7828 18.3061   46   0.20  -4.40  39.00  -529.0 -5175.0
 55.7828 18.3061   47   0.20  -4.40  39.00  -533.0 -5176.0
 55.7828 18.3061   48   0.20  -4.40  39.00  -533.0 -5171.0
 55.7828 18.3061   49   0.20  -4.40  39.00  -531.0 -5175.0
 55.7828 18.3061   50   0.20  -4.40  39.00  -531.0 -5169.0
 55.7828 18.3061   51   0.20  -4.40  39.00  -531.0 -5171.0
 55.7828 18.3061   52   0.20  -4.40  39.00  -531.0 -5179.0
 55.7828 18.3061   53   0.20  -4.40  39.00  -536.0 -5178.0
 55.7828 18.3061   54   0.20  -4.40  39.00  -537.0 -5172.0
 55.7828 18.3061   55   0.20  -4.40  39.00  -535.0 -5168.0
 55.7828 18.3061   56   0.20  -4.40  39.00  -539.0 -5172.0
 55.7828 18.3061   57   0.20  -4.40  39.00  -531.0 -5173.0
 55.7828 18.3061   58   0.20  -4.40  39.00  -537.0 -5177.0
 55.7828 18.3061   59   0.20  -4.40  39.00  -524.0 -5175.0
 55.7828 18.3061   60   0.20  -4.40  39.00  -531.0 -5163.0
 55.7828 18.3061   61   0.20  -4.40  39.00  -531.0 -5179.0
 55.7828 18.3061   62   0.20  -4.40  39.00  -535.0 -5179.0
 55.7828 18.3061   63   0.20  -4.40  39.00  -533.0 -5179.0
 55.7828 18.3061   64   0.20  -4.40  39.00  -561.0 -5179.0
 55.7828 18.3061   65   0.20  -4.40  39.00  -563.0  5711.0
 55.7828 18.3061   66   0.20  -4.40  39.00  -559.0  5709.0
 55.7828 18.3061   67   0.20  -4.40  39.00  -555.0  5701.0
 55.7828 18.3061   68   0.20  -4.40  39.00  -560.0  5697.0
 55.7828 18.3061   69   0.20  -4.40  39.00  -555.0  5703.0
 55.7827 18.3060   70   0.20  -4.40  39.00  -623.0  2777.0
 55.7828 18.3061   71   0.20  -4.40  39.00  -619.0  2765.0
 55.7828 18.3061   72   0.20  -4.40  39.00  -625.0  2777.0
 55.7828 18.3061   73   0.20  -4.40  39.00  -619.0  2773.0
 55.7828 18.3061   74   0.20  -4.40  39.00  -629.0  2773.0
 55.7828 18.3061   75   0.20  -4.40  39.00  -625.0  2764.0
 55.7828 18.3061   76   0.20  -4.40  39.00  -621.0  2769.0
 55.7828 18.3061   77   0.20  -4.40  39.00  -619.0  2773.0
 55.7828 18.3061   78   0.20  -4.40  39.00  -625.0  2757.0
 55.7828 18.3061   79   0.20  -4.40  39.00  -620.0  2780.0
 55.7828 18.3061   80   0.20  -4.40  39.00  -629.0  2769.0
 55.7828 18.3061   81   0.20  -4.40  39.00  -625.0  2773.0
 55.7828 18.3061   82   0.20  -4.40  39.00  -623.0  2773.0
 55.7828 18.3061   83   0.20  -4.40  39.00  -623.0  2769.0
 55.7828 18.3061   84   0.20  -4.40  39.00  -627.0  2774.0
 55.7828 18.3061   85   0.20  -4.40  39.00  -623.0  2772.0
 55.7828 18.3061   86   0.20  -4.40  39.00  -623.0  2772.0
 55.7828 18.3061   87   0.20  -4.40  39.00  -623.0  2769.0
 55.7828 18.3061   88   0.20  -4.40  39.00  -619.0  2777.0
 55.7828 18.3061   89   0.20  -4.40  39.00  -627.0  2781.0
 55.7828 18.3061   90   0.20  -4.40  39.00  -623.0  2765.0
 55.7828 18.3061   91   0.20  -4.40  39.00  -619.0  2777.0
 55.7828 18.3061   92   0.20  -4.40  39.00  -631.0  2777.0
 55.7828 18.3061   93   0.20  -4.40  39.00  -621.0  2773.0
 55.7828 18.3061   94   0.20  -4.40  39.00  -625.0  2773.0
 55.7828 18.3061   95   0.20  -4.40  39.00  -620.0  2781.0
 55.7828 18.3061   96   0.20  -4.40  39.00  -631.0  2772.0
 55.7828 18.3061   97   0.20  -4.40  39.00  -631.0  2767.0
 55.7828 18.3061   98   0.20  -4.40  39.00  -625.0  2773.0
 55.7828 18.3061   99   0.20  -4.40  39.00  -627.0  2777.0
 55.7828 18.3061  100   0.20  -4.40  39.00  -625.0  2772.0
 55.7828 18.3061  101   0.20  -4.40  39.00  -625.0  2767.0
 55.7828 18.3061  102   0.20  -4.40  39.00  -619.0  2775.0
 55.7828 18.3063  103   0.20  -4.40  39.00  -627.0  2769.0
 55.7828 18.3063  104   0.20  -4.40  39.00  -619.0  2779.0
 55.7828 18.3061  105   0.20  -4.40  39.00  -623.0  2773.0
 55.7828 18.3061  106   0.20  -4.40  39.00  -629.0  2777.0
 55.7828 18.3061  107   0.20  -4.40  39.00  -681.0  2775.0
 55.7828 18.3061  108   0.20  -4.40  39.00  -691.0  1229.0
 55.7828 18.3061  109   0.20  -4.40  39.00  -680.0  1229.0
 55.7828 18.3061  110   0.20  -4.40  39.00  -689.0  1231.0
 55.7828 18.3061  111   0.20  -4.40  39.00  -687.0  1231.0
 55.7828 18.3061  112   0.20  -4.40  39.00  -691.0  1237.0
 55.7828 18.3061  113   0.20  -4.40  39.00  -692.0  1233.0
 55.7828 18.3061  114   0.20  -4.40  39.00  -693.0  1235.0
 55.7828 18.3061  115   0.20  -4.40  39.00  -691.0  1237.0
 55.7828 18.3062  116   0.20  -4.40  39.00  -691.0  1233.0
 55.7828 18.3062  117   0.20  -4.40  39.00  -691.0  1233.0
 55.7828 18.3061  118   0.20  -4.40  39.00  -684.0  1237.0
 55.7828 18.3061  119   0.20  -4.40  39.00  -691.0  1237.0
 55.7828 18.3061  120   0.20  -4.40  39.00  -689.0  1237.0
 55.7828 18.3061  121   0.20  -4.40  39.00  -691.0  1241.0
 55.7828 18.3061  122   0.20  -4.40  39.00  -689.0  1241.0
 55.7828 18.3061  123   0.20  -4.40  39.00  -697.0  1244.0
 55.7828 18.3061  124   0.20  -4.40  39.00  -691.0  1236.0
 55.7828 18.3061  125   0.20  -4.40  39.00  -683.0  1229.0
 55.7828 18.3061  126   0.20  -4.40  39.00  -691.0  1237.0
 55.7828 18.3061  127   0.20  -4.40  39.00  -679.0  1233.0
 55.7828 18.3061  128   0.20  -4.40  39.00  -687.0  1241.0
 55.7828 18.3061  129   0.20  -4.40  39.00  -683.0  1237.0
 55.7828 18.3061  130   0.20  -4.40  39.00  -686.0  1228.0
 55.7828 18.3061  131   0.20  -4.40  39.00  -692.0  1231.0
 55.7828 18.3061  132   0.20  -4.40  39.00  -685.0  1237.0
 55.7828 18.3061  133   0.20  -4.40  39.00  -695.0  1241.0
 55.7828 18.3061  134   0.20  -4.40  39.00  -687.0  1239.0
 55.7828 18.3061  135   0.20  -4.40  39.00  -685.0  1237.0
 55.7828 18.3061  136   0.20  -4.40  39.00  -687.0  1239.0
 55.7828 18.3061  137   0.20  -4.40  39.00  -691.0  1241.0
 55.7828 18.3061  138   0.20  -4.40  39.00  -695.0  1235.0
 55.7828 18.3061  139   0.20  -4.40  39.00  -687.0  1237.0
 55.7828 18.3061  140   0.20  -4.40  39.00  -691.0  1241.0
 55.7828 18.3061  141   0.20  -4.40  39.00  -693.0  1231.0
 55.7828 18.3061  142   0.20  -4.40  39.00  -687.0  1241.0
 55.7828 18.3061  143   0.20  -4.40  39.00  -687.0  1233.0
 55.7828 18.3061  144   0.20  -4.40  39.00  -691.0  1231.0
 55.7828 18.3061  145   0.20  -4.40  39.00  -692.0  1237.0
 55.7828 18.3061  146   0.20  -4.40  39.00  -695.0  1237.0
 55.7828 18.3061  147   0.20  -4.40  39.00  -763.0  1241.0
 55.7828 18.3061  148   0.20  -4.40  39.00  -767.0   783.0
 55.7828 18.3061  149   0.20  -4.40  39.00  -763.0   781.0
 55.7828 18.3061  150   0.20  -4.40  39.00  -764.0   779.0
 55.7828 18.3061  151   0.20  -4.40  39.00  -759.0   791.0
 55.7828 18.3061  152   0.20  -4.40  39.00  -766.0   779.0
 55.7828 18.3061  153   0.20  -4.40  39.00  -763.0   783.0
 55.7828 18.3061  154   0.20  -4.40  39.00  -759.0   781.0
 55.7828 18.3061  155   0.20  -4.40  39.00  -767.0   784.0
 55.7828 18.3061  156   0.20  -4.40  39.00  -760.0   785.0
 55.7828 18.3061  157   0.20  -4.40  39.00  -759.0   785.0
 55.7828 18.3061  158   0.20  -4.40  39.00  -761.0   789.0
 55.7828 18.3061  159   0.20  -4.40  39.00  -759.0   789.0
 55.7828 18.3061  160   0.20  -4.40  39.00  -763.0   779.0
 55.7828 18.3061  161   0.20  -4.40  39.00  -763.0   785.0
 55.7828 18.3061  162   0.20  -4.40  39.00  -759.0   785.0
 55.7828 18.3061  163   0.20  -4.40  39.00  -763.0   789.0
 55.7828 18.3061  164   0.20  -4.40  39.00  -755.0   785.0
 55.7828 18.3061  165   0.20  -4.40  39.00  -759.0   769.0
 55.7828 18.3061  166   0.20  -4.40  39.00  -771.0   787.0
 55.7828 18.3061  167   0.20  -4.40  39.00  -768.0   765.0
 55.7828 18.3061  168   0.20  -4.40  39.00  -764.0   781.0
 55.7828 18.3061  169   0.20  -4.40  39.00  -759.0   784.0
 55.7828 18.3061  170   0.20  -4.40  39.00  -763.0   785.0
 55.7828 18.3061  171   0.20  -4.40  39.00  -763.0   777.0
 55.7828 18.3061  172   0.20  -4.40  39.00  -759.0   789.0
 55.7828 18.3061  173   0.20  -4.40  39.00  -763.0   784.0
 55.7828 18.3061  174   0.20  -4.40  39.00  -763.0   773.0
 55.7828 18.3061  175   0.20  -4.40  39.00  -757.0   777.0
 55.7828 18.3061  176   0.20  -4.40  39.00  -757.0   779.0
 55.7828 18.3061  177   0.20  -4.40  39.00  -763.0   785.0
 55.7827 18.3061  178   0.20  -4.40  39.00  -767.0   784.0
 55.7827 18.3061  179   0.20  -4.40  39.00  -760.0   781.0
 55.7827 18.3061  180   0.20  -4.40  39.00  -759.0   779.0
 55.7827 18.3061  181   0.20  -4.40  39.00  -763.0   781.0
 55.7828 18.3062  182   0.20  -4.40  39.00  -771.0   783.0
 55.7828 18.3062  183   0.20  -4.40  39.00  -760.0   781.0
 55.7828 18.3061  184   0.20  -4.40  39.00  -763.0   777.0
 55.7828 18.3061  185   0.20  -4.40  39.00  -760.0   783.0
 55.7828 18.3061  186   0.20  -4.40  39.00  -756.0   785.0
 55.7827 18.3061  187   0.20  -4.40  39.00  -767.0   783.0
 55.7827 18.3061  188   0.20  -4.40  39.00  -769.0   775.0
 55.7827 18.3061  189   0.20  -4.40  39.00  -765.0   785.0
 55.7827 18.3061  190   0.20  -4.40  39.00  -764.0   773.0
 55.7828 18.3061  191   0.20  -4.40  39.00  -755.0   785.0
 55.7828 18.3061  192   0.20  -4.40  39.00  -759.0   789.0
 55.7828 18.3061  193   0.20  -4.40  39.00  -763.0   783.0
 55.7828 18.3061  194   0.20  -4.40  39.00  -747.0   780.0
 55.7828 18.3061  195   0.20  -4.40  39.00  -749.0   916.0
 55.7828 18.3061  196   0.20  -4.40  39.00  -743.0   928.0
 55.7828 18.3061  197   0.20  -4.40  39.00  -745.0   913.0
 55.7828 18.3061  198   0.20  -4.40  39.00  -739.0   916.0
 55.7828 18.3061  199   0.20  -4.40  39.00  -743.0   919.0
 55.7828 18.3061  200   0.20  -4.40  39.00  -745.0   919.0
 55.7828 18.3061  201   0.20  -4.40  39.00  -747.0   925.0
 55.7828 18.3061  202   0.20  -4.40  39.00  -741.0   913.0
 55.7828 18.3061  203   0.20  -4.40  39.00  -743.0   916.0
 55.7828 18.3061  204   0.20  -4.40  39.00  -745.0   917.0
 55.7828 18.3061  205   0.20  -4.40  39.00  -744.0   913.0
 55.7828 18.3061  206   0.20  -4.40  39.00  -737.0   921.0
 55.7828 18.3061  207   0.20  -4.40  39.00  -747.0   912.0
 55.7828 18.3061  208   0.20  -4.40  39.00  -743.0   919.0
 55.7828 18.3061  209   0.20  -4.40  39.00  -751.0   913.0
 55.7828 18.3061  210   0.20  -4.40  39.00  -739.0   911.0
 55.7828 18.3061  211   0.20  -4.40  39.00  -739.0   913.0
 55.7828 18.3061  212   0.20  -4.40  39.00  -739.0   920.0
 55.7828 18.3061  213   0.20  -4.40  39.00  -740.0   911.0
 55.7828 18.3061  214   0.20  -4.40  39.00  -747.0   916.0
 55.7828 18.3061  215   0.20  -4.40  39.00  -753.0   917.0
 55.7828 18.3061  216   0.20  -4.40  39.00  -739.0   913.0
 55.7828 18.3061  217   0.20  -4.40  39.00  -747.0   921.0
 55.7828 18.3061  218   0.20  -4.40  39.00  -735.0   920.0
 55.7828 18.3061  219   0.20  -4.40  39.00  -739.0   911.0
 55.7828 18.3061  220   0.20  -4.40  39.00  -741.0   920.0
 55.7828 18.3061  221   0.20  -4.40  39.00  -735.0   914.0
 55.7828 18.3061  222   0.20  -4.40  39.00  -747.0   909.0
 55.7828 18.3061  223   0.20  -4.40  39.00  -745.0   911.0
 55.7828 18.3061  224   0.20  -4.40  39.00  -739.0   921.0
 55.7828 18.3061  225   0.20  -4.40  39.00  -748.0   919.0
 55.7828 18.3061  226   0.20  -4.40  39.00  -747.0   922.0
 55.7828 18.3061  227   0.20  -4.40  39.00  -743.0   919.0
 55.7828 18.3061  228   0.20  -4.40  39.00  -747.0   913.0
 55.7828 18.3061  229   0.20  -4.40  39.00  -743.0   919.0
 55.7828 18.3061  230   0.20  -4.40  39.00  -743.0   913.0
 55.7828 18.3061  231   0.20  -4.40  39.00  -751.0   917.0
 55.7828 18.3061  232   0.20  -4.40  39.00  -743.0   916.0
 55.7828 18.3061  233   0.20  -4.40  39.00  -747.0   912.0
 55.7828 18.3061  234   0.20  -4.40  39.00  -748.0   913.0
 55.7828 18.3061  235   0.20  -4.40  39.00  -743.0   914.0
 55.7828 18.3061  236   0.20  -4.40  39.00  -745.0   917.0
 55.7828 18.3061  237   0.20  -4.40  39.00  -743.0   915.0
 55.7828 18.3061  238   0.20  -4.40  39.00  -743.0   911.0
 55.7828 18.3061  239   0.20  -4.40  39.00  -740.0   901.0
 55.7828 18.3061  240   0.20  -4.40  39.00  -740.0   914.0
 55.7828 18.3061  241   0.20  -4.40  39.00  -747.0   920.0
 55.7828 18.3061  242   0.20  -4.40  39.00  -749.0   917.0
 55.7828 18.3061  243   0.20  -4.40  39.00  -867.0   909.0
 55.7828 18.3061  244   0.20  -4.40  39.00  -867.0  1981.0
 55.7828 18.3061  245   0.20  -4.40  39.00  -867.0  1981.0
 55.7828 18.3061  246   0.20  -4.40  39.00  -863.0  1977.0
 55.7828 18.3061  247   0.20  -4.40  39.00  -863.0  1981.0
 55.7828 18.3061  248   0.20  -4.40  39.00  -859.0  1985.0
 55.7828 18.3061  249   0.20  -4.40  39.00  -864.0  1981.0
 55.7828 18.3061  250   0.20  -4.40  39.00  -871.0  1973.0
 55.7828 18.3061  251   0.20  -4.40  39.00  -867.0  1981.0
 55.7828 18.3061  252   0.20  -4.40  39.00  -855.0  1981.0
 55.7828 18.3061  253   0.20  -4.40  39.00  -863.0  1984.0
 55.7828 18.3061  254   0.20  -4.40  39.00  -867.0  1973.0
 55.7828 18.3060  255   0.20  -4.40  39.00  -863.0  1980.0
 55.7827 18.3061  256   0.20  -4.40  39.00  -867.0  1981.0
 55.7827 18.3061  257   0.20  -4.40  39.00  -867.0  1979.0
 55.7828 18.3062  258   0.20  -4.40  39.00  -869.0  1985.0
 55.7828 18.3062  259   0.20  -4.40  39.00  -857.0  1977.0
 55.7828 18.3061  260   0.20  -4.40  39.00  -873.0  1973.0
 55.7828 18.3061  261   0.20  -4.40  39.00  -864.0  1981.0
 55.7828 18.3061  262   0.20  -4.40  39.00  -867.0  1975.0
 55.7828 18.3061  263   0.20  -4.40  39.00  -869.0  1973.0
 55.7827 18.3061  264   0.20  -4.40  39.00  -871.0  1973.0
 55.7827 18.3061  265   0.20  -4.40  39.00  -867.0  1976.0
 55.7827 18.3061  266   0.20  -4.40  39.00  -869.0  1977.0
 55.7827 18.3061  267   0.20  -4.40  39.00  -869.0  1977.0
 55.7828 18.3062  268   0.20  -4.40  39.00  -867.0  1975.0
 55.7828 18.3062  269   0.20  -4.40  39.00  -862.0  1981.0
 55.7828 18.3061  270   0.20  -4.40  39.00  -861.0  1977.0
 55.7828 18.3061  271   0.20  -4.40  39.00  -861.0  1977.0
 55.7828 18.3061  272   0.20  -4.40  39.00  -874.0  1977.0
 55.7828 18.3061  273   0.20  -4.40  39.00  -875.0  1977.0
 55.7828 18.3061  274   0.20  -4.40  39.00  -861.0  1977.0
 55.7828 18.3061  275   0.20  -4.40  39.00  -867.0  1979.0
 55.7828 18.3062  276   0.20  -4.40  39.00  -871.0  1977.0
 55.7828 18.3062  277   0.20  -4.40  39.00  -865.0  1973.0
 55.7828 18.3061  278   0.20  -4.40  39.00  -864.0  1973.0
 55.7828 18.3061  279   0.20  -4.40  39.00  -863.0  1978.0
 55.7828 18.3061  280   0.20  -4.40  39.00  -871.0  1981.0
 55.7828 18.3061  281   0.20  -4.40  39.00  -860.0  1977.0
 55.7828 18.3061  282   0.20  -4.40  39.00  -871.0  1981.0
 55.7828 18.3061  283   0.20  -4.40  39.00  -860.0  1981.0
 55.7828 18.3061  284   0.20  -4.40  39.00  -865.0  1973.0
 55.7828 18.3061  285   0.20  -4.40  39.00  -868.0  1981.0
 55.7828 18.3061  286   0.20  -4.40  39.00  -874.0  1989.0
 55.7828 18.3061  287   0.20  -4.40  39.00  -867.0  1980.0
 55.7828 18.3061  288   0.20  -4.40  39.00  -863.0  1977.0
 55.7828 18.3061  289   0.20  -4.40  39.00  -873.0  1985.0
 55.7828 18.3061  290   0.20  -4.40  39.00  -865.0  1977.0
 55.7828 18.3061  291   0.20  -4.40  39.00  -879.0  1978.0
 55.7828 18.3061  292   0.20  -4.40  39.00  -877.0  3096.0
 55.7828 18.3061  293   0.20  -4.40  39.00  -875.0  3085.0
 55.7828 18.3061  294   0.20  -4.40  39.00  -875.0  3081.0
 55.7828 18.3061  295   0.20  -4.40  39.00  -881.0  3085.0
 55.7828 18.3061  296   0.20  -4.40  39.00  -872.0  3089.0
 55.7828 18.3061  297   0.20  -4.40  39.00  -875.0  3085.0
 55.7828 18.3061  298   0.20  -4.40  39.00  -875.0  3081.0
 55.7828 18.3061  299   0.20  -4.40  39.00  -875.0  3085.0
 55.7828 18.3061  300   0.20  -4.40  39.00  -883.0  3089.0
 55.7828 18.3061  301   0.20  -4.40  39.00  -877.0  3085.0
 55.7828 18.3061  302   0.20  -4.40  39.00  -876.0  3085.0
 55.7828 18.3061  303   0.20  -4.40  39.00  -883.0  3091.0
 55.7828 18.3061  304   0.20  -4.40  39.00  -871.0  3087.0
 55.7828 18.3061  305   0.20  -4.40  39.00  -877.0  3092.0
 55.7828 18.3061  306   0.20  -4.40  39.00  -879.0  3089.0
 55.7828 18.3061  307   0.20  -4.40  39.00  -876.0  3093.0
 55.7828 18.3061  308   0.20  -4.40  39.00  -879.0  3089.0
 55.7828 18.3061  309   0.20  -4.40  39.00  -879.0  3087.0
 55.7828 18.3061  310   0.20  -4.40  39.00  -871.0  3087.0
 55.7828 18.3061  311   0.20  -4.40  39.00  -868.0  3087.0
 55.7828 18.3061  312   0.20  -4.40  39.00  -875.0  3085.0
 55.7828 18.3061  313   0.20  -4.40  39.00  -875.0  3089.0
 55.7828 18.3061  314   0.20  -4.40  39.00  -871.0  3085.0
 55.7828 18.3061  315   0.20  -4.40  39.00  -883.0  3087.0
 55.7828 18.3061  316   0.20  -4.40  39.00  -877.0  3089.0
 55.7828 18.3061  317   0.20  -4.40  39.00  -875.0  3091.0
 55.7828 18.3061  318   0.20  -4.40  39.00  -876.0  3093.0
 55.7828 18.3061  319   0.20  -4.40  39.00  -871.0  3089.0
 55.7828 18.3061  320   0.20  -4.40  39.00  -879.0  3093.0
 55.7828 18.3061  321   0.20  -4.40  39.00  -887.0  3097.0
 55.7828 18.3061  322   0.20  -4.40  39.00  -879.0  3089.0
 55.7828 18.3061  323   0.20  -4.40  39.00  -881.0  3093.0
 55.7828 18.3061  324   0.20  -4.40  39.00  -875.0  3085.0
 55.7828 18.3061  325   0.20  -4.40  39.00  -872.0  3087.0
 55.7828 18.3061  326   0.20  -4.40  39.00  -877.0  3083.0
 55.7828 18.3061  327   0.20  -4.40  39.00  -879.0  3085.0
 55.7828 18.3061  328   0.20  -4.40  39.00  -883.0  3077.0
 55.7828 18.3061  329   0.20  -4.40  39.00  -875.0  3093.0
 55.7828 18.3061  330   0.20  -4.40  39.00  -878.0  3093.0
 55.7828 18.3061  331   0.20  -4.40  39.00  -873.0  3092.0
 55.7828 18.3061  332   0.20  -4.40  39.00  -876.0  3090.0
 55.7828 18.3061  333   0.20  -4.40  39.00  -875.0  3081.0
 55.7828 18.3061  334   0.20  -4.40  39.00  -879.0  3089.0
 55.7828 18.3061  335   0.20  -4.40  39.00  -808.0  3651.0
 55.7827 18.3061  336   0.20  -4.40  39.00  -811.0  3649.0
 55.7828 18.3061  337   0.20  -4.40  39.00  -819.0  3643.0
 55.7828 18.3061  338   0.20  -4.40  39.00  -812.0  3649.0
 55.7828 18.3062  339   0.20  -4.40  39.00  -815.0  3645.0
 55.7828 18.3062  340   0.20  -4.40  39.00  -811.0  3649.0
 55.7828 18.3060  341   0.20  -4.40  39.00  -819.0  3652.0
 55.7828 18.3061  342   0.20  -4.40  39.00  -811.0  3641.0
 55.7828 18.3061  343   0.20  -4.40  39.00  -805.0  3649.0
 55.7827 18.3061  344   0.20  -4.40  39.00  -805.0  3641.0
 55.7828 18.3061  345   0.20  -4.40  39.00  -815.0  3645.0
 55.7828 18.3061  346   0.20  -4.40  39.00  -811.0  3649.0
 55.7828 18.3061  347   0.20  -4.40  39.00  -809.0  3643.0
 55.7828 18.3061  348   0.20  -4.40  39.00  -803.0  3652.0
 55.7828 18.3061  349   0.20  -4.40  39.00  -803.0  3637.0
 55.7828 18.3061  350   0.20  -4.40  39.00  -800.0  3641.0
 55.7828 18.3061  351   0.20  -4.40  39.00  -817.0  3645.0
 55.7828 18.3061  352   0.20  -4.40  39.00  -807.0  3639.0
 55.7828 18.3061  353   0.20  -4.40  39.00  -811.0  3648.0
 55.7828 18.3061  354   0.20  -4.40  39.00  -811.0  3645.0
 55.7828 18.3061  355   0.20  -4.40  39.00  -807.0  3648.0
 55.7827 18.3061  356   0.20  -4.40  39.00  -812.0  3651.0
 55.7827 18.3061  357   0.20  -4.40  39.00  -809.0  3641.0
 55.7828 18.3061  358   0.20  -4.40  39.00  -811.0  3637.0
 55.7828 18.3061  359   0.20  -4.40  39.00  -812.0  3649.0
 55.7827 18.3061  360   0.20  -4.40  39.00  -817.0  3653.0
 55.7827 18.3061  361   0.20  -4.40  39.00  -811.0  3643.0
 55.7828 18.3061  362   0.20  -4.40  39.00  -811.0  3653.0
 55.7828 18.3061  363   0.20  -4.40  39.00  -819.0  3645.0
 55.7828 18.3061  364   0.20  -4.40  39.00  -813.0  3645.0
 55.7828 18.3061  365   0.20  -4.40  39.00  -809.0  3641.0
 55.7828 18.3061  366   0.20  -4.40  39.00  -815.0  3647.0
 55.7828 18.3061  367   0.20  -4.40  39.00  -817.0  3643.0
 55.7828 18.3061  368   0.20  -4.40  39.00  -811.0  3643.0
 55.7828 18.3061  369   0.20  -4.40  39.00  -815.0  3653.0
 55.7828 18.3061  370   0.20  -4.40  39.00  -815.0  3645.0
 55.7828 18.3061  371   0.20  -4.40  39.00  -809.0  3648.0
 55.7828 18.3061  372   0.20  -4.40  39.00  -817.0  3637.0
 55.7828 18.3061  373   0.20  -4.40  39.00  -811.0  3641.0
 55.7828 18.3061  374   0.20  -4.40  39.00  -811.0  3652.0
 55.7828 18.3061  375   0.20  -4.40  39.00  -807.0  3645.0
 55.7828 18.3061  376   0.20  -4.40  39.00  -807.0  3644.0
 55.7828 18.3061  377   0.20  -4.40  39.00  -815.0  3645.0
 55.7828 18.3061  378   0.20  -4.40  39.00  -811.0  3649.0
 55.7828 18.3061  379   0.20  -4.40  39.00  -815.0  3645.0
 55.7828 18.3061  380   0.20  -4.40  39.00  -817.0  3647.0
 55.7828 18.3061  381   0.20  -4.40  39.00  -817.0  4125.0
 55.7828 18.3061  382   0.20  -4.40  39.00  -823.0  4133.0
 55.7828 18.3061  383   0.20  -4.40  39.00  -815.0  4133.0
 55.7828 18.3061  384   0.20  -4.40  39.00  -815.0  4124.0
 55.7828 18.3061  385   0.20  -4.40  39.00  -809.0  4125.0
 55.7828 18.3061  386   0.20  -4.40  39.00  -819.0  4125.0
 55.7828 18.3061  387   0.20  -4.40  39.00  -815.0  4126.0
 55.7828 18.3061  388   0.20  -4.40  39.00  -803.0  4125.0
 55.7828 18.3061  389   0.20  -4.40  39.00  -807.0  4128.0
 55.7828 18.3061  390   0.20  -4.40  39.00  -811.0  4125.0
 55.7828 18.3061  391   0.20  -4.40  39.00  -815.0  4121.0
 55.7828 18.3061  392   0.20  -4.40  39.00  -815.0  4132.0
 55.7828 18.3061  393   0.20  -4.40  39.00  -807.0  4131.0
 55.7828 18.3061  394   0.20  -4.40  39.00  -812.0  4123.0
 55.7828 18.3061  395   0.20  -4.40  39.00  -816.0  4128.0
 55.7828 18.3061  396   0.20  -4.40  39.00  -815.0  4125.0
 55.7828 18.3061  397   0.20  -4.40  39.00  -817.0  4129.0
 55.7828 18.3061  398   0.20  -4.40  39.00  -811.0  4128.0
 55.7828 18.3061  399   0.20  -4.40  39.00  -811.0  4125.0
 55.7828 18.3061  400   0.20  -4.40  39.00  -805.0  4125.0
 55.7828 18.3061  401   0.20  -4.40  39.00  -815.0  4121.0
 55.7828 18.3061  402   0.20  -4.40  39.00  -819.0  4131.0
 55.7828 18.3061  403   0.20  -4.40  39.00  -815.0  4125.0
 55.7828 18.3061  404   0.20  -4.40  39.00  -821.0  4129.0
 55.7828 18.3061  405   0.20  -4.40  39.00  -819.0  4118.0
 55.7828 18.3061  406   0.20  -4.40  39.00  -817.0  4128.0
 55.7828 18.3061  407   0.20  -4.40  39.00  -819.0  4129.0
 55.7828 18.3061  408   0.20  -4.40  39.00  -815.0  4132.0
 55.7828 18.3061  409   0.20  -4.40  39.00  -812.0  4127.0
 55.7828 18.3061  410   0.20  -4.40  39.00  -819.0  4120.0
 55.7827 18.3061  411   0.20  -4.40  39.00  -811.0  4115.0
 55.7827 18.3061  412   0.20  -4.40  39.00  -811.0  4125.0
 55.7828 18.3061  413   0.20  -4.40  39.00  -815.0  4123.0
 55.7828 18.3061  414   0.20  -4.40  39.00  -820.0  4127.0
 55.7828 18.3061  415   0.20  -4.40  39.00  -816.0  4129.0
 55.7828 18.3061  416   0.20  -4.40  39.00  -819.0  4123.0
 55.7828 18.3061  417   0.20  -4.40  39.00  -813.0  4125.0
 55.7827 18.3061  418   0.20  -4.40  39.00  -823.0  4124.0
 55.7827 18.3061  419   0.20  -4.40  39.00  -813.0  4131.0
 55.7828 18.3061  420   0.20  -4.40  39.00  -807.0  4119.0
 55.7828 18.3061  421   0.20  -4.40  39.00  -811.0  4120.0
 55.7828 18.3061  422   0.20  -4.40  39.00  -819.0  4125.0
 55.7828 18.3061  423   0.20  -4.40  39.00  -817.0  4117.0
 55.7828 18.3060  424   0.20  -4.40  39.00  -815.0  4124.0
 55.7828 18.3060  425   0.20  -4.40  39.00  -813.0  4122.0
 55.7828 18.3060  426   0.20  -4.40  39.00  -811.0  4129.0
 55.7828 18.3061  427   0.20  -4.40  39.00  -819.0  4133.0
 55.7828 18.3061  428   0.20  -4.40  39.00  -807.0  4128.0
 55.7828 18.3061  429   0.20  -4.40  39.00  -812.0  4130.0
 55.7828 18.3062  430   0.20  -4.40  39.00  -823.0  4127.0
 55.7828 18.3062  431   0.20  -4.40  39.00  -817.0  4125.0
 55.7828 18.3061  432   0.20  -4.40  39.00  -815.0  4130.0
 55.7828 18.3061  433   0.20  -4.40  39.00  -807.0  4125.0
 55.7828 18.3061  434   0.20  -4.40  39.00  -805.0  4121.0
 55.7828 18.3061  435   0.20  -4.40  39.00  -817.0  4113.0
 55.7828 18.3061  436   0.20  -4.40  39.00  -817.0  4133.0
 55.7828 18.3061  437   0.20  -4.40  39.00  -815.0  4117.0
 55.7828 18.3061  438   0.20  -4.40  39.00  -813.0  4133.0
 55.7828 18.3061  439   0.20  -4.40  39.00  -815.0  4125.0
 55.7828 18.3061  440   0.20  -4.40  39.00  -808.0  4117.0
 55.7828 18.3061  441   0.20  -4.40  39.00  -819.0  4109.0
 55.7828 18.3061  442   0.20  -4.40  39.00  -811.0  4125.0
 55.7828 18.3061  443   0.20  -4.40  39.00  -819.0  4129.0
 55.7828 18.3061  444   0.20  -4.40  39.00  -811.0  4129.0
 55.7828 18.3061  445   0.20  -4.40  39.00  -807.0  4121.0
 55.7828 18.3061  446   0.20  -4.40  39.00  -813.0  4133.0
 55.7828 18.3061  447   0.20  -4.40  39.00  -815.0  4121.0
 55.7828 18.3061  448   0.20  -4.40  39.00  -808.0  4127.0
 55.7828 18.3061  449   0.20  -4.40  39.00  -811.0  4115.0
 55.7828 18.3061  450   0.20  -4.40  39.00  -819.0  4125.0
 55.7828 18.3061  451   0.20  -4.40  39.00  -815.0  4135.0
 55.7828 18.3061  452   0.20  -4.40  39.00  -811.0  4126.0
 55.7828 18.3061  453   0.20  -4.40  39.00  -819.0  4124.0
 55.7828 18.3061  454   0.20  -4.40  39.00  -815.0  4129.0
 55.7828 18.3061  455   0.20  -4.40  39.00  -811.0  4123.0
 55.7828 18.3061  456   0.20  -4.40  39.00  -815.0  4124.0
 55.7828 18.3061  457   0.20  -4.40  39.00  -809.0  4117.0
 55.7828 18.3061  458   0.20  -4.40  39.00  -827.0  4121.0
 55.7828 18.3061  459   0.20  -4.40  39.00  -815.0  4121.0
 55.7828 18.3061  460   0.20  -4.40  39.00  -811.0  4133.0
 55.7828 18.3061  461   0.20  -4.40  39.00  -819.0  4117.0
 55.7828 18.3061  462   0.20  -4.40  39.00  -819.0  4117.0
 55.7828 18.3061  463   0.20  -4.40  39.00  -812.0  4119.0
 55.7828 18.3061  464   0.20  -4.40  39.00  -815.0  4128.0
 55.7828 18.3061  465   0.20  -4.40  39.00  -819.0  4120.0
 55.7828 18.3061  466   0.20  -4.40  39.00  -812.0  4128.0
 55.7828 18.3061  467   0.20  -4.40  39.00  -811.0  4120.0
 55.7828 18.3061  468   0.20  -4.40  39.00  -807.0  4117.0
 55.7828 18.3061  469   0.20  -4.40  39.00  -815.0  4122.0
 55.7828 18.3061  470   0.20  -4.40  39.00  -815.0  4121.0
 55.7828 18.3061  471   0.20  -4.40  39.00  -813.0  4122.0
 55.7828 18.3061  472   0.20  -4.40  39.00  -815.0  4125.0
 55.7828 18.3061  473   0.20  -4.40  39.00  -817.0  4123.0
 55.7828 18.3061  474   0.20  -4.40  39.00  -815.0  4128.0
 55.7828 18.3061  475   0.20  -4.40  39.00  -813.0  4129.0
 55.7828 18.3061  476   0.20  -4.40  39.00  -815.0  4117.0
 55.7828 18.3061  477   0.20  -4.40  39.00  -811.0  4125.0
 55.7828 18.3061  478   0.20  -4.40  39.00  -815.0  4128.0
 55.7828 18.3061  479   0.20  -4.40  39.00  -812.0  4117.0
 55.7828 18.3061  480   0.20  -4.40  39.00  -812.0  4113.0
 55.7828 18.3061  481   0.20  -4.40  39.00  -819.0  4128.0
 55.7828 18.3061  482   0.20  -4.40  39.00  -819.0  4123.0
 55.7828 18.3061  483   0.20  -4.40  39.00  -811.0  4125.0
 55.7828 18.3061  484   0.20  -4.40  39.00  -819.0  4121.0
 55.7828 18.3061  485   0.20  -4.40  39.00  -819.0  4121.0
 55.7828 18.3061  486   0.20  -4.40  39.00  -807.0  4123.0
 55.7827 18.3061  487   0.20  -4.40  39.00 -1027.0  4125.0
 55.7827 18.3061  488   0.20  -4.40  39.00 -1027.0  4417.0
 55.7828 18.3061  489   0.20  -4.40  39.00 -1024.0  4405.0
 55.7828 18.3061  490   0.20  -4.40  39.00 -1033.0  4409.0
 55.7828 18.3062  491   0.20  -4.40  39.00 -1029.0  4408.0
 55.7828 18.3062  492   0.20  -4.40  39.00 -1029.0  4405.0
 55.7829 18.3061  493   0.20  -4.40  39.00 -1027.0  4409.0
 55.7829 18.3061  494   0.20  -4.40  39.00 -1029.0  4405.0
 55.7828 18.3061  495   0.20  -4.40  39.00 -1033.0  4412.0
 55.7828 18.3061  496   0.20  -4.40  39.00 -1035.0  4409.0
 55.7828 18.3060  497   0.20  -4.40  39.00 -1029.0  4401.0
 55.7828 18.3060  498   0.20  -4.40  39.00 -1035.0  4399.0
 55.7827 18.3061  499   0.20  -4.40  39.00 -1035.0  4420.0
 55.7827 18.3061  500   0.20  -4.40  39.00 -1035.0  4419.0
 55.7828 18.3061  501   0.20  -4.40  39.00 -1033.0  4409.0
 55.7828 18.3061  502   0.20  -4.40  39.00 -1033.0  4411.0
 55.7828 18.3062  503   0.20  -4.40  39.00 -1029.0  4405.0
 55.7828 18.3062  504   0.20  -4.40  39.00 -1036.0  4405.0
 55.7828 18.3061  505   0.20  -4.40  39.00 -1035.0  4411.0
 55.7828 18.3061  506   0.20  -4.40  39.00 -1035.0  4413.0
 55.7828 18.3061  507   0.20  -4.40  39.00 -1033.0  4407.0
 55.7828 18.3061  508   0.20  -4.40  39.00 -1029.0  4408.0
 55.7828 18.3061  509   0.20  -4.40  39.00 -1036.0  4409.0
 55.7828 18.3061  510   0.20  -4.40  39.00 -1031.0  4413.0
 55.7828 18.3061  511   0.20  -4.40  39.00 -1031.0  4416.0
 55.7828 18.3061  512   0.20  -4.40  39.00 -1031.0  4405.0
 55.7828 18.3061  513   0.20  -4.40  39.00 -1027.0  4408.0
 55.7828 18.3061  514   0.20  -4.40  39.00 -1027.0  4404.0
 55.7828 18.3061  515   0.20  -4.40  39.00 -1028.0  4409.0
 55.7828 18.3061  516   0.20  -4.40  39.00 -1033.0  4413.0
 55.7828 18.3061  517   0.20  -4.40  39.00 -1027.0  4406.0
 55.7828 18.3061  518   0.20  -4.40  39.00 -1023.0  4409.0
 55.7828 18.3061  519   0.20  -4.40  39.00 -1037.0  4409.0
 55.7828 18.3061  520   0.20  -4.40  39.00 -1015.0  4405.0
 55.7828 18.3061  521   0.20  -4.40  39.00 -1029.0  4397.0
 55.7828 18.3061  522   0.20  -4.40  39.00 -1027.0  4401.0
 55.7828 18.3061  523   0.20  -4.40  39.00 -1031.0  4403.0
 55.7828 18.3061  524   0.20  -4.40  39.00 -1037.0  4407.0
 55.7828 18.3061  525   0.20  -4.40  39.00 -1027.0  4413.0
 55.7828 18.3061  526   0.20  -4.40  39.00 -1035.0  4413.0
 55.7828 18.3061  527   0.20  -4.40  39.00 -1029.0  4407.0
 55.7828 18.3061  528   0.20  -4.40  39.00 -1025.0  4411.0
 55.7828 18.3061  529   0.20  -4.40  39.00 -1027.0  4417.0
 55.7828 18.3061  530   0.20  -4.40  39.00 -1031.0  4413.0
 55.7828 18.3061  531   0.20  -4.40  39.00 -1027.0  4409.0
 55.7828 18.3061  532   0.20  -4.40  39.00 -1023.0  4409.0
 55.7828 18.3061  533   0.20  -4.40  39.00 -1027.0  4411.0
 55.7828 18.3061  534   0.20  -4.40  39.00 -1029.0  4413.0
 55.7828 18.3061  535   0.20  -4.40  39.00 -1027.0  4412.0
 55.7828 18.3061  536   0.20  -4.40  39.00  -765.0  2749.0
 55.7828 18.3061  537   0.20  -4.40  39.00  -771.0  2745.0
 55.7828 18.3061  538   0.20  -4.40  39.00  -760.0  2749.0
 55.7828 18.3061  539   0.20  -4.40  39.00  -767.0  2757.0
 55.7828 18.3061  540   0.20  -4.40  39.00  -773.0  2751.0
 55.7828 18.3061  541   0.20  -4.40  39.00  -766.0  2741.0
 55.7828 18.3061  542   0.20  -4.40  39.00  -761.0  2755.0
 55.7828 18.3061  543   0.20  -4.40  39.00  -771.0  2749.0
 55.7828 18.3061  544   0.20  -4.40  39.00  -763.0  2747.0
 55.7828 18.3061  545   0.20  -4.40  39.00  -764.0  2745.0
 55.7828 18.3061  546   0.20  -4.40  39.00  -767.0  2752.0
 55.7828 18.3061  547   0.20  -4.40  39.00  -763.0  2749.0
 55.7828 18.3061  548   0.20  -4.40  39.00  -771.0  2753.0
 55.7828 18.3061  549   0.20  -4.40  39.00  -767.0  2748.0
 55.7828 18.3061  550   0.20  -4.40  39.00  -767.0  2753.0
 55.7828 18.3061  551   0.20  -4.40  39.00  -772.0  2749.0
 55.7828 18.3061  552   0.20  -4.40  39.00  -771.0  2755.0
 55.7828 18.3061  553   0.20  -4.40  39.00  -775.0  2753.0
 55.7828 18.3061  554   0.20  -4.40  39.00  -772.0  2750.0
 55.7828 18.3061  555   0.20  -4.40  39.00  -764.0  2752.0
 55.7828 18.3061  556   0.20  -4.40  39.00  -767.0  2753.0
 55.7828 18.3061  557   0.20  -4.40  39.00  -771.0  2755.0
 55.7828 18.3061  558   0.20  -4.40  39.00  -768.0  2749.0
 55.7828 18.3061  559   0.20  -4.40  39.00  -771.0  2761.0
 55.7828 18.3061  560   0.20  -4.40  39.00  -771.0  2753.0
 55.7828 18.3061  561   0.20  -4.40  39.00  -771.0  2755.0
 55.7828 18.3061  562   0.20  -4.40  39.00  -772.0  2757.0
 55.7828 18.3061  563   0.20  -4.40  39.00  -771.0  2755.0
 55.7828 18.3061  564   0.20  -4.40  39.00  -763.0  2749.0
 55.7828 18.3061  565   0.20  -4.40  39.00  -766.0  2753.0
 55.7828 18.3062  566   0.20  -4.40  39.00  -771.0  2746.0
 55.7828 18.3062  567   0.20  -4.40  39.00  -775.0  2757.0
 55.7828 18.3061  568   0.20  -4.40  39.00  -764.0  2756.0
 55.7827 18.3061  569   0.20  -4.40  39.00  -773.0  2749.0
 55.7827 18.3061  570   0.20  -4.40  39.00  -771.0  2749.0
 55.7827 18.3061  571   0.20  -4.40  39.00  -768.0  2756.0
 55.7827 18.3061  572   0.20  -4.40  39.00  -767.0  2758.0
 55.7828 18.3061  573   0.20  -4.40  39.00  -767.0  2753.0
 55.7828 18.3061  574   0.20  -4.40  39.00  -779.0  2750.0
 55.7828 18.3061  575   0.20  -4.40  39.00  -775.0  2749.0
 55.7828 18.3061  576   0.20  -4.40  39.00  -771.0  2751.0
 55.7828 18.3061  577   0.20  -4.40  39.00  -763.0  2749.0
 55.7828 18.3060  578   0.20  -4.40  39.00  -768.0  2754.0
 55.7828 18.3060  579   0.20  -4.40  39.00  -631.0  2753.0
 55.7828 18.3061  580   0.20  -4.40  39.00  -623.0  2823.0
 55.7828 18.3061  581   0.20  -4.40  39.00  -627.0  2821.0
 55.7828 18.3061  582   0.20  -4.40  39.00  -627.0  2829.0
 55.7828 18.3061  583   0.20  -4.40  39.00  -631.0  2829.0
 55.7828 18.3061  584   0.20  -4.40  39.00  -623.0  2825.0
 55.7828 18.3061  585   0.20  -4.40  39.00  -629.0  2821.0
 55.7828 18.3061  586   0.20  -4.40  39.00  -624.0  2829.0
 55.7828 18.3061  587   0.20  -4.40  39.00  -631.0  2827.0
 55.7828 18.3061  588   0.20  -4.40  39.00  -627.0  2821.0
 55.7828 18.3061  589   0.20  -4.40  39.00  -627.0  2817.0
 55.7828 18.3061  590   0.20  -4.40  39.00  -627.0  2816.0
 55.7828 18.3061  591   0.20  -4.40  39.00  -629.0  2824.0
 55.7828 18.3061  592   0.20  -4.40  39.00  -635.0  2827.0
 55.7828 18.3061  593   0.20  -4.40  39.00  -627.0  2817.0
 55.7828 18.3061  594   0.20  -4.40  39.00  -635.0  2817.0
 55.7828 18.3061  595   0.20  -4.40  39.00  -632.0  2813.0
 55.7828 18.3061  596   0.20  -4.40  39.00  -631.0  2823.0
 55.7828 18.3061  597   0.20  -4.40  39.00  -623.0  2821.0
 55.7828 18.3061  598   0.20  -4.40  39.00  -619.0  2825.0
 55.7828 18.3061  599   0.20  -4.40  39.00  -627.0  2825.0
 55.7828 18.3061  600   0.20  -4.40  39.00  -619.0  2821.0
 55.7828 18.3061  601   0.20  -4.40  39.00  -629.0  2820.0
 55.7828 18.3061  602   0.20  -4.40  39.00  -625.0  2817.0
 55.7828 18.3061  603   0.20  -4.40  39.00  -625.0  2827.0
 55.7828 18.3061  604   0.20  -4.40  39.00  -627.0  2821.0
 55.7828 18.3061  605   0.20  -4.40  39.00  -626.0  2818.0
 55.7828 18.3061  606   0.20  -4.40  39.00  -621.0  2821.0
 55.7828 18.3061  607   0.20  -4.40  39.00  -633.0  2827.0
 55.7828 18.3061  608   0.20  -4.40  39.00  -627.0  2824.0
 55.7828 18.3061  609   0.20  -4.40  39.00  -621.0  2817.0
 55.7828 18.3061  610   0.20  -4.40  39.00  -627.0  2825.0
 55.7828 18.3061  611   0.20  -4.40  39.00  -635.0  2821.0
 55.7828 18.3061  612   0.20  -4.40  39.00  -627.0  2825.0
 55.7828 18.3061  613   0.20  -4.40  39.00  -627.0  2825.0
 55.7828 18.3061  614   0.20  -4.40  39.00  -633.0  2825.0
 55.7828 18.3061  615   0.20  -4.40  39.00  -627.0  2825.0
 55.7828 18.3061  616   0.20  -4.40  39.00  -635.0  2822.0
 55.7828 18.3061  617   0.20  -4.40  39.00  -633.0  2825.0
 55.7828 18.3061  618   0.20  -4.40  39.00  -624.0  2825.0
 55.7828 18.3061  619   0.20  -4.40  39.00  -628.0  2825.0
 55.7828 18.3061  620   0.20  -4.40  39.00  -635.0  2825.0
 55.7828 18.3061  621   0.20  -4.40  39.00  -628.0  2821.0
 55.7828 18.3061  622   0.20  -4.40  39.00  -628.0  2818.0
 55.7828 18.3061  623   0.20  -4.40  39.00  -628.0  2828.0
 55.7828 18.3061  624   0.20  -4.40  39.00  -627.0  2820.0
 55.7828 18.3061  625   0.20  -4.40  39.00  -542.0  2829.0
 55.7828 18.3061  626   0.20  -4.40  39.00  -543.0  3361.0
 55.7828 18.3061  627   0.20  -4.40  39.00  -543.0  3355.0
 55.7828 18.3061  628   0.20  -4.40  39.00  -537.0  3354.0
 55.7828 18.3061  629   0.20  -4.40  39.00  -544.0  3357.0
 55.7828 18.3061  630   0.20  -4.40  39.00  -543.0  3353.0
 55.7828 18.3061  631   0.20  -4.40  39.00  -539.0  3353.0
 55.7828 18.3061  632   0.20  -4.40  39.00  -539.0  3357.0
 55.7828 18.3061  633   0.20  -4.40  39.00  -544.0  3349.0
 55.7828 18.3061  634   0.20  -4.40  39.00  -545.0  3351.0
 55.7828 18.3061  635   0.20  -4.40  39.00  -545.0  3353.0
 55.7828 18.3061  636   0.20  -4.40  39.00  -539.0  3345.0
 55.7828 18.3061  637   0.20  -4.40  39.00  -541.0  3357.0
 55.7828 18.3061  638   0.20  -4.40  39.00  -539.0  3361.0
 55.7828 18.3061  639   0.20  -4.40  39.00  -539.0  3349.0
 55.7828 18.3061  640   0.20  -4.40  39.00  -539.0  3359.0
 55.7828 18.3061  641   0.20  -4.40  39.00  -535.0  3349.0
 55.7828 18.3061  642   0.20  -4.40  39.00  -539.0  3357.0
 55.7828 18.3061  643   0.20  -4.40  39.00  -543.0  3364.0
 55.7828 18.3061  644   0.20  -4.40  39.00  -543.0  3355.0
 55.7828 18.3061  645   0.20  -4.40  39.00  -539.0  3349.0
 55.7828 18.3062  646   0.20  -4.40  39.00  -547.0  3353.0
 55.7828 18.3062  647   0.20  -4.40  39.00  -543.0  3349.0
 55.7829 18.3060  648   0.20  -4.40  39.00  -541.0  3361.0
 55.7829 18.3060  649   0.20  -4.40  39.00  -543.0  3355.0
 55.7828 18.3062  650   0.20  -4.40  39.00  -543.0  3365.0
 55.7828 18.3062  651   0.20  -4.40  39.00  -544.0  3353.0
 55.7828 18.3061  652   0.20  -4.40  39.00  -543.0  3360.0
 55.7827 18.3062  653   0.20  -4.40  39.00  -548.0  3353.0
 55.7827 18.3062  654   0.20  -4.40  39.00  -539.0  3348.0
 55.7828 18.3061  655   0.20  -4.40  39.00  -539.0  3349.0
 55.7828 18.3061  656   0.20  -4.40  39.00  -543.0  3347.0
 55.7828 18.3061  657   0.20  -4.40  39.00  -543.0  3351.0
 55.7828 18.3061  658   0.20  -4.40  39.00  -539.0  3337.0
 55.7828 18.3061  659   0.20  -4.40  39.00  -548.0  3353.0
 55.7828 18.3061  660   0.20  -4.40  39.00  -547.0  3357.0
 55.7828 18.3061  661   0.20  -4.40  39.00  -540.0  3351.0
 55.7828 18.3061  662   0.20  -4.40  39.00  -551.0  3351.0
 55.7828 18.3061  663   0.20  -4.40  39.00  -547.0  3351.0
 55.7828 18.3061  664   0.20  -4.40  39.00  -543.0  3357.0
 55.7828 18.3061  665   0.20  -4.40  39.00  -543.0  3353.0
 55.7828 18.3061  666   0.20  -4.40  39.00  -536.0  3349.0
 55.7828 18.3061  667   0.20  -4.40  39.00  -533.0  3543.0
 55.7828 18.3061  668   0.20  -4.40  39.00  -543.0  3537.0
 55.7828 18.3061  669   0.20  -4.40  39.00  -535.0  3547.0
 55.7828 18.3061  670   0.20  -4.40  39.00  -535.0  3538.0
 55.7828 18.3061  671   0.20  -4.40  39.00  -529.0  3535.0
 55.7828 18.3061  672   0.20  -4.40  39.00  -547.0  3541.0
 55.7828 18.3061  673   0.20  -4.40  39.00  -537.0  3540.0
 55.7828 18.3061  674   0.20  -4.40  39.00  -536.0  3533.0
 55.7828 18.3061  675   0.20  -4.40  39.00  -540.0  3539.0
 55.7828 18.3061  676   0.20  -4.40  39.00  -536.0  3539.0
 55.7828 18.3061  677   0.20  -4.40  39.00  -535.0  3537.0
 55.7828 18.3061  678   0.20  -4.40  39.00  -535.0  3545.0
 55.7828 18.3061  679   0.20  -4.40  39.00  -535.0  3532.0
 55.7828 18.3061  680   0.20  -4.40  39.00  -541.0  3537.0
 55.7828 18.3061  681   0.20  -4.40  39.00  -531.0  3533.0
 55.7828 18.3061  682   0.20  -4.40  39.00  -543.0  3531.0
 55.7828 18.3061  683   0.20  -4.40  39.00  -539.0  3533.0
 55.7828 18.3061  684   0.20  -4.40  39.00  -539.0  3535.0
 55.7828 18.3061  685   0.20  -4.40  39.00  -539.0  3525.0
 55.7828 18.3061  686   0.20  -4.40  39.00  -531.0  3541.0
 55.7828 18.3061  687   0.20  -4.40  39.00  -539.0  3529.0
 55.7828 18.3061  688   0.20  -4.40  39.00  -535.0  3537.0
 55.7828 18.3061  689   0.20  -4.40  39.00  -533.0  3537.0
 55.7828 18.3061  690   0.20  -4.40  39.00  -531.0  3533.0
 55.7828 18.3061  691   0.20  -4.40  39.00  -531.0  3535.0
 55.7828 18.3061  692   0.20  -4.40  39.00  -539.0  3541.0
 55.7828 18.3061  693   0.20  -4.40  39.00  -536.0  3529.0
 55.7828 18.3061  694   0.20  -4.40  39.00  -539.0  3529.0
 55.7828 18.3061  695   0.20  -4.40  39.00  -539.0  3537.0
 55.7828 18.3061  696   0.20  -4.40  39.00  -537.0  3529.0
 55.7828 18.3061  697   0.20  -4.40  39.00  -529.0  3530.0
 55.7828 18.3061  698   0.20  -4.40  39.00  -543.0  3537.0
 55.7828 18.3061  699   0.20  -4.40  39.00  -533.0  3536.0
 55.7828 18.3061  700   0.20  -4.40  39.00  -535.0  3537.0
 55.7828 18.3061  701   0.20  -4.40  39.00  -539.0  3541.0
 55.7828 18.3061  702   0.20  -4.40  39.00  -537.0  3533.0
 55.7828 18.3061  703   0.20  -4.40  39.00  -535.0  3544.0
 55.7828 18.3061  704   0.20  -4.40  39.00  -536.0  3537.0
 55.7828 18.3061  705   0.20  -4.40  39.00  -535.0  3532.0
 55.7828 18.3061  706   0.20  -4.40  39.00  -531.0  3529.0
 55.7828 18.3061  707   0.20  -4.40  39.00  -537.0  3538.0
 55.7828 18.3061  708   0.20  -4.40  39.00  -535.0  3532.0
 55.7828 18.3061  709   0.20  -4.40  39.00  -531.0  3537.0
 55.7828 18.3061  710   0.20  -4.40  39.00  -541.0  3537.0
 55.7828 18.3061  711   0.20  -4.40  39.00  -535.0  3533.0
 55.7828 18.3061  712   0.20  -4.40  39.00  -535.0  3533.0
 55.7828 18.3061  713   0.20  -4.40  39.00  -544.0  3529.0
 55.7828 18.3061  714   0.20  -4.40  39.00  -547.0  3681.0
 55.7828 18.3061  715   0.20  -4.40  39.00  -538.0  3681.0
 55.7828 18.3061  716   0.20  -4.40  39.00  -543.0  3681.0
 55.7828 18.3061  717   0.20  -4.40  39.00  -543.0  3683.0
 55.7828 18.3061  718   0.20  -4.40  39.00  -548.0  3673.0
 55.7828 18.3061  719   0.20  -4.40  39.00  -547.0  3679.0
 55.7828 18.3061  720   0.20  -4.40  39.00  -544.0  3681.0
 55.7828 18.3061  721   0.20  -4.40  39.00  -543.0  3677.0
 55.7828 18.3061  722   0.20  -4.40  39.00  -549.0  3683.0
 55.7828 18.3061  723   0.20  -4.40  39.00  -547.0  3677.0
 55.7828 18.3061  724   0.20  -4.40  39.00  -549.0  3677.0
 55.7828 18.3061  725   0.20  -4.40  39.00  -543.0  3681.0
 55.7828 18.3061  726   0.20  -4.40  39.00  -540.0  3677.0
 55.7828 18.3061  727   0.20  -4.40  39.00  -547.0  3675.0
 55.7827 18.3061  728   0.20  -4.40  39.00  -543.0  3678.0
 55.7827 18.3061  729   0.20  -4.40  39.00  -543.0  3677.0
 55.7827 18.3061  730   0.20  -4.40  39.00  -547.0  3681.0
 55.7828 18.3061  731   0.20  -4.40  39.00  -544.0  3685.0
 55.7828 18.3061  732   0.20  -4.40  39.00  -543.0  3677.0
 55.7828 18.3061  733   0.20  -4.40  39.00  -541.0  3681.0
 55.7828 18.3061  734   0.20  -4.40  39.00  -547.0  3681.0
 55.7828 18.3061  735   0.20  -4.40  39.00  -543.0  3677.0
 55.7828 18.3061  736   0.20  -4.40  39.00  -551.0  3686.0
 55.7828 18.3061  737   0.20  -4.40  39.00  -548.0  3681.0
 55.7828 18.3061  738   0.20  -4.40  39.00  -543.0  3676.0
 55.7828 18.3061  739   0.20  -4.40  39.00  -551.0  3677.0
 55.7828 18.3062  740   0.20  -4.40  39.00  -547.0  3677.0
 55.7828 18.3062  741   0.20  -4.40  39.00  -543.0  3690.0
 55.7828 18.3061  742   0.20  -4.40  39.00  -545.0  3673.0
 55.7828 18.3061  743   0.20  -4.40  39.00  -551.0  3681.0
 55.7828 18.3061  744   0.20  -4.40  39.00  -541.0  3683.0
 55.7828 18.3061  745   0.20  -4.40  39.00  -544.0  3685.0
 55.7828 18.3061  746   0.20  -4.40  39.00  -547.0  3677.0
 55.7828 18.3061  747   0.20  -4.40  39.00  -539.0  3677.0
 55.7828 18.3061  748   0.20  -4.40  39.00  -541.0  3677.0
 55.7828 18.3061  749   0.20  -4.40  39.00  -543.0  3681.0
 55.7828 18.3061  750   0.20  -4.40  39.00  -543.0  3681.0
 55.7828 18.3061  751   0.20  -4.40  39.00  -545.0  3689.0
 55.7828 18.3061  752   0.20  -4.40  39.00  -547.0  3677.0
 55.7828 18.3061  753   0.20  -4.40  39.00  -543.0  3681.0
 55.7828 18.3061  754   0.20  -4.40  39.00  -535.0  3682.0
 55.7828 18.3061  755   0.20  -4.40  39.00  -547.0  3684.0
 55.7828 18.3061  756   0.20  -4.40  39.00  -535.0  3681.0
 55.7828 18.3061  757   0.20  -4.40  39.00  -547.0  3682.0
 55.7828 18.3061  758   0.20  -4.40  39.00  -543.0  3681.0
 55.7828 18.3061  759   0.20  -4.40  39.00  -559.0  3677.0
 55.7828 18.3061  760   0.20  -4.40  39.00  -619.0  3688.0
 55.7828 18.3061  761   0.20  -4.40  39.00  -625.0  4613.0
 55.7828 18.3061  762   0.20  -4.40  39.00  -625.0  4609.0
 55.7828 18.3061  763   0.20  -4.40  39.00  -625.0  4608.0
 55.7828 18.3061  764   0.20  -4.40  39.00  -623.0  4605.0
 55.7828 18.3061  765   0.20  -4.40  39.00  -615.0  4605.0
 55.7828 18.3061  766   0.20  -4.40  39.00  -620.0  4611.0
 55.7828 18.3061  767   0.20  -4.40  39.00  -616.0  4615.0
 55.7828 18.3061  768   0.20  -4.40  39.00  -616.0  4613.0
 55.7828 18.3061  769   0.20  -4.40  39.00  -620.0  4605.0
 55.7828 18.3061  770   0.20  -4.40  39.00  -627.0  4611.0
 55.7828 18.3061  771   0.20  -4.40  39.00  -619.0  4618.0
 55.7828 18.3061  772   0.20  -4.40  39.00  -623.0  4613.0
 55.7828 18.3061  773   0.20  -4.40  39.00  -623.0  4611.0
 55.7828 18.3061  774   0.20  -4.40  39.00  -619.0  4608.0
 55.7828 18.3061  775   0.20  -4.40  39.00  -615.0  4613.0
 55.7828 18.3061  776   0.20  -4.40  39.00  -612.0  4616.0
 55.7828 18.3061  777   0.20  -4.40  39.00  -617.0  4605.0
 55.7828 18.3061  778   0.20  -4.40  39.00  -619.0  4613.0
 55.7828 18.3061  779   0.20  -4.40  39.00  -619.0  4610.0
 55.7828 18.3061  780   0.20  -4.40  39.00  -617.0  4611.0
 55.7828 18.3061  781   0.20  -4.40  39.00  -627.0  4613.0
 55.7828 18.3061  782   0.20  -4.40  39.00  -619.0  4609.0
 55.7828 18.3061  783   0.20  -4.40  39.00  -635.0  4609.0
 55.7828 18.3061  784   0.20  -4.40  39.00  -619.0  4609.0
 55.7828 18.3061  785   0.20  -4.40  39.00  -623.0  4613.0
 55.7828 18.3061  786   0.20  -4.40  39.00  -625.0  4609.0
 55.7828 18.3061  787   0.20  -4.40  39.00  -614.0  4616.0
 55.7828 18.3061  788   0.20  -4.40  39.00  -623.0  4609.0
 55.7828 18.3061  789   0.20  -4.40  39.00  -623.0  4617.0
 55.7828 18.3061  790   0.20  -4.40  39.00  -621.0  4609.0
 55.7828 18.3061  791   0.20  -4.40  39.00  -625.0  4611.0
 55.7828 18.3061  792   0.20  -4.40  39.00  -607.0  4609.0
 55.7828 18.3061  793   0.20  -4.40  39.00  -616.0  4615.0
 55.7828 18.3061  794   0.20  -4.40  39.00  -619.0  4612.0
 55.7828 18.3061  795   0.20  -4.40  39.00  -608.0  4607.0
 55.7828 18.3061  796   0.20  -4.40  39.00  -623.0  4609.0
 55.7828 18.3061  797   0.20  -4.40  39.00  -619.0  4613.0
 55.7828 18.3061  798   0.20  -4.40  39.00  -620.0  4603.0
 55.7828 18.3061  799   0.20  -4.40  39.00  -623.0  4612.0
 55.7828 18.3061  800   0.20  -4.40  39.00  -639.0  4609.0
 55.7829 18.3060  801   0.20  -4.40  39.00  -649.0  4865.0
 55.7828 18.3061  802   0.20  -4.40  39.00  -639.0  4869.0
 55.7828 18.3061  803   0.20  -4.40  39.00  -651.0  4861.0
 55.7827 18.3060  804   0.20  -4.40  39.00  -648.0  4861.0
 55.7827 18.3060  805   0.20  -4.40  39.00  -659.0  4861.0
 55.7827 18.3060  806   0.20  -4.40  39.00  -643.0  4857.0
 55.7828 18.3062  807   0.20  -4.40  39.00  -639.0  4864.0
 55.7828 18.3062  808   0.20  -4.40  39.00  -647.0  4861.0
 55.7828 18.3061  809   0.20  -4.40  39.00  -643.0  4855.0
 55.7828 18.3061  810   0.20  -4.40  39.00  -643.0  4869.0
 55.7828 18.3061  811   0.20  -4.40  39.00  -647.0  4861.0
 55.7828 18.3061  812   0.20  -4.40  39.00  -639.0  4861.0
 55.7828 18.3061  813   0.20  -4.40  39.00  -647.0  4861.0
 55.7828 18.3061  814   0.20  -4.40  39.00  -643.0  4865.0
 55.7828 18.3061  815   0.20  -4.40  39.00  -643.0  4861.0
 55.7828 18.3061  816   0.20  -4.40  39.00  -646.0  4864.0
 55.7828 18.3061  817   0.20  -4.40  39.00  -645.0  4864.0
 55.7828 18.3061  818   0.20  -4.40  39.00  -645.0  4859.0
 55.7828 18.3061  819   0.20  -4.40  39.00  -647.0  4861.0
 55.7828 18.3061  820   0.20  -4.40  39.00  -643.0  4869.0
 55.7828 18.3061  821   0.20  -4.40  39.00  -642.0  4859.0
 55.7828 18.3061  822   0.20  -4.40  39.00  -643.0  4867.0
 55.7828 18.3061  823   0.20  -4.40  39.00  -641.0  4865.0
 55.7828 18.3061  824   0.20  -4.40  39.00  -639.0  4865.0
 55.7828 18.3061  825   0.20  -4.40  39.00  -639.0  4870.0
 55.7828 18.3061  826   0.20  -4.40  39.00  -645.0  4861.0
 55.7828 18.3061  827   0.20  -4.40  39.00  -644.0  4863.0
 55.7828 18.3061  828   0.20  -4.40  39.00  -642.0  4855.0
 55.7828 18.3061  829   0.20  -4.40  39.00  -643.0  4856.0
 55.7828 18.3061  830   0.20  -4.40  39.00  -639.0  4865.0
 55.7828 18.3061  831   0.20  -4.40  39.00  -645.0  4869.0
 55.7828 18.3061  832   0.20  -4.40  39.00  -645.0  4868.0
 55.7828 18.3061  833   0.20  -4.40  39.00  -647.0  4865.0
 55.7828 18.3061  834   0.20  -4.40  39.00  -647.0  4860.0
 55.7828 18.3061  835   0.20  -4.40  39.00  -643.0  4861.0
 55.7828 18.3061  836   0.20  -4.40  39.00  -641.0  4857.0
 55.7828 18.3061  837   0.20  -4.40  39.00  -639.0  4861.0
 55.7828 18.3061  838   0.20  -4.40  39.00  -639.0  4864.0
 55.7828 18.3061  839   0.20  -4.40  39.00  -648.0  4861.0
 55.7828 18.3061  840   0.20  -4.40  39.00  -637.0  4863.0
 55.7828 18.3061  841   0.20  -4.40  39.00  -635.0  4857.0
 55.7828 18.3061  842   0.20  -4.40  39.00  -649.0  4871.0
 55.7828 18.3061  843   0.20  -4.40  39.00  -647.0  4867.0
 55.7828 18.3061  844   0.20  -4.40  39.00  -640.0  4861.0
 55.7828 18.3061  845   0.20  -4.40  39.00  -643.0  4865.0
 55.7828 18.3061  846   0.20  -4.40  39.00  -647.0  4861.0
 55.7828 18.3061  847   0.20  -4.40  39.00  -643.0  4857.0
 55.7828 18.3061  848   0.20  -4.40  39.00  -651.0  4861.0
 55.7828 18.3061  849   0.20  -4.40  39.00  -635.0  4869.0
 55.7828 18.3061  850   0.20  -4.40  39.00  -643.0  3973.0
 55.7828 18.3061  851   0.20  -4.40  39.00  -639.0  3981.0
 55.7828 18.3061  852   0.20  -4.40  39.00  -639.0  3985.0
 55.7828 18.3061  853   0.20  -4.40  39.00  -643.0  3981.0
 55.7828 18.3061  854   0.20  -4.40  39.00  -639.0  3981.0
 55.7828 18.3061  855   0.20  -4.40  39.00  -655.0  3975.0
 55.7828 18.3061  856   0.20  -4.40  39.00  -643.0  3985.0
 55.7828 18.3061  857   0.20  -4.40  39.00  -643.0  3988.0
 55.7828 18.3061  858   0.20  -4.40  39.00  -641.0  3988.0
 55.7828 18.3061  859   0.20  -4.40  39.00  -639.0  3989.0
 55.7828 18.3061  860   0.20  -4.40  39.00  -639.0  3986.0
 55.7828 18.3061  861   0.20  -4.40  39.00  -637.0  3985.0
 55.7828 18.3061  862   0.20  -4.40  39.00  -635.0  3985.0
 55.7828 18.3061  863   0.20  -4.40  39.00  -636.0  3983.0
 55.7828 18.3061  864   0.20  -4.40  39.00  -647.0  3981.0
 55.7828 18.3061  865   0.20  -4.40  39.00  -639.0  3980.0
 55.7828 18.3061  866   0.20  -4.40  39.00  -640.0  3987.0
 55.7828 18.3061  867   0.20  -4.40  39.00  -631.0  3989.0
 55.7828 18.3061  868   0.20  -4.40  39.00  -639.0  3988.0
 55.7828 18.3061  869   0.20  -4.40  39.00  -635.0  3975.0
 55.7828 18.3061  870   0.20  -4.40  39.00  -635.0  3989.0
 55.7828 18.3061  871   0.20  -4.40  39.00  -640.0  3989.0
 55.7828 18.3061  872   0.20  -4.40  39.00  -640.0  3989.0
 55.7828 18.3061  873   0.20  -4.40  39.00  -632.0  3989.0
 55.7828 18.3061  874   0.20  -4.40  39.00  -647.0  3989.0
 55.7828 18.3061  875   0.20  -4.40  39.00  -639.0  3985.0
 55.7828 18.3061  876   0.20  -4.40  39.00  -636.0  3983.0
 55.7828 18.3061  877   0.20  -4.40  39.00  -645.0  3989.0
 55.7828 18.3061  878   0.20  -4.40  39.00  -647.0  3977.0
 55.7828 18.3061  879   0.20  -4.40  39.00  -643.0  3985.0
 55.7828 18.3061  880   0.20  -4.40  39.00  -639.0  3991.0
 55.7828 18.3061  881   0.20  -4.40  39.00  -639.0  3989.0
 55.7828 18.3061  882   0.20  -4.40  39.00  -643.0  3981.0
 55.7828 18.3061  883   0.20  -4.40  39.00  -639.0  3988.0
 55.7828 18.3062  884   0.20  -4.40  39.00  -643.0  3983.0
 55.7828 18.3062  885   0.20  -4.40  39.00  -644.0  3985.0
 55.7828 18.3061  886   0.20  -4.40  39.00  -639.0  3977.0
 55.7828 18.3061  887   0.20  -4.40  39.00  -643.0  3987.0
 55.7828 18.3061  888   0.20  -4.40  39.00  -643.0  3983.0
 55.7828 18.3061  889   0.20  -4.40  39.00  -639.0  3984.0
 55.7828 18.3061  890   0.20  -4.40  39.00  -641.0  3985.0
 55.7828 18.3061  891   0.20  -4.40  39.00  -647.0  3985.0
 55.7827 18.3061  892   0.20  -4.40  39.00  -643.0  3987.0
 55.7827 18.3062  893   0.20  -4.40  39.00  -639.0  3981.0
 55.7827 18.3062  894   0.20  -4.40  39.00  -640.0  3981.0
 55.7827 18.3061  895   0.20  -4.40  39.00  -637.0  3985.0
 55.7828 18.3061  896   0.20  -4.40  39.00  -645.0  3983.0
 55.7828 18.3061  897   0.20  -4.40  39.00  -603.0  3982.0
 55.7828 18.3061  898   0.20  -4.40  39.00  -601.0  3417.0
 55.7828 18.3061  899   0.20  -4.40  39.00  -603.0  3413.0
 55.7828 18.3061  900   0.20  -4.40  39.00  -603.0  3413.0
 55.7828 18.3061  901   0.20  -4.40  39.00  -595.0  3417.0
 55.7828 18.3061  902   0.20  -4.40  39.00  -599.0  3421.0
 55.7828 18.3061  903   0.20  -4.40  39.00  -597.0  3417.0
 55.7828 18.3061  904   0.20  -4.40  39.00  -603.0  3409.0
 55.7828 18.3061  905   0.20  -4.40  39.00  -603.0  3419.0
 55.7828 18.3061  906   0.20  -4.40  39.00  -589.0  3413.0
 55.7828 18.3061  907   0.20  -4.40  39.00  -603.0  3416.0
 55.7828 18.3061  908   0.20  -4.40  39.00  -600.0  3407.0
 55.7828 18.3061  909   0.20  -4.40  39.00  -603.0  3413.0
 55.7828 18.3061  910   0.20  -4.40  39.00  -605.0  3413.0
 55.7828 18.3061  911   0.20  -4.40  39.00  -599.0  3415.0
 55.7828 18.3061  912   0.20  -4.40  39.00  -599.0  3413.0
 55.7828 18.3061  913   0.20  -4.40  39.00  -599.0  3413.0
 55.7828 18.3061  914   0.20  -4.40  39.00  -599.0  3412.0
 55.7828 18.3061  915   0.20  -4.40  39.00  -603.0  3417.0
 55.7828 18.3061  916   0.20  -4.40  39.00  -601.0  3409.0
 55.7828 18.3061  917   0.20  -4.40  39.00  -587.0  3417.0
 55.7828 18.3061  918   0.20  -4.40  39.00  -601.0  3413.0
 55.7828 18.3061  919   0.20  -4.40  39.00  -591.0  3409.0
 55.7828 18.3061  920   0.20  -4.40  39.00  -604.0  3417.0
 55.7828 18.3061  921   0.20  -4.40  39.00  -593.0  3413.0
 55.7828 18.3061  922   0.20  -4.40  39.00  -599.0  3412.0
 55.7828 18.3061  923   0.20  -4.40  39.00  -603.0  3419.0
 55.7828 18.3061  924   0.20  -4.40  39.00  -599.0  3415.0
 55.7828 18.3061  925   0.20  -4.40  39.00  -603.0  3409.0
 55.7828 18.3061  926   0.20  -4.40  39.00  -599.0  3415.0
 55.7828 18.3061  927   0.20  -4.40  39.00  -600.0  3415.0
 55.7828 18.3061  928   0.20  -4.40  39.00  -600.0  3415.0
 55.7828 18.3061  929   0.20  -4.40  39.00  -595.0  3413.0
 55.7828 18.3061  930   0.20  -4.40  39.00  -607.0  3414.0
 55.7828 18.3061  931   0.20  -4.40  39.00  -603.0  3417.0
 55.7828 18.3061  932   0.20  -4.40  39.00  -599.0  3411.0
 55.7828 18.3061  933   0.20  -4.40  39.00  -603.0  3413.0
 55.7828 18.3061  934   0.20  -4.40  39.00  -600.0  3413.0
 55.7828 18.3061  935   0.20  -4.40  39.00  -591.0  3416.0
 55.7828 18.3061  936   0.20  -4.40  39.00  -599.0  3412.0
 55.7828 18.3061  937   0.20  -4.40  39.00  -603.0  3407.0
 55.7828 18.3061  938   0.20  -4.40  39.00  -599.0  3420.0
 55.7828 18.3061  939   0.20  -4.40  39.00  -603.0  3401.0
 55.7828 18.3061  940   0.20  -4.40  39.00  -599.0  3415.0
 55.7828 18.3061  941   0.20  -4.40  39.00  -600.0  3412.0
 55.7828 18.3061  942   0.20  -4.40  39.00  -601.0  3413.0
 55.7828 18.3061  943   0.20  -4.40  39.00  -600.0  3416.0
 55.7828 18.3061  944   0.20  -4.40  39.00  -603.0  3421.0
 55.7828 18.3061  945   0.20  -4.40  39.00  -599.0  3413.0
 55.7828 18.3061  946   0.20  -4.40  39.00  -785.0  5805.0
 55.7828 18.3061  947   0.20  -4.40  39.00  -789.0  5800.0
 55.7828 18.3061  948   0.20  -4.40  39.00  -796.0  5808.0
 55.7828 18.3061  949   0.20  -4.40  39.00  -785.0  5809.0
 55.7828 18.3061  950   0.20  -4.40  39.00  -784.0  5801.0
 55.7828 18.3061  951   0.20  -4.40  39.00  -787.0  5801.0
 55.7828 18.3061  952   0.20  -4.40  39.00  -787.0  5805.0
 55.7828 18.3061  953   0.20  -4.40  39.00  -787.0  5801.0
 55.7828 18.3061  954   0.20  -4.40  39.00  -788.0  5809.0
 55.7828 18.3061  955   0.20  -4.40  39.00  -796.0  5803.0
 55.7828 18.3061  956   0.20  -4.40  39.00  -783.0  5805.0
 55.7828 18.3061  957   0.20  -4.40  39.00  -791.0  5805.0
 55.7828 18.3061  958   0.20  -4.40  39.00  -783.0  5803.0
 55.7828 18.3061  959   0.20  -4.40  39.00  -788.0  5808.0
 55.7828 18.3061  960   0.20  -4.40  39.00  -791.0  5810.0
 55.7828 18.3061  961   0.20  -4.40  39.00  -791.0  5801.0
 55.7828 18.3061  962   0.20  -4.40  39.00  -792.0  5809.0
 55.7828 18.3061  963   0.20  -4.40  39.00  -781.0  5797.0
 55.7828 18.3061  964   0.20  -4.40  39.00  -783.0  5800.0
 55.7828 18.3061  965   0.20  -4.40  39.00  -791.0  5799.0
 55.7828 18.3061  966   0.20  -4.40  39.00  -787.0  5805.0
 55.7828 18.3061  967   0.20  -4.40  39.00  -787.0  5800.0
 55.7828 18.3061  968   0.20  -4.40  39.00  -785.0  5805.0
 55.7828 18.3061  969   0.20  -4.40  39.00  -793.0  5799.0
 55.7828 18.3061  970   0.20  -4.40  39.00  -787.0  5805.0
 55.7828 18.3061  971   0.20  -4.40  39.00  -787.0  5803.0
 55.7828 18.3061  972   0.20  -4.40  39.00  -791.0  5805.0
 55.7828 18.3061  973   0.20  -4.40  39.00  -787.0  5803.0
 55.7828 18.3061  974   0.20  -4.40  39.00  -783.0  5803.0
 55.7828 18.3061  975   0.20  -4.40  39.00  -791.0  5804.0
 55.7828 18.3061  976   0.20  -4.40  39.00  -788.0  5805.0
 55.7828 18.3061  977   0.20  -4.40  39.00  -787.0  5809.0
 55.7828 18.3061  978   0.20  -4.40  39.00  -791.0  5805.0
 55.7828 18.3061  979   0.20  -4.40  39.00  -780.0  5800.0
 55.7828 18.3061  980   0.20  -4.40  39.00  -787.0  5805.0
 55.7828 18.3061  981   0.20  -4.40  39.00  -780.0  5805.0
 55.7828 18.3061  982   0.20  -4.40  39.00  -787.0  5807.0
 55.7828 18.3061  983   0.20  -4.40  39.00  -787.0  5802.0
 55.7828 18.3061  984   0.20  -4.40  39.00  -785.0  5801.0
 55.7828 18.3061  985   0.20  -4.40  39.00  -791.0  5797.0
 55.7828 18.3061  986   0.20  -4.40  39.00  -787.0  5805.0
 55.7828 18.3061  987   0.20  -4.40  39.00  -783.0  5799.0
 55.7828 18.3061  988   0.20  -4.40  39.00  -795.0  5803.0
 55.7828 18.3061  989   0.20  -4.40  39.00  -876.0  5803.0
 55.7828 18.3061  990   0.20  -4.40  39.00  -885.0 -5531.0
 55.7828 18.3061  991   0.20  -4.40  39.00  -883.0 -5525.0
 55.7828 18.3061  992   0.20  -4.40  39.00  -881.0 -5532.0
 55.7828 18.3061  993   0.20  -4.40  39.00  -883.0 -5523.0
 55.7828 18.3061  994   0.20  -4.40  39.00  -881.0 -5519.0
 55.7828 18.3061  995   0.20  -4.40  39.00  -883.0 -5519.0
 55.7828 18.3061  996   0.20  -4.40  39.00  -877.0 -5515.0
 55.7828 18.3061  997   0.20  -4.40  39.00  -883.0 -5519.0
 55.7828 18.3061  998   0.20  -4.40  39.00  -873.0 -5515.0
 55.7828 18.3061  999   0.20  -4.40  39.00  -883.0 -5519.0
