 60.1432 15.9333    0   0.50  -1.80  35.00  -397.0 -4995.0
 60.1431 15.9333    1   0.50  -1.80  35.00  -409.0 -5013.0
 60.1431 15.9333    2   0.50  -1.80  35.00  -397.0 -5009.0
 60.1431 15.9333    3   0.50  -1.80  35.00  -398.0 -5014.0
 60.1431 15.9333    4   0.50  -1.80  35.00  -397.0 -5001.0
 60.1431 15.9333    5   0.50  -1.80  35.00  -397.0 -5009.0
 60.1431 15.9333    6   0.50  -1.80  35.00  -395.0 -5013.0
 60.1432 15.9333    7   0.50  -1.80  35.00  -395.0 -4971.0
 60.1432 15.9333    8   0.50  -1.80  35.00  -397.0 -4977.0
 60.1431 15.9333    9   0.50  -1.80  35.00  -389.0 -4979.0
 60.1431 15.9333   10   0.50  -1.80  35.00  -393.0 -4980.0
 60.1431 15.9333   11   0.50  -1.80  35.00  -397.0 -4978.0
 60.1431 15.9333   12   0.50  -1.80  35.00  -394.0 -4971.0
 60.1431 15.9333   13   0.50  -1.80  35.00  -402.0 -4981.0
 60.1431 15.9333   14   0.50  -1.80  35.00  -396.0 -4977.0
 60.1431 15.9333   15   0.50  -1.80  35.00  -395.0 -4981.0
 60.1431 15.9333   16   0.50  -1.80  35.00  -395.0 -4977.0
 60.1432 15.9333   17   0.50  -1.80  35.00  -394.0 -4983.0
 60.1432 15.9333   18   0.50  -1.80  35.00  -396.0 -4974.0
 60.1431 15.9333   19   0.50  -1.80  35.00  -401.0 -4981.0
 60.1431 15.9333   20   0.50  -1.80  35.00  -393.0 -4979.0
 60.1431 15.9333   21   0.50  -1.80  35.00  -396.0 -4979.0
 60.1431 15.9333   22   0.50  -1.80  35.00  -392.0 -4979.0
 60.1431 15.9333   23   0.50  -1.80  35.00  -407.0 -4972.0
 60.1431 15.9333   24   0.50  -1.80  35.00  -390.0 -4977.0
 60.1431 15.9333   25   0.50  -1.80  35.00  -394.0 -4978.0
 60.1431 15.9333   26   0.50  -1.80  35.00  -399.0 -4977.0
 60.1431 15.9333   27   0.50  -1.80  35.00  -401.0 -4978.0
 60.1431 15.9333   28   0.50  -1.80  35.00  -389.0 -4977.0
 60.1431 15.9333   29   0.50  -1.80  35.00  -397.0 -4978.0
 60.1431 15.9333   30   0.50  -1.80  35.00  -389.0 -4977.0
 60.1431 15.9333   31   0.50  -1.80  35.00  -395.0 -4983.0
 60.1431 15.9333   32   0.50  -1.80  35.00  -390.0 -4981.0
 60.1431 15.9333   33   0.50  -1.80  35.00  -395.0 -4972.0
 60.1431 15.9333   34   0.50  -1.80  35.00  -401.0 -4977.0
 60.1431 15.9333   35   0.50  -1.80  35.00  -398.0 -4977.0
 60.1431 15.9333   36   0.50  -1.80  35.00  -389.0 -4967.0
 60.1431 15.9333   37   0.50  -1.80  35.00  -395.0 -4971.0
 60.1431 15.9333   38   0.50  -1.80  35.00  -394.0 -4983.0
 60.1431 15.9333   39   0.50  -1.80  35.00  -401.0 -4977.0
 60.1431 15.9333   40   0.50  -1.80  35.00  -396.0 -4977.0
 60.1431 15.9333   41   0.50  -1.80  35.00  -395.0 -4977.0
 60.1431 15.9333   42   0.50  -1.80  35.00  -398.0 -4981.0
 60.1431 15.9333   43   0.50  -1.80  35.00  -397.0 -4979.0
 60.1431 15.9333   44   0.50  -1.80  35.00  -399.0 -4977.0
 60.1431 15.9333   45   0.50  -1.80  35.00  -395.0 -4768.0
 60.1431 15.9333   46   0.50  -1.80  35.00  -398.0 -4776.0
 60.1431 15.9333   47   0.50  -1.80  35.00  -399.0 -4772.0
 60.1431 15.9333   48   0.50  -1.80  35.00  -391.0 -4765.0
 60.1431 15.9333   49   0.50  -1.80  35.00  -393.0 -4775.0
 60.1431 15.9333   50   0.50  -1.80  35.00  -401.0 -4764.0
 60.1432 15.9333   51   0.50  -1.80  35.00  -396.0 -4771.0
 60.1432 15.9333   52   0.50  -1.80  35.00  -396.0 -4764.0
 60.1431 15.9333   53   0.50  -1.80  35.00  -393.0 -4767.0
 60.1432 15.9333   54   0.50  -1.80  35.00  -394.0 -4775.0
 60.1432 15.9333   55   0.50  -1.80  35.00  -402.0 -4775.0
 60.1432 15.9333   56   0.50  -1.80  35.00  -395.0 -4771.0
 60.1431 15.9333   57   0.50  -1.80  35.00  -391.0 -4776.0
 60.1431 15.9333   58   0.50  -1.80  35.00  -395.0 -4772.0
 60.1431 15.9333   59   0.50  -1.80  35.00  -397.0 -4772.0
 60.1431 15.9333   60   0.50  -1.80  35.00  -389.0 -4765.0
 60.1431 15.9333   61   0.50  -1.80  35.00  -389.0 -4763.0
 60.1431 15.9333   62   0.50  -1.80  35.00  -387.0 -4760.0
 60.1431 15.9333   63   0.50  -1.80  35.00  -395.0 -4768.0
 60.1431 15.9333   64   0.50  -1.80  35.00  -393.0 -4767.0
 60.1431 15.9333   65   0.50  -1.80  35.00  -395.0 -4770.0
 60.1431 15.9333   66   0.50  -1.80  35.00  -397.0 -4768.0
 60.1431 15.9333   67   0.50  -1.80  35.00  -389.0 -4780.0
 60.1431 15.9333   68   0.50  -1.80  35.00  -395.0 -4766.0
 60.1431 15.9333   69   0.50  -1.80  35.00  -399.0 -4765.0
 60.1431 15.9333   70   0.50  -1.80  35.00  -401.0 -4771.0
 60.1431 15.9333   71   0.50  -1.80  35.00  -401.0 -4766.0
 60.1431 15.9333   72   0.50  -1.80  35.00  -393.0 -4775.0
 60.1431 15.9333   73   0.50  -1.80  35.00  -395.0 -4778.0
 60.1431 15.9333   74   0.50  -1.80  35.00  -395.0 -4764.0
 60.1432 15.9333   75   0.50  -1.80  35.00  -395.0 -4771.0
 60.1431 15.9333   76   0.50  -1.80  35.00  -395.0 -4775.0
 60.1431 15.9333   77   0.50  -1.80  35.00  -403.0 -4771.0
 60.1431 15.9333   78   0.50  -1.80  35.00  -395.0 -4771.0
 60.1431 15.9333   79   0.50  -1.80  35.00  -401.0 -4771.0
 60.1431 15.9333   80   0.50  -1.80  35.00  -395.0 -4770.0
 60.1431 15.9333   81   0.50  -1.80  35.00  -387.0 -4771.0
 60.1431 15.9333   82   0.50  -1.80  35.00  -398.0 -4759.0
 60.1431 15.9333   83   0.50  -1.80  35.00  -399.0 -4774.0
 60.1431 15.9333   84   0.50  -1.80  35.00  -393.0 -4767.0
 60.1431 15.9333   85   0.50  -1.80  35.00  -393.0 -4633.0
 60.1431 15.9333   86   0.50  -1.80  35.00  -391.0 -4629.0
 60.1431 15.9333   87   0.50  -1.80  35.00  -395.0 -4635.0
 60.1431 15.9333   88   0.50  -1.80  35.00  -401.0 -4631.0
 60.1431 15.9333   89   0.50  -1.80  35.00  -393.0 -4639.0
 60.1431 15.9333   90   0.50  -1.80  35.00  -397.0 -4635.0
 60.1431 15.9333   91   0.50  -1.80  35.00  -395.0 -4622.0
 60.1431 15.9333   92   0.50  -1.80  35.00  -395.0 -4627.0
 60.1431 15.9333   93   0.50  -1.80  35.00  -405.0 -4631.0
 60.1431 15.9333   94   0.50  -1.80  35.00  -401.0 -4636.0
 60.1431 15.9333   95   0.50  -1.80  35.00  -396.0 -4637.0
 60.1431 15.9333   96   0.50  -1.80  35.00  -395.0 -4635.0
 60.1431 15.9333   97   0.50  -1.80  35.00  -398.0 -4643.0
 60.1431 15.9333   98   0.50  -1.80  35.00  -393.0 -4629.0
 60.1431 15.9333   99   0.50  -1.80  35.00  -398.0 -4627.0
 60.1431 15.9333  100   0.50  -1.80  35.00  -397.0 -4635.0
 60.1431 15.9333  101   0.50  -1.80  35.00  -399.0 -4629.0
 60.1431 15.9333  102   0.50  -1.80  35.00  -396.0 -4634.0
 60.1431 15.9333  103   0.50  -1.80  35.00  -401.0 -4631.0
 60.1431 15.9333  104   0.50  -1.80  35.00  -401.0 -4631.0
 60.1431 15.9333  105   0.50  -1.80  35.00  -395.0 -4632.0
 60.1431 15.9333  106   0.50  -1.80  35.00  -393.0 -4637.0
 60.1431 15.9333  107   0.50  -1.80  35.00  -402.0 -4629.0
 60.1431 15.9333  108   0.50  -1.80  35.00  -396.0 -4632.0
 60.1431 15.9333  109   0.50  -1.80  35.00  -395.0 -4627.0
 60.1431 15.9333  110   0.50  -1.80  35.00  -395.0 -4632.0
 60.1431 15.9333  111   0.50  -1.80  35.00  -392.0 -4631.0
 60.1431 15.9333  112   0.50  -1.80  35.00  -401.0 -4636.0
 60.1431 15.9333  113   0.50  -1.80  35.00  -396.0 -4629.0
 60.1431 15.9333  114   0.50  -1.80  35.00  -398.0 -4625.0
 60.1432 15.9333  115   0.50  -1.80  35.00  -393.0 -4637.0
 60.1432 15.9333  116   0.50  -1.80  35.00  -397.0 -4629.0
 60.1431 15.9333  117   0.50  -1.80  35.00  -387.0 -4630.0
 60.1431 15.9333  118   0.50  -1.80  35.00  -393.0 -4631.0
 60.1431 15.9333  119   0.50  -1.80  35.00  -395.0 -4631.0
 60.1431 15.9333  120   0.50  -1.80  35.00  -401.0 -4632.0
 60.1431 15.9333  121   0.50  -1.80  35.00  -391.0 -4631.0
 60.1431 15.9333  122   0.50  -1.80  35.00  -395.0 -4633.0
 60.1431 15.9333  123   0.50  -1.80  35.00  -393.0 -4627.0
 60.1431 15.9333  124   0.50  -1.80  35.00  -389.0 -4633.0
 60.1431 15.9333  125   0.50  -1.80  35.00  -391.0 -4627.0
 60.1431 15.9333  126   0.50  -1.80  35.00  -397.0 -4635.0
 60.1431 15.9333  127   0.50  -1.80  35.00  -401.0 -4631.0
 60.1431 15.9333  128   0.50  -1.80  35.00  -403.0 -4623.0
 60.1432 15.9333  129   0.50  -1.80  35.00  -395.0 -4863.0
 60.1431 15.9333  130   0.50  -1.80  35.00  -399.0 -4866.0
 60.1431 15.9333  131   0.50  -1.80  35.00  -397.0 -4868.0
 60.1431 15.9333  132   0.50  -1.80  35.00  -397.0 -4860.0
 60.1431 15.9333  133   0.50  -1.80  35.00  -395.0 -4862.0
 60.1431 15.9333  134   0.50  -1.80  35.00  -397.0 -4865.0
 60.1431 15.9333  135   0.50  -1.80  35.00  -395.0 -4866.0
 60.1431 15.9333  136   0.50  -1.80  35.00  -398.0 -4870.0
 60.1431 15.9333  137   0.50  -1.80  35.00  -395.0 -4865.0
 60.1431 15.9333  138   0.50  -1.80  35.00  -401.0 -4864.0
 60.1432 15.9334  139   0.50  -1.80  35.00  -403.0 -4863.0
 60.1432 15.9334  140   0.50  -1.80  35.00  -401.0 -4863.0
 60.1431 15.9333  141   0.50  -1.80  35.00  -393.0 -4860.0
 60.1432 15.9333  142   0.50  -1.80  35.00  -402.0 -4861.0
 60.1432 15.9333  143   0.50  -1.80  35.00  -401.0 -4865.0
 60.1431 15.9333  144   0.50  -1.80  35.00  -393.0 -4865.0
 60.1431 15.9333  145   0.50  -1.80  35.00  -389.0 -4864.0
 60.1431 15.9333  146   0.50  -1.80  35.00  -393.0 -4863.0
 60.1431 15.9333  147   0.50  -1.80  35.00  -398.0 -4868.0
 60.1431 15.9333  148   0.50  -1.80  35.00  -399.0 -4862.0
 60.1431 15.9333  149   0.50  -1.80  35.00  -399.0 -4867.0
 60.1431 15.9333  150   0.50  -1.80  35.00  -399.0 -4862.0
 60.1431 15.9333  151   0.50  -1.80  35.00  -405.0 -4863.0
 60.1431 15.9333  152   0.50  -1.80  35.00  -396.0 -4866.0
 60.1431 15.9333  153   0.50  -1.80  35.00  -399.0 -4861.0
 60.1431 15.9333  154   0.50  -1.80  35.00  -393.0 -4869.0
 60.1431 15.9333  155   0.50  -1.80  35.00  -393.0 -4863.0
 60.1431 15.9333  156   0.50  -1.80  35.00  -395.0 -4863.0
 60.1431 15.9333  157   0.50  -1.80  35.00  -398.0 -4862.0
 60.1431 15.9333  158   0.50  -1.80  35.00  -398.0 -4863.0
 60.1431 15.9333  159   0.50  -1.80  35.00  -391.0 -4866.0
 60.1432 15.9333  160   0.50  -1.80  35.00  -397.0 -4856.0
 60.1432 15.9333  161   0.50  -1.80  35.00  -398.0 -4868.0
 60.1431 15.9333  162   0.50  -1.80  35.00  -393.0 -4864.0
 60.1431 15.9333  163   0.50  -1.80  35.00  -394.0 -4864.0
 60.1431 15.9333  164   0.50  -1.80  35.00  -397.0 -4865.0
 60.1431 15.9333  165   0.50  -1.80  35.00  -401.0 -4866.0
 60.1431 15.9333  166   0.50  -1.80  35.00  -398.0 -4871.0
 60.1431 15.9333  167   0.50  -1.80  35.00  -401.0 -4863.0
 60.1431 15.9333  168   0.50  -1.80  35.00  -398.0 -4863.0
 60.1431 15.9333  169   0.50  -1.80  35.00  -399.0 -4859.0
 60.1431 15.9333  170   0.50  -1.80  35.00  -401.0 -4419.0
 60.1431 15.9333  171   0.50  -1.80  35.00  -395.0 -4406.0
 60.1432 15.9333  172   0.50  -1.80  35.00  -395.0 -4423.0
 60.1432 15.9333  173   0.50  -1.80  35.00  -397.0 -4411.0
 60.1432 15.9333  174   0.50  -1.80  35.00  -399.0 -4408.0
 60.1431 15.9333  175   0.50  -1.80  35.00  -397.0 -4411.0
 60.1431 15.9333  176   0.50  -1.80  35.00  -397.0 -4412.0
 60.1431 15.9333  177   0.50  -1.80  35.00  -397.0 -4411.0
 60.1431 15.9333  178   0.50  -1.80  35.00  -397.0 -4406.0
 60.1431 15.9333  179   0.50  -1.80  35.00  -393.0 -4418.0
 60.1431 15.9333  180   0.50  -1.80  35.00  -403.0 -4415.0
 60.1431 15.9333  181   0.50  -1.80  35.00  -403.0 -4413.0
 60.1431 15.9333  182   0.50  -1.80  35.00  -384.0 -4411.0
 60.1431 15.9333  183   0.50  -1.80  35.00  -407.0 -4415.0
 60.1431 15.9333  184   0.50  -1.80  35.00  -402.0 -4419.0
 60.1431 15.9333  185   0.50  -1.80  35.00  -401.0 -4411.0
 60.1431 15.9333  186   0.50  -1.80  35.00  -395.0 -4408.0
 60.1431 15.9333  187   0.50  -1.80  35.00  -395.0 -4409.0
 60.1431 15.9333  188   0.50  -1.80  35.00  -401.0 -4411.0
 60.1431 15.9333  189   0.50  -1.80  35.00  -396.0 -4409.0
 60.1431 15.9333  190   0.50  -1.80  35.00  -409.0 -4406.0
 60.1431 15.9333  191   0.50  -1.80  35.00  -398.0 -4420.0
 60.1431 15.9333  192   0.50  -1.80  35.00  -399.0 -4415.0
 60.1431 15.9333  193   0.50  -1.80  35.00  -399.0 -4419.0
 60.1432 15.9333  194   0.50  -1.80  35.00  -398.0 -4415.0
 60.1432 15.9333  195   0.50  -1.80  35.00  -391.0 -4407.0
 60.1431 15.9333  196   0.50  -1.80  35.00  -395.0 -4417.0
 60.1431 15.9333  197   0.50  -1.80  35.00  -399.0 -4415.0
 60.1431 15.9333  198   0.50  -1.80  35.00  -399.0 -4412.0
 60.1431 15.9333  199   0.50  -1.80  35.00  -395.0 -4420.0
 60.1431 15.9333  200   0.50  -1.80  35.00  -397.0 -4411.0
 60.1431 15.9333  201   0.50  -1.80  35.00  -392.0 -4409.0
 60.1431 15.9333  202   0.50  -1.80  35.00  -391.0 -4406.0
 60.1431 15.9333  203   0.50  -1.80  35.00  -397.0 -4418.0
 60.1431 15.9333  204   0.50  -1.80  35.00  -399.0 -4416.0
 60.1432 15.9333  205   0.50  -1.80  35.00  -401.0 -4412.0
 60.1432 15.9333  206   0.50  -1.80  35.00  -401.0 -4410.0
 60.1431 15.9333  207   0.50  -1.80  35.00  -393.0 -4416.0
 60.1431 15.9333  208   0.50  -1.80  35.00  -402.0 -4412.0
 60.1432 15.9333  209   0.50  -1.80  35.00  -397.0 -4209.0
 60.1432 15.9333  210   0.50  -1.80  35.00  -399.0 -4213.0
 60.1431 15.9333  211   0.50  -1.80  35.00  -397.0 -4209.0
 60.1431 15.9333  212   0.50  -1.80  35.00  -401.0 -4204.0
 60.1431 15.9333  213   0.50  -1.80  35.00  -397.0 -4201.0
 60.1431 15.9333  214   0.50  -1.80  35.00  -401.0 -4207.0
 60.1431 15.9333  215   0.50  -1.80  35.00  -395.0 -4220.0
 60.1431 15.9333  216   0.50  -1.80  35.00  -406.0 -4213.0
 60.1431 15.9333  217   0.50  -1.80  35.00  -401.0 -4214.0
 60.1431 15.9333  218   0.50  -1.80  35.00  -392.0 -4218.0
 60.1432 15.9333  219   0.50  -1.80  35.00  -393.0 -4201.0
 60.1432 15.9333  220   0.50  -1.80  35.00  -407.0 -4202.0
 60.1432 15.9333  221   0.50  -1.80  35.00  -398.0 -4209.0
 60.1432 15.9333  222   0.50  -1.80  35.00  -385.0 -4209.0
 60.1431 15.9333  223   0.50  -1.80  35.00  -397.0 -4200.0
 60.1431 15.9333  224   0.50  -1.80  35.00  -401.0 -4207.0
 60.1431 15.9333  225   0.50  -1.80  35.00  -393.0 -4210.0
 60.1431 15.9333  226   0.50  -1.80  35.00  -395.0 -4207.0
 60.1431 15.9333  227   0.50  -1.80  35.00  -393.0 -4210.0
 60.1431 15.9333  228   0.50  -1.80  35.00  -394.0 -4206.0
 60.1431 15.9333  229   0.50  -1.80  35.00  -399.0 -4204.0
 60.1431 15.9333  230   0.50  -1.80  35.00  -398.0 -4211.0
 60.1431 15.9333  231   0.50  -1.80  35.00  -397.0 -4203.0
 60.1431 15.9333  232   0.50  -1.80  35.00  -399.0 -4204.0
 60.1431 15.9333  233   0.50  -1.80  35.00  -408.0 -4209.0
 60.1431 15.9333  234   0.50  -1.80  35.00  -401.0 -4209.0
 60.1431 15.9333  235   0.50  -1.80  35.00  -403.0 -4215.0
 60.1431 15.9333  236   0.50  -1.80  35.00  -394.0 -4207.0
 60.1431 15.9333  237   0.50  -1.80  35.00  -405.0 -4211.0
 60.1431 15.9333  238   0.50  -1.80  35.00  -399.0 -4217.0
 60.1431 15.9333  239   0.50  -1.80  35.00  -395.0 -4207.0
 60.1431 15.9333  240   0.50  -1.80  35.00  -395.0 -4207.0
 60.1431 15.9333  241   0.50  -1.80  35.00  -391.0 -4209.0
 60.1431 15.9333  242   0.50  -1.80  35.00  -399.0 -4209.0
 60.1432 15.9333  243   0.50  -1.80  35.00  -401.0 -4209.0
 60.1432 15.9333  244   0.50  -1.80  35.00  -399.0 -4213.0
 60.1431 15.9333  245   0.50  -1.80  35.00  -402.0 -4207.0
 60.1431 15.9333  246   0.50  -1.80  35.00  -395.0 -4205.0
 60.1431 15.9333  247   0.50  -1.80  35.00  -397.0 -4199.0
 60.1431 15.9333  248   0.50  -1.80  35.00  -399.0 -4210.0
 60.1431 15.9333  249   0.50  -1.80  35.00  -401.0 -4211.0
 60.1431 15.9333  250   0.50  -1.80  35.00  -393.0 -4209.0
 60.1431 15.9333  251   0.50  -1.80  35.00  -403.0 -4211.0
 60.1431 15.9333  252   0.50  -1.80  35.00  -396.0 -3833.0
 60.1431 15.9333  253   0.50  -1.80  35.00  -396.0 -3832.0
 60.1431 15.9333  254   0.50  -1.80  35.00  -401.0 -3839.0
 60.1431 15.9333  255   0.50  -1.80  35.00  -396.0 -3832.0
 60.1431 15.9333  256   0.50  -1.80  35.00  -397.0 -3835.0
 60.1431 15.9333  257   0.50  -1.80  35.00  -401.0 -3830.0
 60.1431 15.9333  258   0.50  -1.80  35.00  -395.0 -3834.0
 60.1431 15.9333  259   0.50  -1.80  35.00  -397.0 -3827.0
 60.1431 15.9333  260   0.50  -1.80  35.00  -395.0 -3827.0
 60.1431 15.9333  261   0.50  -1.80  35.00  -399.0 -3833.0
 60.1431 15.9333  262   0.50  -1.80  35.00  -401.0 -3831.0
 60.1431 15.9333  263   0.50  -1.80  35.00  -395.0 -3826.0
 60.1431 15.9333  264   0.50  -1.80  35.00  -395.0 -3828.0
 60.1431 15.9333  265   0.50  -1.80  35.00  -403.0 -3832.0
 60.1432 15.9333  266   0.50  -1.80  35.00  -397.0 -3827.0
 60.1432 15.9333  267   0.50  -1.80  35.00  -405.0 -3831.0
 60.1431 15.9333  268   0.50  -1.80  35.00  -402.0 -3830.0
 60.1431 15.9333  269   0.50  -1.80  35.00  -392.0 -3827.0
 60.1431 15.9333  270   0.50  -1.80  35.00  -398.0 -3837.0
 60.1431 15.9333  271   0.50  -1.80  35.00  -396.0 -3836.0
 60.1431 15.9333  272   0.50  -1.80  35.00  -396.0 -3832.0
 60.1431 15.9333  273   0.50  -1.80  35.00  -392.0 -3827.0
 60.1431 15.9333  274   0.50  -1.80  35.00  -393.0 -3835.0
 60.1431 15.9333  275   0.50  -1.80  35.00  -397.0 -3830.0
 60.1431 15.9333  276   0.50  -1.80  35.00  -405.0 -3834.0
 60.1431 15.9333  277   0.50  -1.80  35.00  -403.0 -3825.0
 60.1431 15.9333  278   0.50  -1.80  35.00  -406.0 -3829.0
 60.1431 15.9333  279   0.50  -1.80  35.00  -395.0 -3830.0
 60.1431 15.9333  280   0.50  -1.80  35.00  -393.0 -3831.0
 60.1431 15.9333  281   0.50  -1.80  35.00  -396.0 -3842.0
 60.1432 15.9333  282   0.50  -1.80  35.00  -396.0 -3831.0
 60.1432 15.9333  283   0.50  -1.80  35.00  -403.0 -3830.0
 60.1431 15.9333  284   0.50  -1.80  35.00  -406.0 -3835.0
 60.1431 15.9333  285   0.50  -1.80  35.00  -393.0 -3827.0
 60.1431 15.9333  286   0.50  -1.80  35.00  -395.0 -3831.0
 60.1431 15.9333  287   0.50  -1.80  35.00  -398.0 -3835.0
 60.1431 15.9333  288   0.50  -1.80  35.00  -395.0 -3837.0
 60.1431 15.9333  289   0.50  -1.80  35.00  -403.0 -3832.0
 60.1431 15.9333  290   0.50  -1.80  35.00  -395.0 -3836.0
 60.1431 15.9333  291   0.50  -1.80  35.00  -401.0 -2894.0
 60.1431 15.9333  292   0.50  -1.80  35.00  -394.0 -2885.0
 60.1431 15.9333  293   0.50  -1.80  35.00  -395.0 -2891.0
 60.1432 15.9333  294   0.50  -1.80  35.00  -401.0 -2891.0
 60.1431 15.9333  295   0.50  -1.80  35.00  -396.0 -2886.0
 60.1431 15.9333  296   0.50  -1.80  35.00  -395.0 -2893.0
 60.1431 15.9333  297   0.50  -1.80  35.00  -398.0 -2891.0
 60.1431 15.9333  298   0.50  -1.80  35.00  -398.0 -2891.0
 60.1431 15.9333  299   0.50  -1.80  35.00  -401.0 -2897.0
 60.1431 15.9333  300   0.50  -1.80  35.00  -387.0 -2899.0
 60.1431 15.9333  301   0.50  -1.80  35.00  -399.0 -2892.0
 60.1431 15.9333  302   0.50  -1.80  35.00  -408.0 -2893.0
 60.1431 15.9333  303   0.50  -1.80  35.00  -390.0 -2891.0
 60.1432 15.9333  304   0.50  -1.80  35.00  -398.0 -2890.0
 60.1432 15.9333  305   0.50  -1.80  35.00  -393.0 -2890.0
 60.1431 15.9333  306   0.50  -1.80  35.00  -401.0 -2886.0
 60.1431 15.9333  307   0.50  -1.80  35.00  -403.0 -2887.0
 60.1431 15.9333  308   0.50  -1.80  35.00  -401.0 -2887.0
 60.1431 15.9333  309   0.50  -1.80  35.00  -397.0 -2897.0
 60.1432 15.9333  310   0.50  -1.80  35.00  -401.0 -2889.0
 60.1431 15.9333  311   0.50  -1.80  35.00  -390.0 -2893.0
 60.1431 15.9333  312   0.50  -1.80  35.00  -402.0 -2895.0
 60.1431 15.9333  313   0.50  -1.80  35.00  -403.0 -2892.0
 60.1432 15.9333  314   0.50  -1.80  35.00  -398.0 -2887.0
 60.1432 15.9333  315   0.50  -1.80  35.00  -402.0 -2887.0
 60.1431 15.9333  316   0.50  -1.80  35.00  -397.0 -2889.0
 60.1431 15.9333  317   0.50  -1.80  35.00  -402.0 -2888.0
 60.1432 15.9333  318   0.50  -1.80  35.00  -397.0 -2893.0
 60.1432 15.9333  319   0.50  -1.80  35.00  -403.0 -2897.0
 60.1431 15.9333  320   0.50  -1.80  35.00  -402.0 -2889.0
 60.1431 15.9333  321   0.50  -1.80  35.00  -401.0 -2895.0
 60.1431 15.9333  322   0.50  -1.80  35.00  -401.0 -2892.0
 60.1431 15.9333  323   0.50  -1.80  35.00  -394.0 -2885.0
 60.1432 15.9333  324   0.50  -1.80  35.00  -392.0 -2889.0
 60.1432 15.9333  325   0.50  -1.80  35.00  -394.0 -2885.0
 60.1431 15.9333  326   0.50  -1.80  35.00  -393.0 -2885.0
 60.1431 15.9333  327   0.50  -1.80  35.00  -393.0 -2899.0
 60.1431 15.9333  328   0.50  -1.80  35.00  -395.0 -2890.0
 60.1431 15.9333  329   0.50  -1.80  35.00  -409.0 -2892.0
 60.1431 15.9333  330   0.50  -1.80  35.00  -393.0 -2891.0
 60.1431 15.9333  331   0.50  -1.80  35.00  -398.0 -2895.0
 60.1432 15.9333  332   0.50  -1.80  35.00  -394.0 -2890.0
 60.1431 15.9333  333   0.50  -1.80  35.00  -391.0 -2897.0
 60.1431 15.9333  334   0.50  -1.80  35.00  -396.0 -2337.0
 60.1431 15.9333  335   0.50  -1.80  35.00  -396.0 -2339.0
 60.1431 15.9333  336   0.50  -1.80  35.00  -389.0 -2349.0
 60.1431 15.9333  337   0.50  -1.80  35.00  -396.0 -2346.0
 60.1431 15.9333  338   0.50  -1.80  35.00  -399.0 -2343.0
 60.1431 15.9333  339   0.50  -1.80  35.00  -394.0 -2353.0
 60.1432 15.9333  340   0.50  -1.80  35.00  -396.0 -2343.0
 60.1432 15.9333  341   0.50  -1.80  35.00  -397.0 -2341.0
 60.1431 15.9333  342   0.50  -1.80  35.00  -401.0 -2345.0
 60.1431 15.9333  343   0.50  -1.80  35.00  -403.0 -2335.0
 60.1432 15.9333  344   0.50  -1.80  35.00  -396.0 -2346.0
 60.1432 15.9333  345   0.50  -1.80  35.00  -397.0 -2345.0
 60.1432 15.9333  346   0.50  -1.80  35.00  -391.0 -2336.0
 60.1431 15.9333  347   0.50  -1.80  35.00  -397.0 -2347.0
 60.1431 15.9333  348   0.50  -1.80  35.00  -393.0 -2343.0
 60.1431 15.9333  349   0.50  -1.80  35.00  -397.0 -2345.0
 60.1431 15.9333  350   0.50  -1.80  35.00  -398.0 -2345.0
 60.1432 15.9333  351   0.50  -1.80  35.00  -395.0 -2350.0
 60.1431 15.9333  352   0.50  -1.80  35.00  -392.0 -2346.0
 60.1431 15.9333  353   0.50  -1.80  35.00  -395.0 -2343.0
 60.1431 15.9333  354   0.50  -1.80  35.00  -401.0 -2341.0
 60.1432 15.9333  355   0.50  -1.80  35.00  -395.0 -2351.0
 60.1432 15.9333  356   0.50  -1.80  35.00  -392.0 -2349.0
 60.1431 15.9333  357   0.50  -1.80  35.00  -390.0 -2343.0
 60.1431 15.9333  358   0.50  -1.80  35.00  -395.0 -2349.0
 60.1431 15.9333  359   0.50  -1.80  35.00  -393.0 -2346.0
 60.1431 15.9333  360   0.50  -1.80  35.00  -397.0 -2351.0
 60.1431 15.9333  361   0.50  -1.80  35.00  -392.0 -2340.0
 60.1431 15.9333  362   0.50  -1.80  35.00  -391.0 -2349.0
 60.1431 15.9333  363   0.50  -1.80  35.00  -393.0 -2345.0
 60.1432 15.9333  364   0.50  -1.80  35.00  -394.0 -2343.0
 60.1432 15.9333  365   0.50  -1.80  35.00  -391.0 -2341.0
 60.1431 15.9333  366   0.50  -1.80  35.00  -392.0 -2345.0
 60.1431 15.9333  367   0.50  -1.80  35.00  -393.0 -2344.0
 60.1432 15.9333  368   0.50  -1.80  35.00  -393.0 -2348.0
 60.1432 15.9333  369   0.50  -1.80  35.00  -393.0 -2341.0
 60.1432 15.9333  370   0.50  -1.80  35.00  -397.0 -2350.0
 60.1432 15.9333  371   0.50  -1.80  35.00  -393.0 -2353.0
 60.1431 15.9334  372   0.50  -1.80  35.00  -394.0 -2342.0
 60.1431 15.9334  373   0.50  -1.80  35.00  -391.0 -2356.0
 60.1431 15.9334  374   0.50  -1.80  35.00  -391.0 -2357.0
 60.1431 15.9333  375   0.50  -1.80  35.00  -389.0 -2346.0
 60.1431 15.9333  376   0.50  -1.80  35.00  -391.0 -2347.0
 60.1431 15.9333  377   0.50  -1.80  35.00  -389.0 -1969.0
 60.1431 15.9333  378   0.50  -1.80  35.00  -395.0 -1966.0
 60.1431 15.9333  379   0.50  -1.80  35.00  -393.0 -1975.0
 60.1432 15.9333  380   0.50  -1.80  35.00  -395.0 -1973.0
 60.1431 15.9333  381   0.50  -1.80  35.00  -390.0 -1969.0
 60.1431 15.9333  382   0.50  -1.80  35.00  -381.0 -1969.0
 60.1431 15.9333  383   0.50  -1.80  35.00  -401.0 -1965.0
 60.1431 15.9333  384   0.50  -1.80  35.00  -395.0 -1973.0
 60.1431 15.9333  385   0.50  -1.80  35.00  -390.0 -1967.0
 60.1432 15.9333  386   0.50  -1.80  35.00  -398.0 -1965.0
 60.1432 15.9333  387   0.50  -1.80  35.00  -393.0 -1979.0
 60.1431 15.9333  388   0.50  -1.80  35.00  -392.0 -1978.0
 60.1431 15.9333  389   0.50  -1.80  35.00  -393.0 -1971.0
 60.1431 15.9333  390   0.50  -1.80  35.00  -391.0 -1975.0
 60.1431 15.9333  391   0.50  -1.80  35.00  -396.0 -1971.0
 60.1431 15.9333  392   0.50  -1.80  35.00  -391.0 -1969.0
 60.1431 15.9333  393   0.50  -1.80  35.00  -395.0 -1967.0
 60.1431 15.9333  394   0.50  -1.80  35.00  -387.0 -1964.0
 60.1431 15.9333  395   0.50  -1.80  35.00  -392.0 -1969.0
 60.1431 15.9333  396   0.50  -1.80  35.00  -395.0 -1970.0
 60.1431 15.9333  397   0.50  -1.80  35.00  -391.0 -1964.0
 60.1431 15.9333  398   0.50  -1.80  35.00  -389.0 -1971.0
 60.1431 15.9333  399   0.50  -1.80  35.00  -392.0 -1971.0
 60.1432 15.9333  400   0.50  -1.80  35.00  -388.0 -1969.0
 60.1432 15.9333  401   0.50  -1.80  35.00  -397.0 -1969.0
 60.1431 15.9333  402   0.50  -1.80  35.00  -390.0 -1972.0
 60.1431 15.9333  403   0.50  -1.80  35.00  -389.0 -1964.0
 60.1431 15.9333  404   0.50  -1.80  35.00  -393.0 -1974.0
 60.1431 15.9333  405   0.50  -1.80  35.00  -391.0 -1977.0
 60.1431 15.9333  406   0.50  -1.80  35.00  -392.0 -1969.0
 60.1431 15.9333  407   0.50  -1.80  35.00  -391.0 -1971.0
 60.1431 15.9333  408   0.50  -1.80  35.00  -388.0 -1977.0
 60.1431 15.9333  409   0.50  -1.80  35.00  -388.0 -1955.0
 60.1431 15.9333  410   0.50  -1.80  35.00  -398.0 -1970.0
 60.1431 15.9333  411   0.50  -1.80  35.00  -389.0 -1976.0
 60.1432 15.9333  412   0.50  -1.80  35.00  -393.0 -1975.0
 60.1432 15.9333  413   0.50  -1.80  35.00  -391.0 -1971.0
 60.1432 15.9333  414   0.50  -1.80  35.00  -394.0 -1969.0
 60.1431 15.9333  415   0.50  -1.80  35.00  -389.0 -1759.0
 60.1431 15.9333  416   0.50  -1.80  35.00  -389.0 -1755.0
 60.1431 15.9333  417   0.50  -1.80  35.00  -395.0 -1750.0
 60.1431 15.9333  418   0.50  -1.80  35.00  -389.0 -1750.0
 60.1431 15.9333  419   0.50  -1.80  35.00  -398.0 -1750.0
 60.1431 15.9333  420   0.50  -1.80  35.00  -392.0 -1753.0
 60.1431 15.9333  421   0.50  -1.80  35.00  -395.0 -1760.0
 60.1431 15.9333  422   0.50  -1.80  35.00  -395.0 -1757.0
 60.1431 15.9333  423   0.50  -1.80  35.00  -390.0 -1757.0
 60.1431 15.9333  424   0.50  -1.80  35.00  -395.0 -1749.0
 60.1432 15.9333  425   0.50  -1.80  35.00  -399.0 -1767.0
 60.1432 15.9333  426   0.50  -1.80  35.00  -389.0 -1759.0
 60.1431 15.9333  427   0.50  -1.80  35.00  -395.0 -1753.0
 60.1431 15.9333  428   0.50  -1.80  35.00  -403.0 -1752.0
 60.1431 15.9333  429   0.50  -1.80  35.00  -395.0 -1749.0
 60.1431 15.9333  430   0.50  -1.80  35.00  -390.0 -1751.0
 60.1431 15.9333  431   0.50  -1.80  35.00  -394.0 -1755.0
 60.1431 15.9333  432   0.50  -1.80  35.00  -391.0 -1764.0
 60.1431 15.9333  433   0.50  -1.80  35.00  -394.0 -1758.0
 60.1431 15.9333  434   0.50  -1.80  35.00  -397.0 -1753.0
 60.1432 15.9333  435   0.50  -1.80  35.00  -397.0 -1759.0
 60.1431 15.9333  436   0.50  -1.80  35.00  -392.0 -1762.0
 60.1431 15.9333  437   0.50  -1.80  35.00  -389.0 -1762.0
 60.1431 15.9333  438   0.50  -1.80  35.00  -395.0 -1760.0
 60.1431 15.9333  439   0.50  -1.80  35.00  -392.0 -1764.0
 60.1431 15.9333  440   0.50  -1.80  35.00  -391.0 -1752.0
 60.1431 15.9333  441   0.50  -1.80  35.00  -393.0 -1765.0
 60.1431 15.9333  442   0.50  -1.80  35.00  -397.0 -1758.0
 60.1431 15.9333  443   0.50  -1.80  35.00  -393.0 -1759.0
 60.1432 15.9333  444   0.50  -1.80  35.00  -401.0 -1762.0
 60.1432 15.9333  445   0.50  -1.80  35.00  -393.0 -1759.0
 60.1432 15.9333  446   0.50  -1.80  35.00  -395.0 -1758.0
 60.1431 15.9333  447   0.50  -1.80  35.00  -393.0 -1759.0
 60.1432 15.9333  448   0.50  -1.80  35.00  -401.0 -1766.0
 60.1432 15.9333  449   0.50  -1.80  35.00  -398.0 -1755.0
 60.1432 15.9333  450   0.50  -1.80  35.00  -393.0 -1763.0
 60.1431 15.9333  451   0.50  -1.80  35.00  -393.0 -1758.0
 60.1431 15.9333  452   0.50  -1.80  35.00  -401.0 -1754.0
 60.1432 15.9333  453   0.50  -1.80  35.00  -392.0 -1760.0
 60.1431 15.9333  454   0.50  -1.80  35.00  -401.0 -1759.0
 60.1431 15.9333  455   0.50  -1.80  35.00  -386.0 -1755.0
 60.1431 15.9333  456   0.50  -1.80  35.00  -390.0 -1751.0
 60.1431 15.9333  457   0.50  -1.80  35.00  -397.0 -1756.0
 60.1432 15.9333  458   0.50  -1.80  35.00  -390.0 -2055.0
 60.1432 15.9333  459   0.50  -1.80  35.00  -393.0 -2061.0
 60.1431 15.9333  460   0.50  -1.80  35.00  -395.0 -2060.0
 60.1431 15.9333  461   0.50  -1.80  35.00  -402.0 -2058.0
 60.1431 15.9333  462   0.50  -1.80  35.00  -390.0 -2059.0
 60.1431 15.9333  463   0.50  -1.80  35.00  -393.0 -2070.0
 60.1432 15.9333  464   0.50  -1.80  35.00  -392.0 -2059.0
 60.1432 15.9333  465   0.50  -1.80  35.00  -407.0 -2063.0
 60.1431 15.9333  466   0.50  -1.80  35.00  -397.0 -2061.0
 60.1431 15.9333  467   0.50  -1.80  35.00  -393.0 -2058.0
 60.1432 15.9333  468   0.50  -1.80  35.00  -396.0 -2061.0
 60.1432 15.9333  469   0.50  -1.80  35.00  -396.0 -2063.0
 60.1432 15.9333  470   0.50  -1.80  35.00  -401.0 -2063.0
 60.1431 15.9333  471   0.50  -1.80  35.00  -401.0 -2065.0
 60.1431 15.9333  472   0.50  -1.80  35.00  -401.0 -2065.0
 60.1431 15.9333  473   0.50  -1.80  35.00  -398.0 -2061.0
 60.1432 15.9333  474   0.50  -1.80  35.00  -401.0 -2065.0
 60.1432 15.9333  475   0.50  -1.80  35.00  -402.0 -2062.0
 60.1432 15.9333  476   0.50  -1.80  35.00  -385.0 -2057.0
 60.1431 15.9333  477   0.50  -1.80  35.00  -401.0 -2061.0
 60.1431 15.9333  478   0.50  -1.80  35.00  -395.0 -2058.0
 60.1432 15.9333  479   0.50  -1.80  35.00  -396.0 -2056.0
 60.1432 15.9333  480   0.50  -1.80  35.00  -397.0 -2067.0
 60.1431 15.9333  481   0.50  -1.80  35.00  -395.0 -2064.0
 60.1431 15.9333  482   0.50  -1.80  35.00  -399.0 -2063.0
 60.1432 15.9333  483   0.50  -1.80  35.00  -405.0 -2056.0
 60.1432 15.9333  484   0.50  -1.80  35.00  -403.0 -2059.0
 60.1431 15.9333  485   0.50  -1.80  35.00  -393.0 -2069.0
 60.1431 15.9333  486   0.50  -1.80  35.00  -399.0 -2059.0
 60.1431 15.9333  487   0.50  -1.80  35.00  -401.0 -2061.0
 60.1431 15.9333  488   0.50  -1.80  35.00  -395.0 -2067.0
 60.1431 15.9333  489   0.50  -1.80  35.00  -391.0 -2065.0
 60.1431 15.9333  490   0.50  -1.80  35.00  -399.0 -2055.0
 60.1431 15.9333  491   0.50  -1.80  35.00  -401.0 -2061.0
 60.1432 15.9333  492   0.50  -1.80  35.00  -403.0 -2055.0
 60.1432 15.9333  493   0.50  -1.80  35.00  -396.0 -2061.0
 60.1431 15.9333  494   0.50  -1.80  35.00  -401.0 -2536.0
 60.1431 15.9333  495   0.50  -1.80  35.00  -398.0 -2551.0
 60.1432 15.9333  496   0.50  -1.80  35.00  -401.0 -2541.0
 60.1432 15.9333  497   0.50  -1.80  35.00  -404.0 -2548.0
 60.1431 15.9333  498   0.50  -1.80  35.00  -401.0 -2543.0
 60.1431 15.9333  499   0.50  -1.80  35.00  -399.0 -2545.0
 60.1431 15.9333  500   0.50  -1.80  35.00  -408.0 -2547.0
 60.1431 15.9333  501   0.50  -1.80  35.00  -397.0 -2534.0
 60.1431 15.9333  502   0.50  -1.80  35.00  -407.0 -2542.0
 60.1431 15.9333  503   0.50  -1.80  35.00  -399.0 -2545.0
 60.1431 15.9333  504   0.50  -1.80  35.00  -410.0 -2540.0
 60.1431 15.9333  505   0.50  -1.80  35.00  -403.0 -2554.0
 60.1431 15.9333  506   0.50  -1.80  35.00  -404.0 -2557.0
 60.1432 15.9333  507   0.50  -1.80  35.00  -401.0 -2555.0
 60.1432 15.9333  508   0.50  -1.80  35.00  -403.0 -2542.0
 60.1431 15.9333  509   0.50  -1.80  35.00  -401.0 -2539.0
 60.1431 15.9333  510   0.50  -1.80  35.00  -395.0 -2555.0
 60.1431 15.9333  511   0.50  -1.80  35.00  -393.0 -2545.0
 60.1431 15.9333  512   0.50  -1.80  35.00  -403.0 -2542.0
 60.1431 15.9333  513   0.50  -1.80  35.00  -403.0 -2545.0
 60.1431 15.9333  514   0.50  -1.80  35.00  -406.0 -2549.0
 60.1431 15.9333  515   0.50  -1.80  35.00  -407.0 -2538.0
 60.1431 15.9333  516   0.50  -1.80  35.00  -399.0 -2541.0
 60.1431 15.9333  517   0.50  -1.80  35.00  -406.0 -2540.0
 60.1431 15.9333  518   0.50  -1.80  35.00  -395.0 -2545.0
 60.1431 15.9333  519   0.50  -1.80  35.00  -405.0 -2539.0
 60.1431 15.9333  520   0.50  -1.80  35.00  -393.0 -2545.0
 60.1431 15.9333  521   0.50  -1.80  35.00  -401.0 -2547.0
 60.1431 15.9333  522   0.50  -1.80  35.00  -405.0 -2541.0
 60.1432 15.9333  523   0.50  -1.80  35.00  -407.0 -2545.0
 60.1432 15.9333  524   0.50  -1.80  35.00  -403.0 -2539.0
 60.1431 15.9334  525   0.50  -1.80  35.00  -393.0 -2541.0
 60.1431 15.9333  526   0.50  -1.80  35.00  -396.0 -2545.0
 60.1431 15.9333  527   0.50  -1.80  35.00  -408.0 -2546.0
 60.1431 15.9333  528   0.50  -1.80  35.00  -403.0 -2548.0
 60.1431 15.9333  529   0.50  -1.80  35.00  -399.0 -2555.0
 60.1431 15.9333  530   0.50  -1.80  35.00  -395.0 -2540.0
 60.1432 15.9333  531   0.50  -1.80  35.00  -411.0 -2531.0
 60.1432 15.9333  532   0.50  -1.80  35.00  -403.0 -2547.0
 60.1432 15.9333  533   0.50  -1.80  35.00  -397.0 -2543.0
 60.1431 15.9333  534   0.50  -1.80  35.00  -403.0 -2539.0
 60.1431 15.9333  535   0.50  -1.80  35.00  -398.0 -2543.0
 60.1431 15.9333  536   0.50  -1.80  35.00  -407.0 -3457.0
 60.1431 15.9333  537   0.50  -1.80  35.00  -396.0 -3455.0
 60.1431 15.9333  538   0.50  -1.80  35.00  -404.0 -3450.0
 60.1431 15.9333  539   0.50  -1.80  35.00  -399.0 -3456.0
 60.1431 15.9333  540   0.50  -1.80  35.00  -396.0 -3457.0
 60.1432 15.9333  541   0.50  -1.80  35.00  -399.0 -3456.0
 60.1432 15.9333  542   0.50  -1.80  35.00  -403.0 -3453.0
 60.1432 15.9333  543   0.50  -1.80  35.00  -401.0 -3452.0
 60.1432 15.9333  544   0.50  -1.80  35.00  -401.0 -3452.0
 60.1432 15.9333  545   0.50  -1.80  35.00  -394.0 -3447.0
 60.1432 15.9333  546   0.50  -1.80  35.00  -402.0 -3449.0
 60.1432 15.9333  547   0.50  -1.80  35.00  -401.0 -3452.0
 60.1432 15.9333  548   0.50  -1.80  35.00  -399.0 -3459.0
 60.1431 15.9333  549   0.50  -1.80  35.00  -406.0 -3451.0
 60.1432 15.9333  550   0.50  -1.80  35.00  -401.0 -3449.0
 60.1432 15.9333  551   0.50  -1.80  35.00  -408.0 -3459.0
 60.1431 15.9333  552   0.50  -1.80  35.00  -395.0 -3455.0
 60.1431 15.9333  553   0.50  -1.80  35.00  -401.0 -3452.0
 60.1431 15.9333  554   0.50  -1.80  35.00  -401.0 -3453.0
 60.1432 15.9333  555   0.50  -1.80  35.00  -412.0 -3450.0
 60.1432 15.9333  556   0.50  -1.80  35.00  -403.0 -3451.0
 60.1431 15.9333  557   0.50  -1.80  35.00  -403.0 -3448.0
 60.1431 15.9333  558   0.50  -1.80  35.00  -399.0 -3456.0
 60.1431 15.9333  559   0.50  -1.80  35.00  -399.0 -3444.0
 60.1431 15.9333  560   0.50  -1.80  35.00  -398.0 -3449.0
 60.1431 15.9333  561   0.50  -1.80  35.00  -399.0 -3454.0
 60.1431 15.9333  562   0.50  -1.80  35.00  -401.0 -3448.0
 60.1432 15.9333  563   0.50  -1.80  35.00  -403.0 -3445.0
 60.1432 15.9333  564   0.50  -1.80  35.00  -401.0 -3451.0
 60.1432 15.9333  565   0.50  -1.80  35.00  -402.0 -3461.0
 60.1431 15.9333  566   0.50  -1.80  35.00  -405.0 -3455.0
 60.1432 15.9333  567   0.50  -1.80  35.00  -402.0 -3451.0
 60.1432 15.9333  568   0.50  -1.80  35.00  -407.0 -3451.0
 60.1432 15.9333  569   0.50  -1.80  35.00  -403.0 -3443.0
 60.1432 15.9333  570   0.50  -1.80  35.00  -398.0 -3445.0
 60.1431 15.9333  571   0.50  -1.80  35.00  -404.0 -3449.0
 60.1431 15.9333  572   0.50  -1.80  35.00  -390.0 -3451.0
 60.1431 15.9333  573   0.50  -1.80  35.00  -395.0 -3451.0
 60.1431 15.9333  574   0.50  -1.80  35.00  -401.0 -3447.0
 60.1431 15.9333  575   0.50  -1.80  35.00  -405.0 -3461.0
 60.1431 15.9333  576   0.50  -1.80  35.00  -405.0 -3458.0
 60.1431 15.9333  577   0.50  -1.80  35.00  -395.0 -3448.0
 60.1432 15.9333  578   0.50  -1.80  35.00  -399.0 -3459.0
 60.1432 15.9333  579   0.50  -1.80  35.00  -395.0 -4017.0
 60.1431 15.9333  580   0.50  -1.80  35.00  -395.0 -4021.0
 60.1431 15.9333  581   0.50  -1.80  35.00  -396.0 -4024.0
 60.1431 15.9333  582   0.50  -1.80  35.00  -392.0 -4019.0
 60.1431 15.9333  583   0.50  -1.80  35.00  -399.0 -4021.0
 60.1432 15.9333  584   0.50  -1.80  35.00  -394.0 -4019.0
 60.1432 15.9333  585   0.50  -1.80  35.00  -391.0 -4022.0
 60.1431 15.9333  586   0.50  -1.80  35.00  -391.0 -4026.0
 60.1431 15.9333  587   0.50  -1.80  35.00  -387.0 -4023.0
 60.1431 15.9333  588   0.50  -1.80  35.00  -395.0 -4019.0
 60.1432 15.9333  589   0.50  -1.80  35.00  -395.0 -4017.0
 60.1432 15.9333  590   0.50  -1.80  35.00  -401.0 -4018.0
 60.1432 15.9333  591   0.50  -1.80  35.00  -390.0 -4022.0
 60.1431 15.9333  592   0.50  -1.80  35.00  -384.0 -4021.0
 60.1431 15.9333  593   0.50  -1.80  35.00  -393.0 -4019.0
 60.1432 15.9333  594   0.50  -1.80  35.00  -391.0 -4019.0
 60.1431 15.9333  595   0.50  -1.80  35.00  -394.0 -4017.0
 60.1431 15.9333  596   0.50  -1.80  35.00  -398.0 -4021.0
 60.1431 15.9333  597   0.50  -1.80  35.00  -395.0 -4021.0
 60.1431 15.9333  598   0.50  -1.80  35.00  -391.0 -4017.0
 60.1432 15.9333  599   0.50  -1.80  35.00  -402.0 -4020.0
 60.1431 15.9333  600   0.50  -1.80  35.00  -397.0 -4019.0
 60.1431 15.9333  601   0.50  -1.80  35.00  -386.0 -4014.0
 60.1432 15.9333  602   0.50  -1.80  35.00  -399.0 -4017.0
 60.1432 15.9333  603   0.50  -1.80  35.00  -391.0 -4017.0
 60.1432 15.9333  604   0.50  -1.80  35.00  -391.0 -4019.0
 60.1432 15.9333  605   0.50  -1.80  35.00  -401.0 -4019.0
 60.1432 15.9333  606   0.50  -1.80  35.00  -397.0 -4018.0
 60.1432 15.9333  607   0.50  -1.80  35.00  -389.0 -4015.0
 60.1432 15.9333  608   0.50  -1.80  35.00  -389.0 -4015.0
 60.1431 15.9333  609   0.50  -1.80  35.00  -396.0 -4019.0
 60.1431 15.9333  610   0.50  -1.80  35.00  -389.0 -4017.0
 60.1431 15.9333  611   0.50  -1.80  35.00  -395.0 -4015.0
 60.1431 15.9333  612   0.50  -1.80  35.00  -395.0 -4027.0
 60.1431 15.9333  613   0.50  -1.80  35.00  -395.0 -4009.0
 60.1431 15.9333  614   0.50  -1.80  35.00  -395.0 -4020.0
 60.1432 15.9333  615   0.50  -1.80  35.00  -395.0 -4013.0
 60.1432 15.9333  616   0.50  -1.80  35.00  -395.0 -4012.0
 60.1432 15.9333  617   0.50  -1.80  35.00  -403.0 -3901.0
 60.1431 15.9333  618   0.50  -1.80  35.00  -395.0 -3916.0
 60.1431 15.9333  619   0.50  -1.80  35.00  -395.0 -3912.0
 60.1431 15.9333  620   0.50  -1.80  35.00  -399.0 -3912.0
 60.1431 15.9333  621   0.50  -1.80  35.00  -392.0 -3907.0
 60.1432 15.9333  622   0.50  -1.80  35.00  -394.0 -3911.0
 60.1432 15.9333  623   0.50  -1.80  35.00  -397.0 -3910.0
 60.1432 15.9333  624   0.50  -1.80  35.00  -399.0 -3911.0
 60.1432 15.9333  625   0.50  -1.80  35.00  -397.0 -3903.0
 60.1432 15.9333  626   0.50  -1.80  35.00  -392.0 -3909.0
 60.1432 15.9333  627   0.50  -1.80  35.00  -393.0 -3909.0
 60.1431 15.9333  628   0.50  -1.80  35.00  -392.0 -3905.0
 60.1431 15.9333  629   0.50  -1.80  35.00  -392.0 -3909.0
 60.1431 15.9333  630   0.50  -1.80  35.00  -393.0 -3914.0
 60.1431 15.9333  631   0.50  -1.80  35.00  -396.0 -3904.0
 60.1432 15.9333  632   0.50  -1.80  35.00  -394.0 -3909.0
 60.1432 15.9333  633   0.50  -1.80  35.00  -397.0 -3905.0
 60.1431 15.9333  634   0.50  -1.80  35.00  -395.0 -3911.0
 60.1431 15.9333  635   0.50  -1.80  35.00  -396.0 -3913.0
 60.1432 15.9333  636   0.50  -1.80  35.00  -395.0 -3907.0
 60.1431 15.9333  637   0.50  -1.80  35.00  -398.0 -3907.0
 60.1431 15.9333  638   0.50  -1.80  35.00  -401.0 -3908.0
 60.1431 15.9333  639   0.50  -1.80  35.00  -389.0 -3921.0
 60.1431 15.9333  640   0.50  -1.80  35.00  -398.0 -3917.0
 60.1431 15.9333  641   0.50  -1.80  35.00  -399.0 -3911.0
 60.1431 15.9333  642   0.50  -1.80  35.00  -399.0 -3909.0
 60.1431 15.9333  643   0.50  -1.80  35.00  -390.0 -3912.0
 60.1432 15.9333  644   0.50  -1.80  35.00  -387.0 -3918.0
 60.1432 15.9333  645   0.50  -1.80  35.00  -391.0 -3909.0
 60.1431 15.9333  646   0.50  -1.80  35.00  -389.0 -3901.0
 60.1431 15.9333  647   0.50  -1.80  35.00  -387.0 -3913.0
 60.1432 15.9333  648   0.50  -1.80  35.00  -391.0 -3908.0
 60.1432 15.9333  649   0.50  -1.80  35.00  -390.0 -3911.0
 60.1431 15.9333  650   0.50  -1.80  35.00  -397.0 -3907.0
 60.1431 15.9333  651   0.50  -1.80  35.00  -396.0 -3907.0
 60.1431 15.9333  652   0.50  -1.80  35.00  -397.0 -3909.0
 60.1431 15.9333  653   0.50  -1.80  35.00  -403.0 -3911.0
 60.1431 15.9333  654   0.50  -1.80  35.00  -395.0 -3907.0
 60.1431 15.9333  655   0.50  -1.80  35.00  -394.0 -3902.0
 60.1431 15.9333  656   0.50  -1.80  35.00  -398.0 -3911.0
 60.1432 15.9333  657   0.50  -1.80  35.00  -393.0 -3902.0
 60.1432 15.9333  658   0.50  -1.80  35.00  -396.0 -3907.0
 60.1431 15.9333  659   0.50  -1.80  35.00  -397.0 -3907.0
 60.1431 15.9333  660   0.50  -1.80  35.00  -389.0 -4274.0
 60.1432 15.9333  661   0.50  -1.80  35.00  -396.0 -4269.0
 60.1431 15.9333  662   0.50  -1.80  35.00  -401.0 -4269.0
 60.1431 15.9333  663   0.50  -1.80  35.00  -394.0 -4274.0
 60.1431 15.9333  664   0.50  -1.80  35.00  -397.0 -4268.0
 60.1432 15.9333  665   0.50  -1.80  35.00  -395.0 -4267.0
 60.1432 15.9333  666   0.50  -1.80  35.00  -394.0 -4269.0
 60.1431 15.9333  667   0.50  -1.80  35.00  -391.0 -4268.0
 60.1431 15.9333  668   0.50  -1.80  35.00  -395.0 -4276.0
 60.1432 15.9333  669   0.50  -1.80  35.00  -396.0 -4269.0
 60.1431 15.9333  670   0.50  -1.80  35.00  -398.0 -4277.0
 60.1431 15.9333  671   0.50  -1.80  35.00  -393.0 -4277.0
 60.1431 15.9333  672   0.50  -1.80  35.00  -393.0 -4267.0
 60.1431 15.9333  673   0.50  -1.80  35.00  -395.0 -4264.0
 60.1432 15.9333  674   0.50  -1.80  35.00  -394.0 -4273.0
 60.1432 15.9333  675   0.50  -1.80  35.00  -401.0 -4281.0
 60.1432 15.9333  676   0.50  -1.80  35.00  -395.0 -4275.0
 60.1432 15.9333  677   0.50  -1.80  35.00  -393.0 -4273.0
 60.1431 15.9333  678   0.50  -1.80  35.00  -405.0 -4277.0
 60.1431 15.9333  679   0.50  -1.80  35.00  -398.0 -4275.0
 60.1431 15.9333  680   0.50  -1.80  35.00  -394.0 -4276.0
 60.1432 15.9333  681   0.50  -1.80  35.00  -400.0 -4266.0
 60.1432 15.9333  682   0.50  -1.80  35.00  -403.0 -4273.0
 60.1431 15.9333  683   0.50  -1.80  35.00  -395.0 -4271.0
 60.1431 15.9333  684   0.50  -1.80  35.00  -391.0 -4273.0
 60.1431 15.9333  685   0.50  -1.80  35.00  -391.0 -4273.0
 60.1432 15.9333  686   0.50  -1.80  35.00  -396.0 -4269.0
 60.1432 15.9333  687   0.50  -1.80  35.00  -395.0 -4275.0
 60.1432 15.9333  688   0.50  -1.80  35.00  -391.0 -4275.0
 60.1431 15.9333  689   0.50  -1.80  35.00  -397.0 -4267.0
 60.1431 15.9333  690   0.50  -1.80  35.00  -390.0 -4267.0
 60.1431 15.9333  691   0.50  -1.80  35.00  -395.0 -4275.0
 60.1431 15.9333  692   0.50  -1.80  35.00  -392.0 -4273.0
 60.1431 15.9333  693   0.50  -1.80  35.00  -398.0 -4273.0
 60.1431 15.9333  694   0.50  -1.80  35.00  -400.0 -4279.0
 60.1432 15.9333  695   0.50  -1.80  35.00  -398.0 -4268.0
 60.1432 15.9333  696   0.50  -1.80  35.00  -395.0 -4277.0
 60.1431 15.9333  697   0.50  -1.80  35.00  -394.0 -4273.0
 60.1431 15.9333  698   0.50  -1.80  35.00  -395.0 -4271.0
 60.1431 15.9333  699   0.50  -1.80  35.00  -403.0 -4283.0
 60.1431 15.9333  700   0.50  -1.80  35.00  -399.0 -4536.0
 60.1431 15.9333  701   0.50  -1.80  35.00  -397.0 -4521.0
 60.1431 15.9333  702   0.50  -1.80  35.00  -397.0 -4535.0
 60.1431 15.9333  703   0.50  -1.80  35.00  -397.0 -4525.0
 60.1432 15.9333  704   0.50  -1.80  35.00  -393.0 -4524.0
 60.1432 15.9333  705   0.50  -1.80  35.00  -394.0 -4531.0
 60.1432 15.9333  706   0.50  -1.80  35.00  -396.0 -4530.0
 60.1432 15.9333  707   0.50  -1.80  35.00  -401.0 -4518.0
 60.1432 15.9333  708   0.50  -1.80  35.00  -402.0 -4529.0
 60.1431 15.9333  709   0.50  -1.80  35.00  -401.0 -4523.0
 60.1431 15.9333  710   0.50  -1.80  35.00  -391.0 -4527.0
 60.1431 15.9333  711   0.50  -1.80  35.00  -395.0 -4526.0
 60.1431 15.9333  712   0.50  -1.80  35.00  -396.0 -4519.0
 60.1432 15.9333  713   0.50  -1.80  35.00  -397.0 -4527.0
 60.1432 15.9333  714   0.50  -1.80  35.00  -398.0 -4525.0
 60.1432 15.9333  715   0.50  -1.80  35.00  -399.0 -4529.0
 60.1432 15.9333  716   0.50  -1.80  35.00  -404.0 -4529.0
 60.1431 15.9333  717   0.50  -1.80  35.00  -396.0 -4524.0
 60.1431 15.9333  718   0.50  -1.80  35.00  -397.0 -4523.0
 60.1431 15.9333  719   0.50  -1.80  35.00  -403.0 -4523.0
 60.1431 15.9333  720   0.50  -1.80  35.00  -398.0 -4533.0
 60.1432 15.9333  721   0.50  -1.80  35.00  -399.0 -4529.0
 60.1432 15.9333  722   0.50  -1.80  35.00  -401.0 -4531.0
 60.1432 15.9333  723   0.50  -1.80  35.00  -385.0 -4526.0
 60.1431 15.9333  724   0.50  -1.80  35.00  -403.0 -4524.0
 60.1431 15.9333  725   0.50  -1.80  35.00  -396.0 -4523.0
 60.1431 15.9333  726   0.50  -1.80  35.00  -402.0 -4523.0
 60.1431 15.9333  727   0.50  -1.80  35.00  -397.0 -4531.0
 60.1431 15.9333  728   0.50  -1.80  35.00  -401.0 -4525.0
 60.1431 15.9333  729   0.50  -1.80  35.00  -398.0 -4527.0
 60.1431 15.9333  730   0.50  -1.80  35.00  -403.0 -4529.0
 60.1431 15.9333  731   0.50  -1.80  35.00  -395.0 -4530.0
 60.1431 15.9333  732   0.50  -1.80  35.00  -404.0 -4530.0
 60.1432 15.9333  733   0.50  -1.80  35.00  -403.0 -4523.0
 60.1432 15.9333  734   0.50  -1.80  35.00  -401.0 -4529.0
 60.1432 15.9333  735   0.50  -1.80  35.00  -395.0 -4523.0
 60.1432 15.9333  736   0.50  -1.80  35.00  -399.0 -4527.0
 60.1431 15.9333  737   0.50  -1.80  35.00  -394.0 -4528.0
 60.1431 15.9333  738   0.50  -1.80  35.00  -401.0 -4529.0
 60.1431 15.9333  739   0.50  -1.80  35.00  -398.0 -4531.0
 60.1431 15.9333  740   0.50  -1.80  35.00  -397.0 -4524.0
 60.1432 15.9333  741   0.50  -1.80  35.00  -405.0 -4523.0
 60.1432 15.9333  742   0.50  -1.80  35.00  -391.0 -4523.0
 60.1432 15.9333  743   0.50  -1.80  35.00  -395.0 -4535.0
 60.1431 15.9333  744   0.50  -1.80  35.00  -398.0 -4055.0
 60.1431 15.9333  745   0.50  -1.80  35.00  -401.0 -4060.0
 60.1431 15.9333  746   0.50  -1.80  35.00  -399.0 -4068.0
 60.1431 15.9333  747   0.50  -1.80  35.00  -401.0 -4060.0
 60.1431 15.9333  748   0.50  -1.80  35.00  -398.0 -4069.0
 60.1432 15.9333  749   0.50  -1.80  35.00  -397.0 -4066.0
 60.1432 15.9333  750   0.50  -1.80  35.00  -396.0 -4059.0
 60.1432 15.9333  751   0.50  -1.80  35.00  -398.0 -4063.0
 60.1432 15.9333  752   0.50  -1.80  35.00  -395.0 -4065.0
 60.1431 15.9333  753   0.50  -1.80  35.00  -401.0 -4067.0
 60.1431 15.9333  754   0.50  -1.80  35.00  -389.0 -4057.0
 60.1431 15.9333  755   0.50  -1.80  35.00  -395.0 -4070.0
 60.1432 15.9333  756   0.50  -1.80  35.00  -388.0 -4067.0
 60.1432 15.9333  757   0.50  -1.80  35.00  -396.0 -4068.0
 60.1432 15.9333  758   0.50  -1.80  35.00  -401.0 -4059.0
 60.1432 15.9333  759   0.50  -1.80  35.00  -393.0 -4067.0
 60.1432 15.9333  760   0.50  -1.80  35.00  -401.0 -4068.0
 60.1432 15.9333  761   0.50  -1.80  35.00  -401.0 -4067.0
 60.1432 15.9333  762   0.50  -1.80  35.00  -399.0 -4060.0
 60.1431 15.9333  763   0.50  -1.80  35.00  -399.0 -4072.0
 60.1431 15.9333  764   0.50  -1.80  35.00  -399.0 -4067.0
 60.1431 15.9333  765   0.50  -1.80  35.00  -395.0 -4066.0
 60.1431 15.9333  766   0.50  -1.80  35.00  -391.0 -4063.0
 60.1431 15.9333  767   0.50  -1.80  35.00  -395.0 -4054.0
 60.1431 15.9333  768   0.50  -1.80  35.00  -395.0 -4067.0
 60.1431 15.9333  769   0.50  -1.80  35.00  -392.0 -4062.0
 60.1432 15.9333  770   0.50  -1.80  35.00  -403.0 -4072.0
 60.1432 15.9333  771   0.50  -1.80  35.00  -393.0 -4066.0
 60.1432 15.9333  772   0.50  -1.80  35.00  -401.0 -4054.0
 60.1432 15.9333  773   0.50  -1.80  35.00  -403.0 -4059.0
 60.1431 15.9333  774   0.50  -1.80  35.00  -391.0 -4067.0
 60.1431 15.9333  775   0.50  -1.80  35.00  -395.0 -4065.0
 60.1431 15.9333  776   0.50  -1.80  35.00  -397.0 -4063.0
 60.1431 15.9333  777   0.50  -1.80  35.00  -401.0 -4051.0
 60.1431 15.9333  778   0.50  -1.80  35.00  -399.0 -4064.0
 60.1431 15.9333  779   0.50  -1.80  35.00  -401.0 -4063.0
 60.1432 15.9333  780   0.50  -1.80  35.00  -398.0 -4065.0
 60.1432 15.9333  781   0.50  -1.80  35.00  -395.0 -4064.0
 60.1432 15.9333  782   0.50  -1.80  35.00  -402.0 -4064.0
 60.1432 15.9333  783   0.50  -1.80  35.00  -402.0 -4067.0
 60.1431 15.9333  784   0.50  -1.80  35.00  -399.0 -4060.0
 60.1431 15.9333  785   0.50  -1.80  35.00  -401.0 -4061.0
 60.1431 15.9333  786   0.50  -1.80  35.00  -403.0 -4062.0
 60.1431 15.9333  787   0.50  -1.80  35.00  -399.0 -4031.0
 60.1432 15.9333  788   0.50  -1.80  35.00  -401.0 -4030.0
 60.1432 15.9333  789   0.50  -1.80  35.00  -402.0 -4029.0
 60.1432 15.9333  790   0.50  -1.80  35.00  -395.0 -4035.0
 60.1431 15.9333  791   0.50  -1.80  35.00  -403.0 -4020.0
 60.1432 15.9333  792   0.50  -1.80  35.00  -396.0 -4027.0
 60.1432 15.9333  793   0.50  -1.80  35.00  -406.0 -4035.0
 60.1432 15.9333  794   0.50  -1.80  35.00  -393.0 -4031.0
 60.1432 15.9333  795   0.50  -1.80  35.00  -411.0 -4034.0
 60.1431 15.9333  796   0.50  -1.80  35.00  -403.0 -4022.0
 60.1431 15.9333  797   0.50  -1.80  35.00  -403.0 -4031.0
 60.1432 15.9333  798   0.50  -1.80  35.00  -401.0 -4025.0
 60.1432 15.9333  799   0.50  -1.80  35.00  -405.0 -4030.0
 60.1432 15.9333  800   0.50  -1.80  35.00  -401.0 -4028.0
 60.1431 15.9333  801   0.50  -1.80  35.00  -404.0 -4034.0
 60.1431 15.9333  802   0.50  -1.80  35.00  -401.0 -4034.0
 60.1432 15.9333  803   0.50  -1.80  35.00  -403.0 -4030.0
 60.1432 15.9333  804   0.50  -1.80  35.00  -401.0 -4027.0
 60.1431 15.9333  805   0.50  -1.80  35.00  -402.0 -4038.0
 60.1432 15.9333  806   0.50  -1.80  35.00  -402.0 -4032.0
 60.1432 15.9333  807   0.50  -1.80  35.00  -397.0 -4023.0
 60.1432 15.9333  808   0.50  -1.80  35.00  -401.0 -4031.0
 60.1432 15.9333  809   0.50  -1.80  35.00  -408.0 -4039.0
 60.1431 15.9333  810   0.50  -1.80  35.00  -401.0 -4027.0
 60.1431 15.9333  811   0.50  -1.80  35.00  -402.0 -4034.0
 60.1432 15.9333  812   0.50  -1.80  35.00  -396.0 -4031.0
 60.1432 15.9333  813   0.50  -1.80  35.00  -404.0 -4027.0
 60.1431 15.9333  814   0.50  -1.80  35.00  -398.0 -4032.0
 60.1431 15.9333  815   0.50  -1.80  35.00  -399.0 -4035.0
 60.1431 15.9333  816   0.50  -1.80  35.00  -403.0 -4030.0
 60.1432 15.9333  817   0.50  -1.80  35.00  -397.0 -4031.0
 60.1432 15.9333  818   0.50  -1.80  35.00  -403.0 -4043.0
 60.1431 15.9333  819   0.50  -1.80  35.00  -405.0 -4026.0
 60.1431 15.9333  820   0.50  -1.80  35.00  -398.0 -4028.0
 60.1432 15.9333  821   0.50  -1.80  35.00  -399.0 -4028.0
 60.1432 15.9333  822   0.50  -1.80  35.00  -406.0 -4032.0
 60.1431 15.9333  823   0.50  -1.80  35.00  -399.0 -4027.0
 60.1431 15.9333  824   0.50  -1.80  35.00  -403.0 -4027.0
 60.1431 15.9333  825   0.50  -1.80  35.00  -406.0 -4032.0
 60.1431 15.9333  826   0.50  -1.80  35.00  -401.0 -4371.0
 60.1432 15.9333  827   0.50  -1.80  35.00  -403.0 -4359.0
 60.1432 15.9333  828   0.50  -1.80  35.00  -406.0 -4360.0
 60.1432 15.9333  829   0.50  -1.80  35.00  -404.0 -4363.0
 60.1432 15.9333  830   0.50  -1.80  35.00  -395.0 -4363.0
 60.1431 15.9333  831   0.50  -1.80  35.00  -409.0 -4362.0
 60.1431 15.9333  832   0.50  -1.80  35.00  -405.0 -4367.0
 60.1431 15.9333  833   0.50  -1.80  35.00  -398.0 -4369.0
 60.1431 15.9333  834   0.50  -1.80  35.00  -403.0 -4367.0
 60.1432 15.9333  835   0.50  -1.80  35.00  -398.0 -4369.0
 60.1432 15.9333  836   0.50  -1.80  35.00  -407.0 -4369.0
 60.1432 15.9333  837   0.50  -1.80  35.00  -403.0 -4364.0
 60.1432 15.9333  838   0.50  -1.80  35.00  -397.0 -4360.0
 60.1431 15.9333  839   0.50  -1.80  35.00  -405.0 -4360.0
 60.1431 15.9333  840   0.50  -1.80  35.00  -394.0 -4366.0
 60.1432 15.9333  841   0.50  -1.80  35.00  -411.0 -4363.0
 60.1432 15.9333  842   0.50  -1.80  35.00  -403.0 -4364.0
 60.1432 15.9333  843   0.50  -1.80  35.00  -409.0 -4369.0
 60.1432 15.9333  844   0.50  -1.80  35.00  -405.0 -4365.0
 60.1432 15.9333  845   0.50  -1.80  35.00  -405.0 -4355.0
 60.1431 15.9333  846   0.50  -1.80  35.00  -404.0 -4359.0
 60.1431 15.9333  847   0.50  -1.80  35.00  -401.0 -4364.0
 60.1431 15.9333  848   0.50  -1.80  35.00  -403.0 -4355.0
 60.1431 15.9333  849   0.50  -1.80  35.00  -401.0 -4370.0
 60.1431 15.9333  850   0.50  -1.80  35.00  -401.0 -4364.0
 60.1431 15.9333  851   0.50  -1.80  35.00  -410.0 -4369.0
 60.1432 15.9333  852   0.50  -1.80  35.00  -403.0 -4363.0
 60.1432 15.9333  853   0.50  -1.80  35.00  -405.0 -4360.0
 60.1432 15.9333  854   0.50  -1.80  35.00  -408.0 -4367.0
 60.1432 15.9333  855   0.50  -1.80  35.00  -404.0 -4369.0
 60.1432 15.9333  856   0.50  -1.80  35.00  -405.0 -4367.0
 60.1432 15.9333  857   0.50  -1.80  35.00  -401.0 -4369.0
 60.1431 15.9333  858   0.50  -1.80  35.00  -407.0 -4365.0
 60.1431 15.9333  859   0.50  -1.80  35.00  -404.0 -4369.0
 60.1431 15.9333  860   0.50  -1.80  35.00  -395.0 -4363.0
 60.1431 15.9333  861   0.50  -1.80  35.00  -411.0 -4363.0
 60.1432 15.9333  862   0.50  -1.80  35.00  -402.0 -4365.0
 60.1432 15.9333  863   0.50  -1.80  35.00  -406.0 -4361.0
 60.1432 15.9333  864   0.50  -1.80  35.00  -406.0 -4369.0
 60.1432 15.9333  865   0.50  -1.80  35.00  -408.0 -4365.0
 60.1432 15.9333  866   0.50  -1.80  35.00  -405.0 -4362.0
 60.1432 15.9333  867   0.50  -1.80  35.00  -401.0 -4365.0
 60.1431 15.9333  868   0.50  -1.80  35.00  -403.0 -4736.0
 60.1431 15.9333  869   0.50  -1.80  35.00  -401.0 -4746.0
 60.1431 15.9333  870   0.50  -1.80  35.00  -403.0 -4752.0
 60.1431 15.9333  871   0.50  -1.80  35.00  -405.0 -4747.0
 60.1432 15.9333  872   0.50  -1.80  35.00  -403.0 -4748.0
 60.1432 15.9333  873   0.50  -1.80  35.00  -401.0 -4749.0
 60.1432 15.9333  874   0.50  -1.80  35.00  -407.0 -4742.0
 60.1432 15.9333  875   0.50  -1.80  35.00  -399.0 -4748.0
 60.1431 15.9333  876   0.50  -1.80  35.00  -399.0 -4753.0
 60.1431 15.9333  877   0.50  -1.80  35.00  -401.0 -4741.0
 60.1431 15.9333  878   0.50  -1.80  35.00  -401.0 -4755.0
 60.1432 15.9333  879   0.50  -1.80  35.00  -406.0 -4743.0
 60.1432 15.9333  880   0.50  -1.80  35.00  -403.0 -4748.0
 60.1431 15.9333  881   0.50  -1.80  35.00  -405.0 -4755.0
 60.1431 15.9333  882   0.50  -1.80  35.00  -403.0 -4751.0
 60.1431 15.9333  883   0.50  -1.80  35.00  -401.0 -4748.0
 60.1431 15.9333  884   0.50  -1.80  35.00  -407.0 -4750.0
 60.1432 15.9333  885   0.50  -1.80  35.00  -399.0 -4751.0
 60.1432 15.9333  886   0.50  -1.80  35.00  -409.0 -4745.0
 60.1432 15.9333  887   0.50  -1.80  35.00  -403.0 -4749.0
 60.1431 15.9333  888   0.50  -1.80  35.00  -405.0 -4747.0
 60.1432 15.9333  889   0.50  -1.80  35.00  -407.0 -4748.0
 60.1432 15.9333  890   0.50  -1.80  35.00  -397.0 -4753.0
 60.1432 15.9333  891   0.50  -1.80  35.00  -401.0 -4755.0
 60.1432 15.9333  892   0.50  -1.80  35.00  -401.0 -4734.0
 60.1431 15.9333  893   0.50  -1.80  35.00  -398.0 -4745.0
 60.1431 15.9333  894   0.50  -1.80  35.00  -403.0 -4750.0
 60.1431 15.9333  895   0.50  -1.80  35.00  -395.0 -4748.0
 60.1432 15.9333  896   0.50  -1.80  35.00  -404.0 -4749.0
 60.1432 15.9333  897   0.50  -1.80  35.00  -403.0 -4751.0
 60.1432 15.9333  898   0.50  -1.80  35.00  -399.0 -4745.0
 60.1432 15.9333  899   0.50  -1.80  35.00  -405.0 -4740.0
 60.1431 15.9333  900   0.50  -1.80  35.00  -403.0 -4750.0
 60.1431 15.9333  901   0.50  -1.80  35.00  -398.0 -4759.0
 60.1432 15.9333  902   0.50  -1.80  35.00  -404.0 -4753.0
 60.1432 15.9333  903   0.50  -1.80  35.00  -403.0 -4753.0
 60.1431 15.9333  904   0.50  -1.80  35.00  -401.0 -4749.0
 60.1431 15.9333  905   0.50  -1.80  35.00  -413.0 -4755.0
 60.1432 15.9333  906   0.50  -1.80  35.00  -402.0 -4744.0
 60.1432 15.9333  907   0.50  -1.80  35.00  -402.0 -5001.0
 60.1431 15.9333  908   0.50  -1.80  35.00  -408.0 -5006.0
 60.1432 15.9333  909   0.50  -1.80  35.00  -398.0 -5005.0
 60.1432 15.9333  910   0.50  -1.80  35.00  -401.0 -5009.0
 60.1432 15.9333  911   0.50  -1.80  35.00  -401.0 -4999.0
 60.1432 15.9333  912   0.50  -1.80  35.00  -399.0 -5005.0
 60.1432 15.9333  913   0.50  -1.80  35.00  -401.0 -5006.0
 60.1431 15.9333  914   0.50  -1.80  35.00  -401.0 -5003.0
 60.1431 15.9333  915   0.50  -1.80  35.00  -395.0 -5003.0
 60.1431 15.9333  916   0.50  -1.80  35.00  -394.0 -5006.0
 60.1431 15.9333  917   0.50  -1.80  35.00  -396.0 -5011.0
 60.1431 15.9333  918   0.50  -1.80  35.00  -396.0 -5007.0
 60.1431 15.9333  919   0.50  -1.80  35.00  -406.0 -5002.0
 60.1431 15.9333  920   0.50  -1.80  35.00  -399.0 -4989.0
 60.1431 15.9333  921   0.50  -1.80  35.00  -401.0 -5007.0
 60.1431 15.9333  922   0.50  -1.80  35.00  -389.0 -5005.0
 60.1432 15.9333  923   0.50  -1.80  35.00  -407.0 -5006.0
 60.1432 15.9333  924   0.50  -1.80  35.00  -399.0 -5000.0
 60.1432 15.9333  925   0.50  -1.80  35.00  -403.0 -5003.0
 60.1432 15.9333  926   0.50  -1.80  35.00  -405.0 -5011.0
 60.1432 15.9333  927   0.50  -1.80  35.00  -398.0 -5005.0
 60.1431 15.9333  928   0.50  -1.80  35.00  -402.0 -5007.0
 60.1431 15.9333  929   0.50  -1.80  35.00  -395.0 -5004.0
 60.1431 15.9333  930   0.50  -1.80  35.00  -397.0 -5010.0
 60.1431 15.9333  931   0.50  -1.80  35.00  -402.0 -5004.0
 60.1432 15.9333  932   0.50  -1.80  35.00  -401.0 -5007.0
 60.1432 15.9333  933   0.50  -1.80  35.00  -402.0 -5004.0
 60.1431 15.9333  934   0.50  -1.80  35.00  -397.0 -5000.0
 60.1431 15.9333  935   0.50  -1.80  35.00  -405.0 -5009.0
 60.1431 15.9333  936   0.50  -1.80  35.00  -395.0 -5009.0
 60.1432 15.9333  937   0.50  -1.80  35.00  -403.0 -5004.0
 60.1432 15.9333  938   0.50  -1.80  35.00  -399.0 -5005.0
 60.1432 15.9333  939   0.50  -1.80  35.00  -402.0 -4999.0
 60.1432 15.9333  940   0.50  -1.80  35.00  -401.0 -5004.0
 60.1432 15.9333  941   0.50  -1.80  35.00  -404.0 -5009.0
 60.1432 15.9333  942   0.50  -1.80  35.00  -397.0 -5007.0
 60.1431 15.9333  943   0.50  -1.80  35.00  -400.0 -5002.0
 60.1431 15.9333  944   0.50  -1.80  35.00  -399.0 -4995.0
 60.1432 15.9333  945   0.50  -1.80  35.00  -404.0 -5003.0
 60.1432 15.9333  946   0.50  -1.80  35.00  -406.0 -5011.0
 60.1432 15.9333  947   0.50  -1.80  35.00  -396.0 -5003.0
 60.1431 15.9333  948   0.50  -1.80  35.00  -419.0 -5007.0
 60.1432 15.9333  949   0.50  -1.80  35.00  -417.0 -4924.0
 60.1432 15.9333  950   0.50  -1.80  35.00  -403.0 -4928.0
 60.1431 15.9333  951   0.50  -1.80  35.00  -412.0 -4920.0
 60.1431 15.9333  952   0.50  -1.80  35.00  -411.0 -4921.0
 60.1431 15.9333  953   0.50  -1.80  35.00  -411.0 -4923.0
 60.1431 15.9333  954   0.50  -1.80  35.00  -409.0 -4926.0
 60.1431 15.9333  955   0.50  -1.80  35.00  -411.0 -4924.0
 60.1432 15.9333  956   0.50  -1.80  35.00  -409.0 -4924.0
 60.1431 15.9333  957   0.50  -1.80  35.00  -407.0 -4926.0
 60.1431 15.9333  958   0.50  -1.80  35.00  -412.0 -4921.0
 60.1432 15.9333  959   0.50  -1.80  35.00  -410.0 -4921.0
 60.1432 15.9333  960   0.50  -1.80  35.00  -411.0 -4922.0
 60.1432 15.9333  961   0.50  -1.80  35.00  -414.0 -4920.0
 60.1431 15.9333  962   0.50  -1.80  35.00  -406.0 -4916.0
 60.1432 15.9333  963   0.50  -1.80  35.00  -414.0 -4919.0
 60.1432 15.9333  964   0.50  -1.80  35.00  -417.0 -4922.0
 60.1431 15.9333  965   0.50  -1.80  35.00  -412.0 -4925.0
 60.1431 15.9333  966   0.50  -1.80  35.00  -411.0 -4913.0
 60.1431 15.9333  967   0.50  -1.80  35.00  -414.0 -4923.0
 60.1431 15.9333  968   0.50  -1.80  35.00  -408.0 -4925.0
 60.1431 15.9333  969   0.50  -1.80  35.00  -414.0 -4920.0
 60.1432 15.9333  970   0.50  -1.80  35.00  -406.0 -4919.0
 60.1431 15.9333  971   0.50  -1.80  35.00  -411.0 -4917.0
 60.1431 15.9333  972   0.50  -1.80  35.00  -415.0 -4918.0
 60.1432 15.9333  973   0.50  -1.80  35.00  -414.0 -4919.0
 60.1432 15.9333  974   0.50  -1.80  35.00  -423.0 -4917.0
 60.1431 15.9333  975   0.50  -1.80  35.00  -411.0 -4918.0
 60.1431 15.9333  976   0.50  -1.80  35.00  -412.0 -4914.0
 60.1432 15.9333  977   0.50  -1.80  35.00  -415.0 -4917.0
 60.1432 15.9333  978   0.50  -1.80  35.00  -411.0 -4920.0
 60.1432 15.9333  979   0.50  -1.80  35.00  -413.0 -4917.0
 60.1431 15.9333  980   0.50  -1.80  35.00  -406.0 -4919.0
 60.1431 15.9333  981   0.50  -1.80  35.00  -417.0 -4917.0
 60.1432 15.9333  982   0.50  -1.80  35.00  -411.0 -4921.0
 60.1432 15.9333  983   0.50  -1.80  35.00  -408.0 -4921.0
 60.1432 15.9333  984   0.50  -1.80  35.00  -413.0 -4935.0
 60.1431 15.9333  985   0.50  -1.80  35.00  -413.0 -4929.0
 60.1431 15.9333  986   0.50  -1.80  35.00  -414.0 -4919.0
 60.1431 15.9333  987   0.50  -1.80  35.00  -411.0 -4919.0
 60.1432 15.9333  988   0.50  -1.80  35.00  -423.0 -4920.0
 60.1432 15.9333  989   0.50  -1.80  35.00  -408.0 -4920.0
 60.1432 15.9333  990   0.50  -1.80  35.00  -407.0 -4913.0
 60.1431 15.9333  991   0.50  -1.80  35.00  -401.0 -4921.0
 60.1431 15.9333  992   0.50  -1.80  35.00  -407.0 -5155.0
 60.1431 15.9333  993   0.50  -1.80  35.00  -407.0 -5157.0
 60.1431 15.9333  994   0.50  -1.80  35.00  -407.0 -5151.0
 60.1432 15.9333  995   0.50  -1.80  35.00  -405.0 -5155.0
 60.1432 15.9333  996   0.50  -1.80  35.00  -410.0 -5158.0
 60.1432 15.9333  997   0.50  -1.80  35.00  -403.0 -5150.0
 60.1432 15.9333  998   0.50  -1.80  35.00  -409.0 -5158.0
 60.1432 15.9333  999   0.50  -1.80  35.00  -411.0 -5163.0
