 60.1430 15.9334    0   0.50  -1.80  35.00  -415.0 -2907.0
 60.1430 15.9333    1   0.50  -1.80  35.00  -419.0 -2908.0
 60.1430 15.9334    2   0.50  -1.80  35.00  -419.0 -2907.0
 60.1430 15.9334    3   0.50  -1.80  35.00  -418.0 -2901.0
 60.1430 15.9334    4   0.50  -1.80  35.00  -417.0 -2835.0
 60.1430 15.9333    5   0.50  -1.80  35.00  -423.0 -2827.0
 60.1430 15.9333    6   0.50  -1.80  35.00  -423.0 -2827.0
 60.1430 15.9333    7   0.50  -1.80  35.00  -423.0 -2829.0
 60.1430 15.9333    8   0.50  -1.80  35.00  -421.0 -2833.0
 60.1430 15.9334    9   0.50  -1.80  35.00  -415.0 -2833.0
 60.1430 15.9334   10   0.50  -1.80  35.00  -419.0 -2832.0
 60.1429 15.9333   11   0.50  -1.80  35.00  -420.0 -2835.0
 60.1429 15.9333   12   0.50  -1.80  35.00  -423.0 -2833.0
 60.1430 15.9333   13   0.50  -1.80  35.00  -419.0 -2837.0
 60.1430 15.9333   14   0.50  -1.80  35.00  -425.0 -2827.0
 60.1430 15.9334   15   0.50  -1.80  35.00  -427.0 -2828.0
 60.1430 15.9333   16   0.50  -1.80  35.00  -425.0 -2823.0
 60.1430 15.9333   17   0.50  -1.80  35.00  -423.0 -2828.0
 60.1430 15.9333   18   0.50  -1.80  35.00  -423.0 -2831.0
 60.1430 15.9333   19   0.50  -1.80  35.00  -419.0 -2831.0
 60.1429 15.9334   20   0.50  -1.80  35.00  -418.0 -2831.0
 60.1429 15.9334   21   0.50  -1.80  35.00  -415.0 -2825.0
 60.1429 15.9333   22   0.50  -1.80  35.00  -419.0 -2827.0
 60.1430 15.9333   23   0.50  -1.80  35.00  -427.0 -2827.0
 60.1430 15.9333   24   0.50  -1.80  35.00  -422.0 -2827.0
 60.1430 15.9333   25   0.50  -1.80  35.00  -416.0 -2824.0
 60.1430 15.9333   26   0.50  -1.80  35.00  -423.0 -2827.0
 60.1430 15.9333   27   0.50  -1.80  35.00  -425.0 -2828.0
 60.1429 15.9333   28   0.50  -1.80  35.00  -419.0 -2832.0
 60.1429 15.9333   29   0.50  -1.80  35.00  -423.0 -2831.0
 60.1429 15.9333   30   0.50  -1.80  35.00  -421.0 -2833.0
 60.1430 15.9334   31   0.50  -1.80  35.00  -424.0 -2829.0
 60.1430 15.9334   32   0.50  -1.80  35.00  -423.0 -2827.0
 60.1430 15.9333   33   0.50  -1.80  35.00  -411.0 -2831.0
 60.1430 15.9333   34   0.50  -1.80  35.00  -416.0 -2835.0
 60.1430 15.9333   35   0.50  -1.80  35.00  -421.0 -2827.0
 60.1430 15.9333   36   0.50  -1.80  35.00  -419.0 -2823.0
 60.1429 15.9333   37   0.50  -1.80  35.00  -423.0 -2831.0
 60.1429 15.9333   38   0.50  -1.80  35.00  -423.0 -2823.0
 60.1430 15.9333   39   0.50  -1.80  35.00  -424.0 -2829.0
 60.1430 15.9333   40   0.50  -1.80  35.00  -424.0 -2839.0
 60.1429 15.9333   41   0.50  -1.80  35.00  -421.0 -2828.0
 60.1430 15.9333   42   0.50  -1.80  35.00  -422.0 -2707.0
 60.1430 15.9333   43   0.50  -1.80  35.00  -419.0 -2716.0
 60.1430 15.9333   44   0.50  -1.80  35.00  -419.0 -2719.0
 60.1430 15.9333   45   0.50  -1.80  35.00  -425.0 -2715.0
 60.1430 15.9333   46   0.50  -1.80  35.00  -427.0 -2712.0
 60.1429 15.9333   47   0.50  -1.80  35.00  -423.0 -2719.0
 60.1429 15.9333   48   0.50  -1.80  35.00  -419.0 -2715.0
 60.1430 15.9333   49   0.50  -1.80  35.00  -419.0 -2709.0
 60.1430 15.9333   50   0.50  -1.80  35.00  -419.0 -2717.0
 60.1429 15.9333   51   0.50  -1.80  35.00  -407.0 -2712.0
 60.1429 15.9333   52   0.50  -1.80  35.00  -427.0 -2715.0
 60.1430 15.9333   53   0.50  -1.80  35.00  -421.0 -2703.0
 60.1430 15.9333   54   0.50  -1.80  35.00  -419.0 -2709.0
 60.1429 15.9333   55   0.50  -1.80  35.00  -423.0 -2713.0
 60.1429 15.9333   56   0.50  -1.80  35.00  -423.0 -2712.0
 60.1429 15.9333   57   0.50  -1.80  35.00  -420.0 -2715.0
 60.1429 15.9333   58   0.50  -1.80  35.00  -419.0 -2707.0
 60.1430 15.9333   59   0.50  -1.80  35.00  -415.0 -2707.0
 60.1430 15.9333   60   0.50  -1.80  35.00  -419.0 -2715.0
 60.1430 15.9333   61   0.50  -1.80  35.00  -425.0 -2712.0
 60.1430 15.9333   62   0.50  -1.80  35.00  -435.0 -2707.0
 60.1430 15.9333   63   0.50  -1.80  35.00  -424.0 -2717.0
 60.1429 15.9333   64   0.50  -1.80  35.00  -421.0 -2711.0
 60.1429 15.9333   65   0.50  -1.80  35.00  -423.0 -2711.0
 60.1429 15.9333   66   0.50  -1.80  35.00  -421.0 -2713.0
 60.1430 15.9333   67   0.50  -1.80  35.00  -431.0 -2711.0
 60.1429 15.9333   68   0.50  -1.80  35.00  -419.0 -2711.0
 60.1429 15.9333   69   0.50  -1.80  35.00  -423.0 -2719.0
 60.1429 15.9333   70   0.50  -1.80  35.00  -419.0 -2715.0
 60.1430 15.9333   71   0.50  -1.80  35.00  -416.0 -2711.0
 60.1430 15.9333   72   0.50  -1.80  35.00  -420.0 -2719.0
 60.1430 15.9333   73   0.50  -1.80  35.00  -423.0 -2714.0
 60.1430 15.9333   74   0.50  -1.80  35.00  -428.0 -2707.0
 60.1429 15.9333   75   0.50  -1.80  35.00  -421.0 -2715.0
 60.1429 15.9333   76   0.50  -1.80  35.00  -423.0 -2723.0
 60.1430 15.9334   77   0.50  -1.80  35.00  -416.0 -2713.0
 60.1429 15.9333   78   0.50  -1.80  35.00  -411.0 -2713.0
 60.1429 15.9333   79   0.50  -1.80  35.00  -423.0 -2727.0
 60.1429 15.9333   80   0.50  -1.80  35.00  -415.0 -2711.0
 60.1430 15.9333   81   0.50  -1.80  35.00  -419.0 -2715.0
 60.1430 15.9333   82   0.50  -1.80  35.00  -419.0 -2707.0
 60.1429 15.9333   83   0.50  -1.80  35.00  -416.0 -2711.0
 60.1429 15.9333   84   0.50  -1.80  35.00  -427.0 -2711.0
 60.1429 15.9333   85   0.50  -1.80  35.00  -431.0 -2631.0
 60.1429 15.9333   86   0.50  -1.80  35.00  -419.0 -2627.0
 60.1430 15.9333   87   0.50  -1.80  35.00  -429.0 -2625.0
 60.1430 15.9333   88   0.50  -1.80  35.00  -423.0 -2627.0
 60.1429 15.9333   89   0.50  -1.80  35.00  -424.0 -2627.0
 60.1430 15.9334   90   0.50  -1.80  35.00  -427.0 -2631.0
 60.1430 15.9334   91   0.50  -1.80  35.00  -425.0 -2628.0
 60.1430 15.9333   92   0.50  -1.80  35.00  -431.0 -2627.0
 60.1430 15.9333   93   0.50  -1.80  35.00  -423.0 -2623.0
 60.1430 15.9333   94   0.50  -1.80  35.00  -425.0 -2620.0
 60.1429 15.9333   95   0.50  -1.80  35.00  -427.0 -2635.0
 60.1429 15.9333   96   0.50  -1.80  35.00  -425.0 -2623.0
 60.1430 15.9333   97   0.50  -1.80  35.00  -428.0 -2624.0
 60.1430 15.9333   98   0.50  -1.80  35.00  -423.0 -2623.0
 60.1430 15.9333   99   0.50  -1.80  35.00  -423.0 -2623.0
 60.1430 15.9333  100   0.50  -1.80  35.00  -431.0 -2629.0
 60.1429 15.9333  101   0.50  -1.80  35.00  -428.0 -2629.0
 60.1429 15.9333  102   0.50  -1.80  35.00  -423.0 -2639.0
 60.1429 15.9333  103   0.50  -1.80  35.00  -427.0 -2623.0
 60.1430 15.9333  104   0.50  -1.80  35.00  -428.0 -2628.0
 60.1430 15.9333  105   0.50  -1.80  35.00  -424.0 -2627.0
 60.1430 15.9333  106   0.50  -1.80  35.00  -419.0 -2623.0
 60.1430 15.9333  107   0.50  -1.80  35.00  -423.0 -2615.0
 60.1430 15.9333  108   0.50  -1.80  35.00  -427.0 -2624.0
 60.1430 15.9333  109   0.50  -1.80  35.00  -427.0 -2627.0
 60.1429 15.9333  110   0.50  -1.80  35.00  -427.0 -2628.0
 60.1429 15.9333  111   0.50  -1.80  35.00  -427.0 -2623.0
 60.1430 15.9333  112   0.50  -1.80  35.00  -420.0 -2643.0
 60.1430 15.9333  113   0.50  -1.80  35.00  -427.0 -2625.0
 60.1430 15.9333  114   0.50  -1.80  35.00  -428.0 -2631.0
 60.1429 15.9333  115   0.50  -1.80  35.00  -423.0 -2631.0
 60.1429 15.9333  116   0.50  -1.80  35.00  -429.0 -2624.0
 60.1429 15.9333  117   0.50  -1.80  35.00  -420.0 -2623.0
 60.1429 15.9333  118   0.50  -1.80  35.00  -421.0 -2631.0
 60.1429 15.9333  119   0.50  -1.80  35.00  -421.0 -2623.0
 60.1430 15.9333  120   0.50  -1.80  35.00  -427.0 -2631.0
 60.1430 15.9333  121   0.50  -1.80  35.00  -427.0 -2631.0
 60.1429 15.9333  122   0.50  -1.80  35.00  -427.0 -2627.0
 60.1430 15.9333  123   0.50  -1.80  35.00  -419.0 -2623.0
 60.1430 15.9333  124   0.50  -1.80  35.00  -431.0 -2803.0
 60.1429 15.9333  125   0.50  -1.80  35.00  -430.0 -2787.0
 60.1429 15.9333  126   0.50  -1.80  35.00  -433.0 -2795.0
 60.1430 15.9333  127   0.50  -1.80  35.00  -428.0 -2797.0
 60.1430 15.9333  128   0.50  -1.80  35.00  -427.0 -2799.0
 60.1430 15.9333  129   0.50  -1.80  35.00  -431.0 -2793.0
 60.1429 15.9333  130   0.50  -1.80  35.00  -441.0 -2797.0
 60.1429 15.9333  131   0.50  -1.80  35.00  -431.0 -2799.0
 60.1430 15.9333  132   0.50  -1.80  35.00  -431.0 -2799.0
 60.1429 15.9333  133   0.50  -1.80  35.00  -433.0 -2801.0
 60.1429 15.9333  134   0.50  -1.80  35.00  -424.0 -2799.0
 60.1430 15.9333  135   0.50  -1.80  35.00  -431.0 -2791.0
 60.1430 15.9333  136   0.50  -1.80  35.00  -437.0 -2803.0
 60.1429 15.9333  137   0.50  -1.80  35.00  -435.0 -2803.0
 60.1429 15.9333  138   0.50  -1.80  35.00  -439.0 -2799.0
 60.1429 15.9333  139   0.50  -1.80  35.00  -425.0 -2791.0
 60.1429 15.9333  140   0.50  -1.80  35.00  -435.0 -2806.0
 60.1429 15.9333  141   0.50  -1.80  35.00  -433.0 -2795.0
 60.1430 15.9333  142   0.50  -1.80  35.00  -443.0 -2796.0
 60.1430 15.9333  143   0.50  -1.80  35.00  -435.0 -2803.0
 60.1429 15.9333  144   0.50  -1.80  35.00  -435.0 -2795.0
 60.1429 15.9333  145   0.50  -1.80  35.00  -431.0 -2795.0
 60.1430 15.9333  146   0.50  -1.80  35.00  -435.0 -2793.0
 60.1430 15.9333  147   0.50  -1.80  35.00  -426.0 -2796.0
 60.1430 15.9333  148   0.50  -1.80  35.00  -431.0 -2793.0
 60.1430 15.9333  149   0.50  -1.80  35.00  -431.0 -2794.0
 60.1430 15.9334  150   0.50  -1.80  35.00  -431.0 -2799.0
 60.1429 15.9333  151   0.50  -1.80  35.00  -423.0 -2799.0
 60.1429 15.9333  152   0.50  -1.80  35.00  -434.0 -2797.0
 60.1429 15.9333  153   0.50  -1.80  35.00  -431.0 -2795.0
 60.1429 15.9333  154   0.50  -1.80  35.00  -429.0 -2795.0
 60.1429 15.9333  155   0.50  -1.80  35.00  -435.0 -2801.0
 60.1430 15.9333  156   0.50  -1.80  35.00  -435.0 -2803.0
 60.1430 15.9333  157   0.50  -1.80  35.00  -429.0 -2807.0
 60.1430 15.9333  158   0.50  -1.80  35.00  -430.0 -2795.0
 60.1429 15.9333  159   0.50  -1.80  35.00  -435.0 -2787.0
 60.1429 15.9333  160   0.50  -1.80  35.00  -427.0 -2791.0
 60.1429 15.9333  161   0.50  -1.80  35.00  -431.0 -2801.0
 60.1430 15.9333  162   0.50  -1.80  35.00  -427.0 -2801.0
 60.1430 15.9333  163   0.50  -1.80  35.00  -431.0 -2801.0
 60.1429 15.9333  164   0.50  -1.80  35.00  -435.0 -2796.0
 60.1429 15.9333  165   0.50  -1.80  35.00  -427.0 -2799.0
 60.1429 15.9333  166   0.50  -1.80  35.00  -435.0 -2795.0
 60.1429 15.9333  167   0.50  -1.80  35.00  -435.0 -2710.0
 60.1430 15.9333  168   0.50  -1.80  35.00  -436.0 -2711.0
 60.1430 15.9333  169   0.50  -1.80  35.00  -437.0 -2706.0
 60.1429 15.9334  170   0.50  -1.80  35.00  -439.0 -2717.0
 60.1429 15.9334  171   0.50  -1.80  35.00  -435.0 -2711.0
 60.1429 15.9333  172   0.50  -1.80  35.00  -439.0 -2719.0
 60.1429 15.9333  173   0.50  -1.80  35.00  -431.0 -2715.0
 60.1429 15.9333  174   0.50  -1.80  35.00  -443.0 -2720.0
 60.1430 15.9334  175   0.50  -1.80  35.00  -435.0 -2715.0
 60.1430 15.9334  176   0.50  -1.80  35.00  -435.0 -2703.0
 60.1429 15.9333  177   0.50  -1.80  35.00  -436.0 -2711.0
 60.1429 15.9333  178   0.50  -1.80  35.00  -435.0 -2719.0
 60.1429 15.9333  179   0.50  -1.80  35.00  -437.0 -2711.0
 60.1429 15.9333  180   0.50  -1.80  35.00  -439.0 -2719.0
 60.1430 15.9334  181   0.50  -1.80  35.00  -443.0 -2723.0
 60.1430 15.9333  182   0.50  -1.80  35.00  -436.0 -2715.0
 60.1430 15.9333  183   0.50  -1.80  35.00  -435.0 -2715.0
 60.1430 15.9333  184   0.50  -1.80  35.00  -433.0 -2716.0
 60.1430 15.9333  185   0.50  -1.80  35.00  -431.0 -2711.0
 60.1429 15.9333  186   0.50  -1.80  35.00  -443.0 -2715.0
 60.1429 15.9333  187   0.50  -1.80  35.00  -435.0 -2707.0
 60.1430 15.9333  188   0.50  -1.80  35.00  -435.0 -2707.0
 60.1430 15.9333  189   0.50  -1.80  35.00  -443.0 -2711.0
 60.1429 15.9333  190   0.50  -1.80  35.00  -441.0 -2715.0
 60.1429 15.9333  191   0.50  -1.80  35.00  -443.0 -2707.0
 60.1429 15.9333  192   0.50  -1.80  35.00  -439.0 -2719.0
 60.1429 15.9333  193   0.50  -1.80  35.00  -435.0 -2703.0
 60.1429 15.9333  194   0.50  -1.80  35.00  -433.0 -2709.0
 60.1429 15.9333  195   0.50  -1.80  35.00  -435.0 -2707.0
 60.1429 15.9333  196   0.50  -1.80  35.00  -435.0 -2715.0
 60.1429 15.9333  197   0.50  -1.80  35.00  -436.0 -2712.0
 60.1430 15.9333  198   0.50  -1.80  35.00  -435.0 -2707.0
 60.1430 15.9333  199   0.50  -1.80  35.00  -444.0 -2716.0
 60.1430 15.9333  200   0.50  -1.80  35.00  -431.0 -2707.0
 60.1430 15.9333  201   0.50  -1.80  35.00  -435.0 -2715.0
 60.1430 15.9333  202   0.50  -1.80  35.00  -439.0 -2711.0
 60.1430 15.9333  203   0.50  -1.80  35.00  -439.0 -2711.0
 60.1430 15.9333  204   0.50  -1.80  35.00  -431.0 -2716.0
 60.1430 15.9333  205   0.50  -1.80  35.00  -437.0 -2943.0
 60.1429 15.9333  206   0.50  -1.80  35.00  -435.0 -2943.0
 60.1430 15.9333  207   0.50  -1.80  35.00  -439.0 -2943.0
 60.1430 15.9333  208   0.50  -1.80  35.00  -433.0 -2939.0
 60.1430 15.9333  209   0.50  -1.80  35.00  -431.0 -2939.0
 60.1429 15.9333  210   0.50  -1.80  35.00  -435.0 -2937.0
 60.1429 15.9333  211   0.50  -1.80  35.00  -433.0 -2949.0
 60.1430 15.9333  212   0.50  -1.80  35.00  -439.0 -2940.0
 60.1430 15.9333  213   0.50  -1.80  35.00  -439.0 -2941.0
 60.1430 15.9333  214   0.50  -1.80  35.00  -415.0 -2941.0
 60.1430 15.9333  215   0.50  -1.80  35.00  -429.0 -2941.0
 60.1430 15.9333  216   0.50  -1.80  35.00  -437.0 -2939.0
 60.1430 15.9333  217   0.50  -1.80  35.00  -445.0 -2942.0
 60.1430 15.9333  218   0.50  -1.80  35.00  -435.0 -2939.0
 60.1430 15.9333  219   0.50  -1.80  35.00  -427.0 -2942.0
 60.1429 15.9333  220   0.50  -1.80  35.00  -435.0 -2940.0
 60.1429 15.9333  221   0.50  -1.80  35.00  -433.0 -2947.0
 60.1430 15.9334  222   0.50  -1.80  35.00  -435.0 -2943.0
 60.1430 15.9333  223   0.50  -1.80  35.00  -435.0 -2939.0
 60.1430 15.9333  224   0.50  -1.80  35.00  -431.0 -2939.0
 60.1430 15.9333  225   0.50  -1.80  35.00  -428.0 -2939.0
 60.1430 15.9333  226   0.50  -1.80  35.00  -427.0 -2943.0
 60.1430 15.9333  227   0.50  -1.80  35.00  -435.0 -2939.0
 60.1429 15.9333  228   0.50  -1.80  35.00  -437.0 -2935.0
 60.1429 15.9333  229   0.50  -1.80  35.00  -427.0 -2939.0
 60.1429 15.9333  230   0.50  -1.80  35.00  -439.0 -2940.0
 60.1430 15.9333  231   0.50  -1.80  35.00  -431.0 -2943.0
 60.1430 15.9333  232   0.50  -1.80  35.00  -443.0 -2939.0
 60.1429 15.9333  233   0.50  -1.80  35.00  -431.0 -2947.0
 60.1429 15.9333  234   0.50  -1.80  35.00  -429.0 -2943.0
 60.1429 15.9333  235   0.50  -1.80  35.00  -431.0 -2941.0
 60.1430 15.9333  236   0.50  -1.80  35.00  -436.0 -2940.0
 60.1429 15.9333  237   0.50  -1.80  35.00  -437.0 -2939.0
 60.1429 15.9333  238   0.50  -1.80  35.00  -435.0 -2944.0
 60.1429 15.9333  239   0.50  -1.80  35.00  -435.0 -2938.0
 60.1429 15.9333  240   0.50  -1.80  35.00  -435.0 -2948.0
 60.1429 15.9333  241   0.50  -1.80  35.00  -431.0 -2947.0
 60.1429 15.9333  242   0.50  -1.80  35.00  -431.0 -2943.0
 60.1429 15.9333  243   0.50  -1.80  35.00  -431.0 -2939.0
 60.1429 15.9333  244   0.50  -1.80  35.00  -435.0 -2933.0
 60.1430 15.9334  245   0.50  -1.80  35.00  -429.0 -2940.0
 60.1430 15.9334  246   0.50  -1.80  35.00  -435.0 -2943.0
 60.1430 15.9333  247   0.50  -1.80  35.00  -429.0 -2943.0
 60.1430 15.9333  248   0.50  -1.80  35.00  -429.0 -2938.0
 60.1430 15.9333  249   0.50  -1.80  35.00  -427.0 -2824.0
 60.1429 15.9333  250   0.50  -1.80  35.00  -431.0 -2827.0
 60.1429 15.9333  251   0.50  -1.80  35.00  -425.0 -2827.0
 60.1429 15.9333  252   0.50  -1.80  35.00  -421.0 -2833.0
 60.1429 15.9333  253   0.50  -1.80  35.00  -435.0 -2823.0
 60.1429 15.9333  254   0.50  -1.80  35.00  -425.0 -2835.0
 60.1429 15.9333  255   0.50  -1.80  35.00  -429.0 -2835.0
 60.1429 15.9333  256   0.50  -1.80  35.00  -435.0 -2827.0
 60.1430 15.9333  257   0.50  -1.80  35.00  -429.0 -2823.0
 60.1430 15.9333  258   0.50  -1.80  35.00  -427.0 -2835.0
 60.1430 15.9333  259   0.50  -1.80  35.00  -427.0 -2833.0
 60.1429 15.9333  260   0.50  -1.80  35.00  -424.0 -2835.0
 60.1429 15.9333  261   0.50  -1.80  35.00  -431.0 -2827.0
 60.1429 15.9333  262   0.50  -1.80  35.00  -427.0 -2827.0
 60.1430 15.9333  263   0.50  -1.80  35.00  -425.0 -2825.0
 60.1430 15.9333  264   0.50  -1.80  35.00  -427.0 -2823.0
 60.1429 15.9333  265   0.50  -1.80  35.00  -423.0 -2827.0
 60.1429 15.9333  266   0.50  -1.80  35.00  -433.0 -2827.0
 60.1430 15.9333  267   0.50  -1.80  35.00  -431.0 -2833.0
 60.1430 15.9333  268   0.50  -1.80  35.00  -429.0 -2837.0
 60.1429 15.9333  269   0.50  -1.80  35.00  -431.0 -2827.0
 60.1429 15.9333  270   0.50  -1.80  35.00  -428.0 -2833.0
 60.1430 15.9333  271   0.50  -1.80  35.00  -417.0 -2829.0
 60.1430 15.9333  272   0.50  -1.80  35.00  -428.0 -2829.0
 60.1429 15.9333  273   0.50  -1.80  35.00  -429.0 -2817.0
 60.1429 15.9333  274   0.50  -1.80  35.00  -435.0 -2827.0
 60.1429 15.9333  275   0.50  -1.80  35.00  -427.0 -2831.0
 60.1430 15.9333  276   0.50  -1.80  35.00  -431.0 -2829.0
 60.1430 15.9333  277   0.50  -1.80  35.00  -431.0 -2827.0
 60.1430 15.9333  278   0.50  -1.80  35.00  -427.0 -2828.0
 60.1429 15.9333  279   0.50  -1.80  35.00  -431.0 -2827.0
 60.1429 15.9333  280   0.50  -1.80  35.00  -428.0 -2830.0
 60.1430 15.9333  281   0.50  -1.80  35.00  -431.0 -2833.0
 60.1430 15.9333  282   0.50  -1.80  35.00  -420.0 -2833.0
 60.1429 15.9333  283   0.50  -1.80  35.00  -435.0 -2832.0
 60.1429 15.9333  284   0.50  -1.80  35.00  -427.0 -2827.0
 60.1430 15.9333  285   0.50  -1.80  35.00  -427.0 -2830.0
 60.1429 15.9333  286   0.50  -1.80  35.00  -421.0 -2821.0
 60.1429 15.9333  287   0.50  -1.80  35.00  -425.0 -2835.0
 60.1429 15.9333  288   0.50  -1.80  35.00  -430.0 -2833.0
 60.1429 15.9333  289   0.50  -1.80  35.00  -427.0 -2825.0
 60.1430 15.9333  290   0.50  -1.80  35.00  -431.0 -2827.0
 60.1430 15.9333  291   0.50  -1.80  35.00  -431.0 -2827.0
 60.1429 15.9333  292   0.50  -1.80  35.00  -425.0 -2679.0
 60.1429 15.9333  293   0.50  -1.80  35.00  -425.0 -2679.0
 60.1429 15.9333  294   0.50  -1.80  35.00  -423.0 -2671.0
 60.1430 15.9333  295   0.50  -1.80  35.00  -431.0 -2673.0
 60.1430 15.9333  296   0.50  -1.80  35.00  -424.0 -2677.0
 60.1430 15.9333  297   0.50  -1.80  35.00  -427.0 -2675.0
 60.1430 15.9333  298   0.50  -1.80  35.00  -428.0 -2670.0
 60.1430 15.9333  299   0.50  -1.80  35.00  -429.0 -2683.0
 60.1430 15.9333  300   0.50  -1.80  35.00  -433.0 -2675.0
 60.1430 15.9333  301   0.50  -1.80  35.00  -424.0 -2677.0
 60.1430 15.9333  302   0.50  -1.80  35.00  -427.0 -2675.0
 60.1429 15.9333  303   0.50  -1.80  35.00  -422.0 -2679.0
 60.1429 15.9333  304   0.50  -1.80  35.00  -428.0 -2680.0
 60.1430 15.9333  305   0.50  -1.80  35.00  -427.0 -2679.0
 60.1430 15.9333  306   0.50  -1.80  35.00  -427.0 -2675.0
 60.1430 15.9333  307   0.50  -1.80  35.00  -427.0 -2683.0
 60.1430 15.9333  308   0.50  -1.80  35.00  -439.0 -2679.0
 60.1430 15.9333  309   0.50  -1.80  35.00  -435.0 -2675.0
 60.1430 15.9333  310   0.50  -1.80  35.00  -433.0 -2678.0
 60.1430 15.9333  311   0.50  -1.80  35.00  -432.0 -2679.0
 60.1429 15.9333  312   0.50  -1.80  35.00  -431.0 -2673.0
 60.1429 15.9333  313   0.50  -1.80  35.00  -431.0 -2673.0
 60.1429 15.9333  314   0.50  -1.80  35.00  -433.0 -2675.0
 60.1429 15.9333  315   0.50  -1.80  35.00  -427.0 -2679.0
 60.1429 15.9333  316   0.50  -1.80  35.00  -427.0 -2675.0
 60.1430 15.9333  317   0.50  -1.80  35.00  -429.0 -2677.0
 60.1430 15.9333  318   0.50  -1.80  35.00  -425.0 -2667.0
 60.1430 15.9333  319   0.50  -1.80  35.00  -424.0 -2683.0
 60.1430 15.9333  320   0.50  -1.80  35.00  -428.0 -2667.0
 60.1430 15.9333  321   0.50  -1.80  35.00  -431.0 -2679.0
 60.1430 15.9333  322   0.50  -1.80  35.00  -431.0 -2671.0
 60.1430 15.9333  323   0.50  -1.80  35.00  -427.0 -2675.0
 60.1430 15.9334  324   0.50  -1.80  35.00  -422.0 -2675.0
 60.1429 15.9333  325   0.50  -1.80  35.00  -427.0 -2679.0
 60.1429 15.9333  326   0.50  -1.80  35.00  -423.0 -2679.0
 60.1430 15.9334  327   0.50  -1.80  35.00  -428.0 -2683.0
 60.1430 15.9334  328   0.50  -1.80  35.00  -431.0 -2679.0
 60.1430 15.9334  329   0.50  -1.80  35.00  -423.0 -2675.0
 60.1430 15.9334  330   0.50  -1.80  35.00  -427.0 -2896.0
 60.1430 15.9334  331   0.50  -1.80  35.00  -424.0 -2900.0
 60.1429 15.9334  332   0.50  -1.80  35.00  -423.0 -2899.0
 60.1430 15.9333  333   0.50  -1.80  35.00  -411.0 -2897.0
 60.1430 15.9333  334   0.50  -1.80  35.00  -419.0 -2899.0
 60.1429 15.9334  335   0.50  -1.80  35.00  -425.0 -2899.0
 60.1429 15.9334  336   0.50  -1.80  35.00  -427.0 -2903.0
 60.1430 15.9334  337   0.50  -1.80  35.00  -427.0 -2903.0
 60.1430 15.9334  338   0.50  -1.80  35.00  -422.0 -2899.0
 60.1430 15.9334  339   0.50  -1.80  35.00  -427.0 -2899.0
 60.1429 15.9333  340   0.50  -1.80  35.00  -423.0 -2895.0
 60.1429 15.9333  341   0.50  -1.80  35.00  -421.0 -2895.0
 60.1430 15.9333  342   0.50  -1.80  35.00  -427.0 -2903.0
 60.1430 15.9333  343   0.50  -1.80  35.00  -419.0 -2899.0
 60.1429 15.9333  344   0.50  -1.80  35.00  -419.0 -2900.0
 60.1429 15.9333  345   0.50  -1.80  35.00  -435.0 -2892.0
 60.1430 15.9334  346   0.50  -1.80  35.00  -427.0 -2895.0
 60.1430 15.9333  347   0.50  -1.80  35.00  -424.0 -2897.0
 60.1430 15.9333  348   0.50  -1.80  35.00  -419.0 -2899.0
 60.1430 15.9333  349   0.50  -1.80  35.00  -427.0 -2903.0
 60.1430 15.9333  350   0.50  -1.80  35.00  -427.0 -2895.0
 60.1430 15.9333  351   0.50  -1.80  35.00  -427.0 -2900.0
 60.1430 15.9333  352   0.50  -1.80  35.00  -424.0 -2899.0
 60.1430 15.9334  353   0.50  -1.80  35.00  -428.0 -2895.0
 60.1430 15.9334  354   0.50  -1.80  35.00  -423.0 -2892.0
 60.1429 15.9333  355   0.50  -1.80  35.00  -419.0 -2901.0
 60.1429 15.9333  356   0.50  -1.80  35.00  -424.0 -2899.0
 60.1430 15.9333  357   0.50  -1.80  35.00  -419.0 -2891.0
 60.1430 15.9333  358   0.50  -1.80  35.00  -423.0 -2899.0
 60.1429 15.9333  359   0.50  -1.80  35.00  -417.0 -2903.0
 60.1429 15.9333  360   0.50  -1.80  35.00  -428.0 -2904.0
 60.1429 15.9333  361   0.50  -1.80  35.00  -427.0 -2891.0
 60.1430 15.9333  362   0.50  -1.80  35.00  -423.0 -2891.0
 60.1430 15.9333  363   0.50  -1.80  35.00  -423.0 -2903.0
 60.1430 15.9334  364   0.50  -1.80  35.00  -427.0 -2899.0
 60.1430 15.9334  365   0.50  -1.80  35.00  -415.0 -2899.0
 60.1429 15.9333  366   0.50  -1.80  35.00  -425.0 -2895.0
 60.1429 15.9333  367   0.50  -1.80  35.00  -424.0 -2896.0
 60.1430 15.9334  368   0.50  -1.80  35.00  -421.0 -2891.0
 60.1430 15.9334  369   0.50  -1.80  35.00  -427.0 -2897.0
 60.1430 15.9334  370   0.50  -1.80  35.00  -421.0 -3211.0
 60.1430 15.9334  371   0.50  -1.80  35.00  -421.0 -3205.0
 60.1430 15.9333  372   0.50  -1.80  35.00  -419.0 -3206.0
 60.1429 15.9334  373   0.50  -1.80  35.00  -423.0 -3211.0
 60.1429 15.9334  374   0.50  -1.80  35.00  -423.0 -3211.0
 60.1430 15.9333  375   0.50  -1.80  35.00  -420.0 -3207.0
 60.1430 15.9333  376   0.50  -1.80  35.00  -420.0 -3208.0
 60.1430 15.9333  377   0.50  -1.80  35.00  -415.0 -3205.0
 60.1430 15.9333  378   0.50  -1.80  35.00  -419.0 -3207.0
 60.1430 15.9333  379   0.50  -1.80  35.00  -419.0 -3205.0
 60.1430 15.9334  380   0.50  -1.80  35.00  -419.0 -3205.0
 60.1430 15.9334  381   0.50  -1.80  35.00  -415.0 -3208.0
 60.1430 15.9334  382   0.50  -1.80  35.00  -419.0 -3208.0
 60.1429 15.9333  383   0.50  -1.80  35.00  -415.0 -3207.0
 60.1430 15.9333  384   0.50  -1.80  35.00  -424.0 -3207.0
 60.1430 15.9333  385   0.50  -1.80  35.00  -423.0 -3211.0
 60.1429 15.9333  386   0.50  -1.80  35.00  -413.0 -3205.0
 60.1429 15.9333  387   0.50  -1.80  35.00  -421.0 -3211.0
 60.1430 15.9333  388   0.50  -1.80  35.00  -423.0 -3208.0
 60.1430 15.9333  389   0.50  -1.80  35.00  -427.0 -3211.0
 60.1430 15.9334  390   0.50  -1.80  35.00  -423.0 -3203.0
 60.1430 15.9334  391   0.50  -1.80  35.00  -418.0 -3208.0
 60.1429 15.9333  392   0.50  -1.80  35.00  -419.0 -3212.0
 60.1430 15.9333  393   0.50  -1.80  35.00  -423.0 -3206.0
 60.1430 15.9333  394   0.50  -1.80  35.00  -420.0 -3199.0
 60.1429 15.9333  395   0.50  -1.80  35.00  -432.0 -3207.0
 60.1429 15.9333  396   0.50  -1.80  35.00  -419.0 -3213.0
 60.1429 15.9333  397   0.50  -1.80  35.00  -427.0 -3207.0
 60.1430 15.9334  398   0.50  -1.80  35.00  -423.0 -3207.0
 60.1430 15.9334  399   0.50  -1.80  35.00  -424.0 -3211.0
 60.1430 15.9333  400   0.50  -1.80  35.00  -424.0 -3207.0
 60.1430 15.9333  401   0.50  -1.80  35.00  -423.0 -3209.0
 60.1429 15.9333  402   0.50  -1.80  35.00  -423.0 -3207.0
 60.1429 15.9333  403   0.50  -1.80  35.00  -422.0 -3215.0
 60.1430 15.9334  404   0.50  -1.80  35.00  -423.0 -3207.0
 60.1430 15.9334  405   0.50  -1.80  35.00  -427.0 -3207.0
 60.1429 15.9333  406   0.50  -1.80  35.00  -416.0 -3207.0
 60.1429 15.9333  407   0.50  -1.80  35.00  -417.0 -3211.0
 60.1430 15.9334  408   0.50  -1.80  35.00  -427.0 -3199.0
 60.1430 15.9334  409   0.50  -1.80  35.00  -433.0 -3431.0
 60.1429 15.9333  410   0.50  -1.80  35.00  -427.0 -3433.0
 60.1429 15.9333  411   0.50  -1.80  35.00  -433.0 -3433.0
 60.1430 15.9333  412   0.50  -1.80  35.00  -435.0 -3427.0
 60.1430 15.9333  413   0.50  -1.80  35.00  -432.0 -3435.0
 60.1430 15.9333  414   0.50  -1.80  35.00  -435.0 -3431.0
 60.1430 15.9333  415   0.50  -1.80  35.00  -435.0 -3431.0
 60.1429 15.9333  416   0.50  -1.80  35.00  -427.0 -3423.0
 60.1429 15.9333  417   0.50  -1.80  35.00  -431.0 -3432.0
 60.1430 15.9333  418   0.50  -1.80  35.00  -431.0 -3427.0
 60.1430 15.9333  419   0.50  -1.80  35.00  -432.0 -3422.0
 60.1429 15.9333  420   0.50  -1.80  35.00  -435.0 -3427.0
 60.1430 15.9334  421   0.50  -1.80  35.00  -427.0 -3429.0
 60.1430 15.9334  422   0.50  -1.80  35.00  -436.0 -3435.0
 60.1430 15.9333  423   0.50  -1.80  35.00  -431.0 -3431.0
 60.1430 15.9333  424   0.50  -1.80  35.00  -429.0 -3435.0
 60.1430 15.9333  425   0.50  -1.80  35.00  -431.0 -3427.0
 60.1430 15.9333  426   0.50  -1.80  35.00  -431.0 -3435.0
 60.1430 15.9333  427   0.50  -1.80  35.00  -427.0 -3427.0
 60.1430 15.9333  428   0.50  -1.80  35.00  -436.0 -3439.0
 60.1430 15.9333  429   0.50  -1.80  35.00  -435.0 -3427.0
 60.1430 15.9333  430   0.50  -1.80  35.00  -428.0 -3431.0
 60.1430 15.9333  431   0.50  -1.80  35.00  -431.0 -3425.0
 60.1430 15.9333  432   0.50  -1.80  35.00  -433.0 -3431.0
 60.1429 15.9333  433   0.50  -1.80  35.00  -433.0 -3431.0
 60.1429 15.9333  434   0.50  -1.80  35.00  -450.0 -4899.0
 60.1430 15.9334  435   0.50  -1.80  35.00  -451.0 -4909.0
 60.1430 15.9334  436   0.50  -1.80  35.00  -451.0 -4900.0
 60.1430 15.9334  437   0.50  -1.80  35.00  -451.0 -4909.0
 60.1429 15.9334  438   0.50  -1.80  35.00  -449.0 -4907.0
 60.1429 15.9334  439   0.50  -1.80  35.00  -451.0 -4899.0
 60.1429 15.9334  440   0.50  -1.80  35.00  -451.0 -4897.0
 60.1429 15.9333  441   0.50  -1.80  35.00  -455.0 -4907.0
 60.1430 15.9333  442   0.50  -1.80  35.00  -451.0 -4906.0
 60.1430 15.9333  443   0.50  -1.80  35.00  -447.0 -4899.0
 60.1430 15.9334  444   0.50  -1.80  35.00  -447.0 -4895.0
 60.1430 15.9334  445   0.50  -1.80  35.00  -451.0 -4903.0
 60.1430 15.9334  446   0.50  -1.80  35.00  -451.0 -4897.0
 60.1430 15.9334  447   0.50  -1.80  35.00  -463.0 -4900.0
 60.1430 15.9333  448   0.50  -1.80  35.00  -455.0 -4903.0
 60.1430 15.9333  449   0.50  -1.80  35.00  -451.0 -4909.0
 60.1429 15.9333  450   0.50  -1.80  35.00  -453.0 -4907.0
 60.1429 15.9333  451   0.50  -1.80  35.00  -447.0 -4907.0
 60.1429 15.9333  452   0.50  -1.80  35.00  -455.0 -4903.0
 60.1430 15.9333  453   0.50  -1.80  35.00  -451.0 -4903.0
 60.1430 15.9333  454   0.50  -1.80  35.00  -455.0 -4899.0
 60.1430 15.9334  455   0.50  -1.80  35.00  -453.0 -4901.0
 60.1430 15.9334  456   0.50  -1.80  35.00  -460.0 -4901.0
 60.1430 15.9334  457   0.50  -1.80  35.00  -455.0 -4903.0
 60.1430 15.9333  458   0.50  -1.80  35.00  -451.0 -4909.0
 60.1430 15.9333  459   0.50  -1.80  35.00  -453.0 -4903.0
 60.1430 15.9333  460   0.50  -1.80  35.00  -447.0 -4896.0
 60.1429 15.9333  461   0.50  -1.80  35.00  -453.0 -4895.0
 60.1429 15.9333  462   0.50  -1.80  35.00  -448.0 -4907.0
 60.1430 15.9333  463   0.50  -1.80  35.00  -447.0 -4900.0
 60.1430 15.9333  464   0.50  -1.80  35.00  -455.0 -4905.0
 60.1430 15.9333  465   0.50  -1.80  35.00  -443.0 -4903.0
 60.1430 15.9333  466   0.50  -1.80  35.00  -447.0 -4904.0
 60.1430 15.9333  467   0.50  -1.80  35.00  -452.0 -5431.0
 60.1430 15.9333  468   0.50  -1.80  35.00  -439.0 -5439.0
 60.1430 15.9333  469   0.50  -1.80  35.00  -443.0 -5435.0
 60.1430 15.9333  470   0.50  -1.80  35.00  -447.0 -5435.0
 60.1430 15.9333  471   0.50  -1.80  35.00  -439.0 -5435.0
 60.1430 15.9333  472   0.50  -1.80  35.00  -449.0 -5439.0
 60.1430 15.9333  473   0.50  -1.80  35.00  -440.0 -5435.0
 60.1430 15.9333  474   0.50  -1.80  35.00  -447.0 -5439.0
 60.1430 15.9333  475   0.50  -1.80  35.00  -447.0 -5435.0
 60.1430 15.9333  476   0.50  -1.80  35.00  -451.0 -5437.0
 60.1430 15.9333  477   0.50  -1.80  35.00  -444.0 -5431.0
 60.1430 15.9333  478   0.50  -1.80  35.00  -443.0 -5435.0
 60.1430 15.9333  479   0.50  -1.80  35.00  -449.0 -5436.0
 60.1430 15.9333  480   0.50  -1.80  35.00  -437.0 -5432.0
 60.1430 15.9333  481   0.50  -1.80  35.00  -439.0 -5437.0
 60.1430 15.9333  482   0.50  -1.80  35.00  -441.0 -5435.0
 60.1430 15.9333  483   0.50  -1.80  35.00  -443.0 -5438.0
 60.1429 15.9333  484   0.50  -1.80  35.00  -443.0 -5433.0
 60.1429 15.9333  485   0.50  -1.80  35.00  -444.0 -5431.0
 60.1430 15.9334  486   0.50  -1.80  35.00  -443.0 -5439.0
 60.1430 15.9334  487   0.50  -1.80  35.00  -451.0 -5445.0
 60.1430 15.9333  488   0.50  -1.80  35.00  -443.0 -5442.0
 60.1430 15.9333  489   0.50  -1.80  35.00  -447.0 -5433.0
 60.1430 15.9333  490   0.50  -1.80  35.00  -447.0 -5440.0
 60.1430 15.9334  491   0.50  -1.80  35.00  -443.0 -5436.0
 60.1430 15.9334  492   0.50  -1.80  35.00  -443.0 -5439.0
 60.1430 15.9333  493   0.50  -1.80  35.00  -448.0 -5436.0
 60.1430 15.9333  494   0.50  -1.80  35.00  -448.0 -5440.0
 60.1430 15.9334  495   0.50  -1.80  35.00  -443.0 -5439.0
 60.1430 15.9334  496   0.50  -1.80  35.00  -448.0 -5435.0
 60.1430 15.9333  497   0.50  -1.80  35.00  -447.0 -5431.0
 60.1430 15.9333  498   0.50  -1.80  35.00  -451.0 -5435.0
 60.1430 15.9334  499   0.50  -1.80  35.00  -447.0 -5435.0
 60.1430 15.9334  500   0.50  -1.80  35.00  -443.0 -5435.0
 60.1430 15.9334  501   0.50  -1.80  35.00  -443.0 -5427.0
 60.1430 15.9334  502   0.50  -1.80  35.00  -444.0 -5435.0
 60.1430 15.9333  503   0.50  -1.80  35.00  -445.0 -5439.0
 60.1430 15.9333  504   0.50  -1.80  35.00  -423.0 -5115.0
 60.1429 15.9333  505   0.50  -1.80  35.00  -427.0 -5113.0
 60.1429 15.9333  506   0.50  -1.80  35.00  -423.0 -5107.0
 60.1429 15.9333  507   0.50  -1.80  35.00  -423.0 -5112.0
 60.1430 15.9333  508   0.50  -1.80  35.00  -427.0 -5115.0
 60.1430 15.9333  509   0.50  -1.80  35.00  -427.0 -5111.0
 60.1430 15.9333  510   0.50  -1.80  35.00  -422.0 -5115.0
 60.1430 15.9333  511   0.50  -1.80  35.00  -427.0 -5111.0
 60.1430 15.9333  512   0.50  -1.80  35.00  -416.0 -5105.0
 60.1430 15.9333  513   0.50  -1.80  35.00  -415.0 -5107.0
 60.1430 15.9334  514   0.50  -1.80  35.00  -419.0 -5116.0
 60.1430 15.9334  515   0.50  -1.80  35.00  -431.0 -5111.0
 60.1429 15.9333  516   0.50  -1.80  35.00  -423.0 -5113.0
 60.1429 15.9333  517   0.50  -1.80  35.00  -421.0 -5111.0
 60.1430 15.9334  518   0.50  -1.80  35.00  -423.0 -5115.0
 60.1430 15.9334  519   0.50  -1.80  35.00  -420.0 -5109.0
 60.1430 15.9334  520   0.50  -1.80  35.00  -423.0 -5110.0
 60.1430 15.9334  521   0.50  -1.80  35.00  -419.0 -5111.0
 60.1430 15.9333  522   0.50  -1.80  35.00  -422.0 -5115.0
 60.1430 15.9333  523   0.50  -1.80  35.00  -423.0 -5113.0
 60.1430 15.9334  524   0.50  -1.80  35.00  -415.0 -5115.0
 60.1430 15.9334  525   0.50  -1.80  35.00  -427.0 -5112.0
 60.1429 15.9333  526   0.50  -1.80  35.00  -428.0 -5115.0
 60.1429 15.9333  527   0.50  -1.80  35.00  -419.0 -5111.0
 60.1429 15.9334  528   0.50  -1.80  35.00  -423.0 -5111.0
 60.1429 15.9334  529   0.50  -1.80  35.00  -419.0 -5108.0
 60.1429 15.9333  530   0.50  -1.80  35.00  -419.0 -5105.0
 60.1429 15.9334  531   0.50  -1.80  35.00  -419.0 -5111.0
 60.1430 15.9334  532   0.50  -1.80  35.00  -421.0 -5107.0
 60.1430 15.9333  533   0.50  -1.80  35.00  -425.0 -5111.0
 60.1430 15.9333  534   0.50  -1.80  35.00  -423.0 -5115.0
 60.1430 15.9333  535   0.50  -1.80  35.00  -423.0 -5013.0
 60.1430 15.9333  536   0.50  -1.80  35.00  -419.0 -5019.0
 60.1430 15.9334  537   0.50  -1.80  35.00  -416.0 -5023.0
 60.1430 15.9334  538   0.50  -1.80  35.00  -419.0 -5020.0
 60.1429 15.9333  539   0.50  -1.80  35.00  -419.0 -5017.0
 60.1429 15.9333  540   0.50  -1.80  35.00  -419.0 -5023.0
 60.1430 15.9334  541   0.50  -1.80  35.00  -416.0 -5013.0
 60.1430 15.9333  542   0.50  -1.80  35.00  -419.0 -5015.0
 60.1430 15.9334  543   0.50  -1.80  35.00  -411.0 -5019.0
 60.1430 15.9334  544   0.50  -1.80  35.00  -423.0 -5014.0
 60.1429 15.9333  545   0.50  -1.80  35.00  -421.0 -5016.0
 60.1429 15.9333  546   0.50  -1.80  35.00  -419.0 -5011.0
 60.1430 15.9333  547   0.50  -1.80  35.00  -419.0 -5015.0
 60.1430 15.9333  548   0.50  -1.80  35.00  -411.0 -5015.0
 60.1430 15.9333  549   0.50  -1.80  35.00  -420.0 -5015.0
 60.1430 15.9334  550   0.50  -1.80  35.00  -419.0 -5023.0
 60.1429 15.9334  551   0.50  -1.80  35.00  -421.0 -5015.0
 60.1429 15.9334  552   0.50  -1.80  35.00  -416.0 -5023.0
 60.1430 15.9333  553   0.50  -1.80  35.00  -415.0 -5019.0
 60.1429 15.9334  554   0.50  -1.80  35.00  -423.0 -5019.0
 60.1429 15.9334  555   0.50  -1.80  35.00  -423.0 -5025.0
 60.1429 15.9334  556   0.50  -1.80  35.00  -417.0 -5015.0
 60.1430 15.9333  557   0.50  -1.80  35.00  -407.0 -5015.0
 60.1430 15.9333  558   0.50  -1.80  35.00  -411.0 -5019.0
 60.1430 15.9334  559   0.50  -1.80  35.00  -423.0 -5013.0
 60.1430 15.9334  560   0.50  -1.80  35.00  -415.0 -5019.0
 60.1430 15.9334  561   0.50  -1.80  35.00  -419.0 -5024.0
 60.1430 15.9334  562   0.50  -1.80  35.00  -419.0 -5019.0
 60.1430 15.9334  563   0.50  -1.80  35.00  -423.0 -5015.0
 60.1430 15.9334  564   0.50  -1.80  35.00  -427.0 -5015.0
 60.1430 15.9334  565   0.50  -1.80  35.00  -415.0 -5011.0
 60.1430 15.9334  566   0.50  -1.80  35.00  -419.0 -5017.0
 60.1430 15.9334  567   0.50  -1.80  35.00  -420.0 -5017.0
 60.1429 15.9333  568   0.50  -1.80  35.00  -427.0 -4919.0
 60.1429 15.9333  569   0.50  -1.80  35.00  -418.0 -4915.0
 60.1430 15.9334  570   0.50  -1.80  35.00  -423.0 -4924.0
 60.1430 15.9334  571   0.50  -1.80  35.00  -415.0 -4919.0
 60.1430 15.9334  572   0.50  -1.80  35.00  -416.0 -4915.0
 60.1430 15.9334  573   0.50  -1.80  35.00  -417.0 -4924.0
 60.1429 15.9333  574   0.50  -1.80  35.00  -421.0 -4919.0
 60.1429 15.9333  575   0.50  -1.80  35.00  -424.0 -4915.0
 60.1430 15.9334  576   0.50  -1.80  35.00  -421.0 -4923.0
 60.1430 15.9334  577   0.50  -1.80  35.00  -419.0 -4923.0
 60.1430 15.9334  578   0.50  -1.80  35.00  -424.0 -4917.0
 60.1430 15.9334  579   0.50  -1.80  35.00  -423.0 -4923.0
 60.1430 15.9334  580   0.50  -1.80  35.00  -423.0 -4925.0
 60.1430 15.9334  581   0.50  -1.80  35.00  -420.0 -4917.0
 60.1430 15.9334  582   0.50  -1.80  35.00  -424.0 -4915.0
 60.1430 15.9334  583   0.50  -1.80  35.00  -423.0 -4925.0
 60.1430 15.9334  584   0.50  -1.80  35.00  -421.0 -4928.0
 60.1430 15.9334  585   0.50  -1.80  35.00  -423.0 -4916.0
 60.1430 15.9334  586   0.50  -1.80  35.00  -419.0 -4913.0
 60.1429 15.9334  587   0.50  -1.80  35.00  -419.0 -4916.0
 60.1429 15.9334  588   0.50  -1.80  35.00  -416.0 -4922.0
 60.1430 15.9334  589   0.50  -1.80  35.00  -416.0 -4919.0
 60.1430 15.9334  590   0.50  -1.80  35.00  -423.0 -4919.0
 60.1430 15.9333  591   0.50  -1.80  35.00  -423.0 -4913.0
 60.1430 15.9333  592   0.50  -1.80  35.00  -428.0 -4922.0
 60.1430 15.9334  593   0.50  -1.80  35.00  -420.0 -4916.0
 60.1430 15.9334  594   0.50  -1.80  35.00  -423.0 -4907.0
 60.1430 15.9333  595   0.50  -1.80  35.00  -423.0 -4915.0
 60.1430 15.9333  596   0.50  -1.80  35.00  -421.0 -4916.0
 60.1430 15.9334  597   0.50  -1.80  35.00  -425.0 -4913.0
 60.1430 15.9334  598   0.50  -1.80  35.00  -407.0 -4923.0
 60.1430 15.9334  599   0.50  -1.80  35.00  -437.0 -5027.0
 60.1430 15.9334  600   0.50  -1.80  35.00  -427.0 -5038.0
 60.1430 15.9334  601   0.50  -1.80  35.00  -423.0 -5039.0
 60.1430 15.9334  602   0.50  -1.80  35.00  -435.0 -5033.0
 60.1430 15.9333  603   0.50  -1.80  35.00  -427.0 -5031.0
 60.1430 15.9334  604   0.50  -1.80  35.00  -431.0 -5035.0
 60.1430 15.9334  605   0.50  -1.80  35.00  -439.0 -5043.0
 60.1430 15.9334  606   0.50  -1.80  35.00  -435.0 -5033.0
 60.1430 15.9333  607   0.50  -1.80  35.00  -425.0 -5031.0
 60.1430 15.9333  608   0.50  -1.80  35.00  -433.0 -5035.0
 60.1429 15.9333  609   0.50  -1.80  35.00  -435.0 -5027.0
 60.1429 15.9333  610   0.50  -1.80  35.00  -431.0 -5035.0
 60.1429 15.9333  611   0.50  -1.80  35.00  -433.0 -5031.0
 60.1429 15.9333  612   0.50  -1.80  35.00  -427.0 -5035.0
 60.1430 15.9333  613   0.50  -1.80  35.00  -435.0 -5037.0
 60.1430 15.9333  614   0.50  -1.80  35.00  -439.0 -5029.0
 60.1429 15.9333  615   0.50  -1.80  35.00  -433.0 -5026.0
 60.1429 15.9333  616   0.50  -1.80  35.00  -427.0 -5039.0
 60.1430 15.9333  617   0.50  -1.80  35.00  -431.0 -5124.0
 60.1430 15.9333  618   0.50  -1.80  35.00  -423.0 -5127.0
 60.1430 15.9333  619   0.50  -1.80  35.00  -424.0 -5111.0
 60.1430 15.9333  620   0.50  -1.80  35.00  -427.0 -5125.0
 60.1430 15.9333  621   0.50  -1.80  35.00  -427.0 -5127.0
 60.1430 15.9333  622   0.50  -1.80  35.00  -419.0 -5125.0
 60.1429 15.9333  623   0.50  -1.80  35.00  -431.0 -5121.0
 60.1429 15.9333  624   0.50  -1.80  35.00  -427.0 -5113.0
 60.1430 15.9334  625   0.50  -1.80  35.00  -425.0 -5123.0
 60.1430 15.9334  626   0.50  -1.80  35.00  -421.0 -5125.0
 60.1429 15.9334  627   0.50  -1.80  35.00  -421.0 -5119.0
 60.1429 15.9334  628   0.50  -1.80  35.00  -416.0 -5127.0
 60.1430 15.9334  629   0.50  -1.80  35.00  -415.0 -5119.0
 60.1430 15.9333  630   0.50  -1.80  35.00  -421.0 -5123.0
 60.1430 15.9333  631   0.50  -1.80  35.00  -431.0 -5125.0
 60.1430 15.9333  632   0.50  -1.80  35.00  -429.0 -5123.0
 60.1430 15.9333  633   0.50  -1.80  35.00  -419.0 -5117.0
 60.1430 15.9333  634   0.50  -1.80  35.00  -421.0 -5125.0
 60.1430 15.9333  635   0.50  -1.80  35.00  -425.0 -5119.0
 60.1430 15.9333  636   0.50  -1.80  35.00  -419.0 -5123.0
 60.1430 15.9334  637   0.50  -1.80  35.00  -419.0 -5123.0
 60.1430 15.9334  638   0.50  -1.80  35.00  -428.0 -5119.0
 60.1430 15.9333  639   0.50  -1.80  35.00  -423.0 -5131.0
 60.1430 15.9333  640   0.50  -1.80  35.00  -423.0 -5123.0
 60.1430 15.9333  641   0.50  -1.80  35.00  -424.0 -5118.0
 60.1430 15.9333  642   0.50  -1.80  35.00  -427.0 -5127.0
 60.1430 15.9333  643   0.50  -1.80  35.00  -424.0 -5117.0
 60.1430 15.9334  644   0.50  -1.80  35.00  -431.0 -5125.0
 60.1430 15.9334  645   0.50  -1.80  35.00  -431.0 -5121.0
 60.1430 15.9333  646   0.50  -1.80  35.00  -427.0 -5121.0
 60.1430 15.9333  647   0.50  -1.80  35.00  -431.0 -5127.0
 60.1430 15.9333  648   0.50  -1.80  35.00  -427.0 -5123.0
 60.1430 15.9333  649   0.50  -1.80  35.00  -420.0 -5119.0
 60.1430 15.9334  650   0.50  -1.80  35.00  -423.0 -5123.0
 60.1430 15.9334  651   0.50  -1.80  35.00  -424.0 -5123.0
 60.1430 15.9334  652   0.50  -1.80  35.00  -423.0 -5127.0
 60.1430 15.9334  653   0.50  -1.80  35.00  -427.0 -5119.0
 60.1430 15.9333  654   0.50  -1.80  35.00  -425.0 -5129.0
 60.1430 15.9333  655   0.50  -1.80  35.00  -438.0 -5129.0
 60.1430 15.9334  656   0.50  -1.80  35.00  -423.0 -5125.0
 60.1430 15.9334  657   0.50  -1.80  35.00  -423.0 -5128.0
 60.1430 15.9334  658   0.50  -1.80  35.00  -427.0 -5111.0
 60.1430 15.9334  659   0.50  -1.80  35.00  -423.0 -4847.0
 60.1430 15.9334  660   0.50  -1.80  35.00  -423.0 -4851.0
 60.1429 15.9334  661   0.50  -1.80  35.00  -428.0 -4853.0
 60.1429 15.9334  662   0.50  -1.80  35.00  -420.0 -4852.0
 60.1430 15.9333  663   0.50  -1.80  35.00  -423.0 -4847.0
 60.1430 15.9333  664   0.50  -1.80  35.00  -433.0 -4843.0
 60.1430 15.9333  665   0.50  -1.80  35.00  -423.0 -4859.0
 60.1430 15.9333  666   0.50  -1.80  35.00  -427.0 -4853.0
 60.1430 15.9334  667   0.50  -1.80  35.00  -435.0 -4851.0
 60.1430 15.9334  668   0.50  -1.80  35.00  -423.0 -4849.0
 60.1430 15.9333  669   0.50  -1.80  35.00  -427.0 -4851.0
 60.1430 15.9334  670   0.50  -1.80  35.00  -423.0 -4853.0
 60.1430 15.9334  671   0.50  -1.80  35.00  -428.0 -4855.0
 60.1430 15.9334  672   0.50  -1.80  35.00  -419.0 -4856.0
 60.1430 15.9334  673   0.50  -1.80  35.00  -427.0 -4853.0
 60.1430 15.9333  674   0.50  -1.80  35.00  -417.0 -4855.0
 60.1429 15.9333  675   0.50  -1.80  35.00  -427.0 -4860.0
 60.1430 15.9334  676   0.50  -1.80  35.00  -421.0 -4856.0
 60.1430 15.9334  677   0.50  -1.80  35.00  -435.0 -4855.0
 60.1430 15.9334  678   0.50  -1.80  35.00  -425.0 -4849.0
 60.1430 15.9334  679   0.50  -1.80  35.00  -420.0 -4851.0
 60.1430 15.9333  680   0.50  -1.80  35.00  -423.0 -4855.0
 60.1430 15.9333  681   0.50  -1.80  35.00  -427.0 -4858.0
 60.1430 15.9334  682   0.50  -1.80  35.00  -431.0 -4855.0
 60.1430 15.9334  683   0.50  -1.80  35.00  -431.0 -4859.0
 60.1430 15.9333  684   0.50  -1.80  35.00  -427.0 -4847.0
 60.1430 15.9333  685   0.50  -1.80  35.00  -427.0 -4843.0
 60.1430 15.9334  686   0.50  -1.80  35.00  -427.0 -4847.0
 60.1430 15.9334  687   0.50  -1.80  35.00  -421.0 -4855.0
 60.1430 15.9334  688   0.50  -1.80  35.00  -420.0 -4855.0
 60.1430 15.9334  689   0.50  -1.80  35.00  -431.0 -4855.0
 60.1430 15.9334  690   0.50  -1.80  35.00  -429.0 -4859.0
 60.1430 15.9334  691   0.50  -1.80  35.00  -427.0 -4853.0
 60.1430 15.9334  692   0.50  -1.80  35.00  -425.0 -4852.0
 60.1430 15.9334  693   0.50  -1.80  35.00  -425.0 -4855.0
 60.1430 15.9333  694   0.50  -1.80  35.00  -425.0 -4859.0
 60.1430 15.9334  695   0.50  -1.80  35.00  -427.0 -4853.0
 60.1430 15.9334  696   0.50  -1.80  35.00  -424.0 -4623.0
 60.1430 15.9333  697   0.50  -1.80  35.00  -431.0 -4629.0
 60.1430 15.9333  698   0.50  -1.80  35.00  -425.0 -4628.0
 60.1430 15.9334  699   0.50  -1.80  35.00  -435.0 -4625.0
 60.1430 15.9334  700   0.50  -1.80  35.00  -425.0 -4623.0
 60.1430 15.9334  701   0.50  -1.80  35.00  -421.0 -4624.0
 60.1430 15.9334  702   0.50  -1.80  35.00  -429.0 -4623.0
 60.1429 15.9333  703   0.50  -1.80  35.00  -425.0 -4627.0
 60.1429 15.9333  704   0.50  -1.80  35.00  -423.0 -4616.0
 60.1429 15.9334  705   0.50  -1.80  35.00  -415.0 -4624.0
 60.1430 15.9333  706   0.50  -1.80  35.00  -423.0 -4631.0
 60.1430 15.9333  707   0.50  -1.80  35.00  -427.0 -4619.0
 60.1430 15.9334  708   0.50  -1.80  35.00  -431.0 -4620.0
 60.1430 15.9334  709   0.50  -1.80  35.00  -423.0 -4620.0
 60.1430 15.9334  710   0.50  -1.80  35.00  -423.0 -4623.0
 60.1430 15.9334  711   0.50  -1.80  35.00  -427.0 -4615.0
 60.1430 15.9334  712   0.50  -1.80  35.00  -435.0 -3713.0
 60.1430 15.9334  713   0.50  -1.80  35.00  -428.0 -3716.0
 60.1430 15.9333  714   0.50  -1.80  35.00  -431.0 -3711.0
 60.1430 15.9333  715   0.50  -1.80  35.00  -419.0 -3705.0
 60.1430 15.9333  716   0.50  -1.80  35.00  -416.0 -3596.0
 60.1430 15.9333  717   0.50  -1.80  35.00  -415.0 -3596.0
 60.1430 15.9333  718   0.50  -1.80  35.00  -423.0 -3601.0
 60.1430 15.9333  719   0.50  -1.80  35.00  -413.0 -3595.0
 60.1430 15.9333  720   0.50  -1.80  35.00  -415.0 -3603.0
 60.1430 15.9333  721   0.50  -1.80  35.00  -420.0 -3593.0
 60.1430 15.9333  722   0.50  -1.80  35.00  -415.0 -3595.0
 60.1430 15.9333  723   0.50  -1.80  35.00  -431.0 -3599.0
 60.1430 15.9334  724   0.50  -1.80  35.00  -419.0 -3599.0
 60.1430 15.9334  725   0.50  -1.80  35.00  -419.0 -3603.0
 60.1430 15.9333  726   0.50  -1.80  35.00  -415.0 -3591.0
 60.1430 15.9333  727   0.50  -1.80  35.00  -411.0 -3590.0
 60.1430 15.9333  728   0.50  -1.80  35.00  -419.0 -3595.0
 60.1430 15.9333  729   0.50  -1.80  35.00  -409.0 -3601.0
 60.1430 15.9333  730   0.50  -1.80  35.00  -419.0 -3601.0
 60.1430 15.9333  731   0.50  -1.80  35.00  -422.0 -3595.0
 60.1430 15.9333  732   0.50  -1.80  35.00  -415.0 -3601.0
 60.1430 15.9333  733   0.50  -1.80  35.00  -419.0 -3591.0
 60.1429 15.9334  734   0.50  -1.80  35.00  -419.0 -3603.0
 60.1429 15.9334  735   0.50  -1.80  35.00  -415.0 -3595.0
 60.1430 15.9333  736   0.50  -1.80  35.00  -419.0 -3591.0
 60.1430 15.9333  737   0.50  -1.80  35.00  -419.0 -3599.0
 60.1430 15.9333  738   0.50  -1.80  35.00  -419.0 -3589.0
 60.1430 15.9333  739   0.50  -1.80  35.00  -421.0 -3609.0
 60.1430 15.9333  740   0.50  -1.80  35.00  -419.0 -3595.0
 60.1430 15.9333  741   0.50  -1.80  35.00  -415.0 -3599.0
 60.1430 15.9333  742   0.50  -1.80  35.00  -427.0 -3601.0
 60.1429 15.9333  743   0.50  -1.80  35.00  -423.0 -3593.0
 60.1429 15.9333  744   0.50  -1.80  35.00  -415.0 -3598.0
 60.1430 15.9333  745   0.50  -1.80  35.00  -415.0 -3593.0
 60.1430 15.9333  746   0.50  -1.80  35.00  -414.0 -3596.0
 60.1430 15.9333  747   0.50  -1.80  35.00  -412.0 -3595.0
 60.1430 15.9333  748   0.50  -1.80  35.00  -419.0 -3595.0
 60.1429 15.9333  749   0.50  -1.80  35.00  -411.0 -3599.0
 60.1430 15.9333  750   0.50  -1.80  35.00  -421.0 -3601.0
 60.1430 15.9333  751   0.50  -1.80  35.00  -421.0 -3599.0
 60.1429 15.9333  752   0.50  -1.80  35.00  -409.0 -3597.0
 60.1429 15.9333  753   0.50  -1.80  35.00  -421.0 -3275.0
 60.1430 15.9334  754   0.50  -1.80  35.00  -416.0 -3279.0
 60.1430 15.9334  755   0.50  -1.80  35.00  -423.0 -3282.0
 60.1430 15.9334  756   0.50  -1.80  35.00  -411.0 -3281.0
 60.1430 15.9334  757   0.50  -1.80  35.00  -423.0 -3271.0
 60.1430 15.9333  758   0.50  -1.80  35.00  -416.0 -3279.0
 60.1430 15.9333  759   0.50  -1.80  35.00  -421.0 -3283.0
 60.1430 15.9333  760   0.50  -1.80  35.00  -425.0 -3280.0
 60.1430 15.9333  761   0.50  -1.80  35.00  -427.0 -3279.0
 60.1430 15.9333  762   0.50  -1.80  35.00  -423.0 -3285.0
 60.1430 15.9334  763   0.50  -1.80  35.00  -427.0 -3284.0
 60.1430 15.9334  764   0.50  -1.80  35.00  -423.0 -3276.0
 60.1429 15.9333  765   0.50  -1.80  35.00  -415.0 -3279.0
 60.1430 15.9334  766   0.50  -1.80  35.00  -423.0 -3283.0
 60.1430 15.9334  767   0.50  -1.80  35.00  -414.0 -3274.0
 60.1430 15.9333  768   0.50  -1.80  35.00  -419.0 -3283.0
 60.1430 15.9333  769   0.50  -1.80  35.00  -414.0 -3276.0
 60.1430 15.9333  770   0.50  -1.80  35.00  -423.0 -3283.0
 60.1430 15.9333  771   0.50  -1.80  35.00  -419.0 -3277.0
 60.1430 15.9333  772   0.50  -1.80  35.00  -418.0 -3276.0
 60.1430 15.9333  773   0.50  -1.80  35.00  -425.0 -3279.0
 60.1430 15.9334  774   0.50  -1.80  35.00  -428.0 -3279.0
 60.1429 15.9333  775   0.50  -1.80  35.00  -425.0 -3284.0
 60.1429 15.9333  776   0.50  -1.80  35.00  -423.0 -3271.0
 60.1430 15.9333  777   0.50  -1.80  35.00  -414.0 -3279.0
 60.1430 15.9333  778   0.50  -1.80  35.00  -427.0 -3276.0
 60.1430 15.9333  779   0.50  -1.80  35.00  -419.0 -3280.0
 60.1429 15.9333  780   0.50  -1.80  35.00  -423.0 -3281.0
 60.1429 15.9333  781   0.50  -1.80  35.00  -424.0 -3280.0
 60.1430 15.9334  782   0.50  -1.80  35.00  -423.0 -3281.0
 60.1430 15.9334  783   0.50  -1.80  35.00  -420.0 -3273.0
 60.1430 15.9333  784   0.50  -1.80  35.00  -427.0 -3283.0
 60.1430 15.9333  785   0.50  -1.80  35.00  -423.0 -3271.0
 60.1430 15.9334  786   0.50  -1.80  35.00  -427.0 -3281.0
 60.1429 15.9333  787   0.50  -1.80  35.00  -419.0 -3283.0
 60.1429 15.9333  788   0.50  -1.80  35.00  -423.0 -3279.0
 60.1430 15.9334  789   0.50  -1.80  35.00  -411.0 -3271.0
 60.1430 15.9334  790   0.50  -1.80  35.00  -411.0 -2167.0
 60.1430 15.9333  791   0.50  -1.80  35.00  -419.0 -2168.0
 60.1430 15.9333  792   0.50  -1.80  35.00  -415.0 -2167.0
 60.1430 15.9333  793   0.50  -1.80  35.00  -423.0 -2170.0
 60.1430 15.9333  794   0.50  -1.80  35.00  -419.0 -2171.0
 60.1430 15.9333  795   0.50  -1.80  35.00  -415.0 -2167.0
 60.1430 15.9333  796   0.50  -1.80  35.00  -421.0 -2171.0
 60.1430 15.9333  797   0.50  -1.80  35.00  -419.0 -2171.0
 60.1430 15.9333  798   0.50  -1.80  35.00  -415.0 -2175.0
 60.1430 15.9333  799   0.50  -1.80  35.00  -415.0 -2173.0
 60.1430 15.9334  800   0.50  -1.80  35.00  -411.0 -2171.0
 60.1430 15.9334  801   0.50  -1.80  35.00  -419.0 -2172.0
 60.1430 15.9334  802   0.50  -1.80  35.00  -415.0 -2176.0
 60.1430 15.9334  803   0.50  -1.80  35.00  -407.0 -2173.0
 60.1430 15.9333  804   0.50  -1.80  35.00  -413.0 -2167.0
 60.1430 15.9333  805   0.50  -1.80  35.00  -411.0 -2169.0
 60.1430 15.9333  806   0.50  -1.80  35.00  -413.0 -2173.0
 60.1430 15.9333  807   0.50  -1.80  35.00  -419.0 -2173.0
 60.1430 15.9334  808   0.50  -1.80  35.00  -416.0 -2179.0
 60.1430 15.9334  809   0.50  -1.80  35.00  -419.0 -2171.0
 60.1430 15.9333  810   0.50  -1.80  35.00  -416.0 -2235.0
 60.1430 15.9334  811   0.50  -1.80  35.00  -415.0 -2235.0
 60.1430 15.9334  812   0.50  -1.80  35.00  -412.0 -2236.0
 60.1430 15.9333  813   0.50  -1.80  35.00  -411.0 -2233.0
 60.1430 15.9333  814   0.50  -1.80  35.00  -411.0 -2228.0
 60.1430 15.9333  815   0.50  -1.80  35.00  -407.0 -2232.0
 60.1430 15.9333  816   0.50  -1.80  35.00  -409.0 -2231.0
 60.1430 15.9333  817   0.50  -1.80  35.00  -401.0 -2240.0
 60.1430 15.9333  818   0.50  -1.80  35.00  -407.0 -2237.0
 60.1429 15.9333  819   0.50  -1.80  35.00  -415.0 -2235.0
 60.1430 15.9334  820   0.50  -1.80  35.00  -415.0 -2231.0
 60.1430 15.9334  821   0.50  -1.80  35.00  -412.0 -2231.0
 60.1430 15.9333  822   0.50  -1.80  35.00  -407.0 -2227.0
 60.1430 15.9333  823   0.50  -1.80  35.00  -415.0 -2235.0
 60.1430 15.9334  824   0.50  -1.80  35.00  -419.0 -2231.0
 60.1430 15.9334  825   0.50  -1.80  35.00  -409.0 -2236.0
 60.1429 15.9334  826   0.50  -1.80  35.00  -411.0 -2238.0
 60.1430 15.9334  827   0.50  -1.80  35.00  -411.0 -2236.0
 60.1430 15.9334  828   0.50  -1.80  35.00  -409.0 -2233.0
 60.1430 15.9334  829   0.50  -1.80  35.00  -411.0 -2233.0
 60.1430 15.9334  830   0.50  -1.80  35.00  -415.0 -2237.0
 60.1430 15.9334  831   0.50  -1.80  35.00  -407.0 -2243.0
 60.1430 15.9334  832   0.50  -1.80  35.00  -412.0 -2238.0
 60.1430 15.9334  833   0.50  -1.80  35.00  -407.0 -2234.0
 60.1430 15.9334  834   0.50  -1.80  35.00  -411.0 -2227.0
 60.1430 15.9333  835   0.50  -1.80  35.00  -407.0 -2239.0
 60.1429 15.9333  836   0.50  -1.80  35.00  -411.0 -2231.0
 60.1430 15.9334  837   0.50  -1.80  35.00  -415.0 -2236.0
 60.1430 15.9334  838   0.50  -1.80  35.00  -411.0 -2235.0
 60.1430 15.9333  839   0.50  -1.80  35.00  -425.0 -2231.0
 60.1430 15.9333  840   0.50  -1.80  35.00  -403.0 -2235.0
 60.1430 15.9333  841   0.50  -1.80  35.00  -404.0 -2235.0
 60.1430 15.9333  842   0.50  -1.80  35.00  -415.0 -2240.0
 60.1430 15.9334  843   0.50  -1.80  35.00  -411.0 -2231.0
 60.1430 15.9334  844   0.50  -1.80  35.00  -411.0 -2231.0
 60.1429 15.9334  845   0.50  -1.80  35.00  -415.0 -2685.0
 60.1429 15.9334  846   0.50  -1.80  35.00  -423.0 -2679.0
 60.1430 15.9333  847   0.50  -1.80  35.00  -415.0 -2681.0
 60.1430 15.9333  848   0.50  -1.80  35.00  -416.0 -2681.0
 60.1430 15.9333  849   0.50  -1.80  35.00  -411.0 -2876.0
 60.1430 15.9333  850   0.50  -1.80  35.00  -423.0 -3011.0
 60.1430 15.9333  851   0.50  -1.80  35.00  -421.0 -3015.0
 60.1430 15.9334  852   0.50  -1.80  35.00  -424.0 -3005.0
 60.1430 15.9334  853   0.50  -1.80  35.00  -414.0 -3011.0
 60.1430 15.9334  854   0.50  -1.80  35.00  -411.0 -3012.0
 60.1430 15.9333  855   0.50  -1.80  35.00  -421.0 -3007.0
 60.1430 15.9333  856   0.50  -1.80  35.00  -423.0 -3019.0
 60.1430 15.9334  857   0.50  -1.80  35.00  -416.0 -3011.0
 60.1430 15.9334  858   0.50  -1.80  35.00  -415.0 -3009.0
 60.1430 15.9334  859   0.50  -1.80  35.00  -419.0 -3009.0
 60.1430 15.9334  860   0.50  -1.80  35.00  -421.0 -3003.0
 60.1430 15.9334  861   0.50  -1.80  35.00  -419.0 -3009.0
 60.1430 15.9334  862   0.50  -1.80  35.00  -421.0 -3011.0
 60.1430 15.9334  863   0.50  -1.80  35.00  -412.0 -3011.0
 60.1430 15.9334  864   0.50  -1.80  35.00  -419.0 -3091.0
 60.1430 15.9333  865   0.50  -1.80  35.00  -412.0 -3099.0
 60.1430 15.9334  866   0.50  -1.80  35.00  -411.0 -3099.0
 60.1430 15.9334  867   0.50  -1.80  35.00  -416.0 -3099.0
 60.1430 15.9333  868   0.50  -1.80  35.00  -412.0 -3095.0
 60.1430 15.9333  869   0.50  -1.80  35.00  -415.0 -3091.0
 60.1430 15.9333  870   0.50  -1.80  35.00  -416.0 -3087.0
 60.1430 15.9333  871   0.50  -1.80  35.00  -417.0 -3095.0
 60.1430 15.9334  872   0.50  -1.80  35.00  -419.0 -3095.0
 60.1430 15.9334  873   0.50  -1.80  35.00  -419.0 -3094.0
 60.1430 15.9333  874   0.50  -1.80  35.00  -415.0 -3096.0
 60.1430 15.9333  875   0.50  -1.80  35.00  -412.0 -3099.0
 60.1430 15.9333  876   0.50  -1.80  35.00  -423.0 -3100.0
 60.1430 15.9333  877   0.50  -1.80  35.00  -415.0 -3098.0
 60.1430 15.9333  878   0.50  -1.80  35.00  -411.0 -3093.0
 60.1430 15.9333  879   0.50  -1.80  35.00  -404.0 -3099.0
 60.1430 15.9333  880   0.50  -1.80  35.00  -411.0 -3099.0
 60.1430 15.9333  881   0.50  -1.80  35.00  -419.0 -3099.0
 60.1430 15.9333  882   0.50  -1.80  35.00  -419.0 -3099.0
 60.1430 15.9333  883   0.50  -1.80  35.00  -425.0 -3100.0
 60.1430 15.9333  884   0.50  -1.80  35.00  -403.0 -3097.0
 60.1430 15.9333  885   0.50  -1.80  35.00  -415.0 -3096.0
 60.1430 15.9334  886   0.50  -1.80  35.00  -420.0 -3099.0
 60.1429 15.9333  887   0.50  -1.80  35.00  -415.0 -3101.0
 60.1429 15.9333  888   0.50  -1.80  35.00  -411.0 -3105.0
 60.1429 15.9333  889   0.50  -1.80  35.00  -422.0 -3101.0
 60.1430 15.9334  890   0.50  -1.80  35.00  -412.0 -3099.0
 60.1430 15.9334  891   0.50  -1.80  35.00  -417.0 -3103.0
 60.1430 15.9334  892   0.50  -1.80  35.00  -411.0 -3092.0
 60.1430 15.9334  893   0.50  -1.80  35.00  -415.0 -3095.0
 60.1430 15.9334  894   0.50  -1.80  35.00  -412.0 -3095.0
 60.1430 15.9334  895   0.50  -1.80  35.00  -419.0 -3099.0
 60.1430 15.9333  896   0.50  -1.80  35.00  -415.0 -3099.0
 60.1430 15.9333  897   0.50  -1.80  35.00  -411.0 -3095.0
 60.1430 15.9333  898   0.50  -1.80  35.00  -411.0 -3099.0
 60.1430 15.9333  899   0.50  -1.80  35.00  -423.0 -3097.0
 60.1429 15.9333  900   0.50  -1.80  35.00  -417.0 -3099.0
 60.1429 15.9333  901   0.50  -1.80  35.00  -415.0 -3088.0
 60.1430 15.9334  902   0.50  -1.80  35.00  -421.0 -3099.0
 60.1430 15.9334  903   0.50  -1.80  35.00  -415.0 -3095.0
 60.1430 15.9333  904   0.50  -1.80  35.00  -420.0 -3096.0
 60.1430 15.9333  905   0.50  -1.80  35.00  -424.0 -3100.0
 60.1430 15.9333  906   0.50  -1.80  35.00  -419.0 -3263.0
 60.1430 15.9333  907   0.50  -1.80  35.00  -420.0 -3267.0
 60.1430 15.9333  908   0.50  -1.80  35.00  -419.0 -3283.0
 60.1430 15.9333  909   0.50  -1.80  35.00  -415.0 -3271.0
 60.1430 15.9333  910   0.50  -1.80  35.00  -419.0 -3267.0
 60.1430 15.9333  911   0.50  -1.80  35.00  -420.0 -3271.0
 60.1430 15.9333  912   0.50  -1.80  35.00  -423.0 -3267.0
 60.1430 15.9334  913   0.50  -1.80  35.00  -412.0 -3267.0
 60.1430 15.9334  914   0.50  -1.80  35.00  -419.0 -3268.0
 60.1430 15.9334  915   0.50  -1.80  35.00  -416.0 -3272.0
 60.1430 15.9334  916   0.50  -1.80  35.00  -420.0 -3269.0
 60.1430 15.9334  917   0.50  -1.80  35.00  -419.0 -3267.0
 60.1430 15.9333  918   0.50  -1.80  35.00  -419.0 -3260.0
 60.1430 15.9333  919   0.50  -1.80  35.00  -423.0 -3271.0
 60.1430 15.9333  920   0.50  -1.80  35.00  -415.0 -3267.0
 60.1430 15.9334  921   0.50  -1.80  35.00  -415.0 -3267.0
 60.1430 15.9334  922   0.50  -1.80  35.00  -421.0 -3269.0
 60.1430 15.9334  923   0.50  -1.80  35.00  -415.0 -3267.0
 60.1430 15.9333  924   0.50  -1.80  35.00  -415.0 -3271.0
 60.1430 15.9333  925   0.50  -1.80  35.00  -415.0 -3268.0
 60.1430 15.9334  926   0.50  -1.80  35.00  -419.0 -3260.0
 60.1430 15.9334  927   0.50  -1.80  35.00  -423.0 -3267.0
 60.1430 15.9334  928   0.50  -1.80  35.00  -419.0 -3277.0
 60.1430 15.9333  929   0.50  -1.80  35.00  -417.0 -3275.0
 60.1430 15.9333  930   0.50  -1.80  35.00  -419.0 -3266.0
 60.1430 15.9333  931   0.50  -1.80  35.00  -415.0 -3267.0
 60.1430 15.9333  932   0.50  -1.80  35.00  -425.0 -3267.0
 60.1430 15.9333  933   0.50  -1.80  35.00  -420.0 -3268.0
 60.1430 15.9333  934   0.50  -1.80  35.00  -415.0 -3267.0
 60.1430 15.9333  935   0.50  -1.80  35.00  -427.0 -3267.0
 60.1430 15.9333  936   0.50  -1.80  35.00  -419.0 -3268.0
 60.1430 15.9333  937   0.50  -1.80  35.00  -415.0 -3269.0
 60.1430 15.9333  938   0.50  -1.80  35.00  -416.0 -3269.0
 60.1430 15.9334  939   0.50  -1.80  35.00  -423.0 -3271.0
 60.1430 15.9333  940   0.50  -1.80  35.00  -411.0 -3267.0
 60.1430 15.9333  941   0.50  -1.80  35.00  -407.0 -3271.0
 60.1430 15.9334  942   0.50  -1.80  35.00  -427.0 -3273.0
 60.1430 15.9334  943   0.50  -1.80  35.00  -423.0 -3267.0
 60.1430 15.9333  944   0.50  -1.80  35.00  -415.0 -3267.0
 60.1430 15.9333  945   0.50  -1.80  35.00  -415.0 -3264.0
 60.1430 15.9333  946   0.50  -1.80  35.00  -425.0 -3272.0
 60.1430 15.9333  947   0.50  -1.80  35.00  -419.0 -3267.0
 60.1430 15.9333  948   0.50  -1.80  35.00  -423.0 -3269.0
 60.1430 15.9333  949   0.50  -1.80  35.00  -423.0 -3269.0
 60.1430 15.9333  950   0.50  -1.80  35.00  -419.0 -3271.0
 60.1430 15.9333  951   0.50  -1.80  35.00  -423.0 -3281.0
 60.1430 15.9333  952   0.50  -1.80  35.00  -427.0 -3281.0
 60.1430 15.9334  953   0.50  -1.80  35.00  -421.0 -3279.0
 60.1430 15.9334  954   0.50  -1.80  35.00  -419.0 -3276.0
 60.1430 15.9334  955   0.50  -1.80  35.00  -419.0 -3275.0
 60.1430 15.9333  956   0.50  -1.80  35.00  -425.0 -3276.0
 60.1430 15.9333  957   0.50  -1.80  35.00  -420.0 -3281.0
 60.1430 15.9333  958   0.50  -1.80  35.00  -427.0 -3279.0
 60.1430 15.9333  959   0.50  -1.80  35.00  -423.0 -3283.0
 60.1430 15.9333  960   0.50  -1.80  35.00  -423.0 -3283.0
 60.1430 15.9333  961   0.50  -1.80  35.00  -420.0 -3279.0
 60.1430 15.9334  962   0.50  -1.80  35.00  -423.0 -3279.0
 60.1430 15.9334  963   0.50  -1.80  35.00  -423.0 -3277.0
 60.1430 15.9334  964   0.50  -1.80  35.00  -427.0 -3283.0
 60.1430 15.9333  965   0.50  -1.80  35.00  -424.0 -3278.0
 60.1430 15.9333  966   0.50  -1.80  35.00  -427.0 -3279.0
 60.1430 15.9333  967   0.50  -1.80  35.00  -423.0 -3286.0
 60.1430 15.9333  968   0.50  -1.80  35.00  -421.0 -3277.0
 60.1430 15.9333  969   0.50  -1.80  35.00  -427.0 -3275.0
 60.1430 15.9333  970   0.50  -1.80  35.00  -421.0 -3275.0
 60.1430 15.9333  971   0.50  -1.80  35.00  -421.0 -3271.0
 60.1430 15.9333  972   0.50  -1.80  35.00  -423.0 -3279.0
 60.1430 15.9333  973   0.50  -1.80  35.00  -422.0 -3279.0
 60.1430 15.9334  974   0.50  -1.80  35.00  -423.0 -3278.0
 60.1430 15.9334  975   0.50  -1.80  35.00  -412.0 -3281.0
 60.1430 15.9333  976   0.50  -1.80  35.00  -423.0 -3279.0
 60.1430 15.9333  977   0.50  -1.80  35.00  -427.0 -3276.0
 60.1430 15.9334  978   0.50  -1.80  35.00  -415.0 -3279.0
 60.1430 15.9334  979   0.50  -1.80  35.00  -423.0 -3279.0
 60.1430 15.9333  980   0.50  -1.80  35.00  -427.0 -3279.0
 60.1430 15.9333  981   0.50  -1.80  35.00  -420.0 -3275.0
 60.1430 15.9333  982   0.50  -1.80  35.00  -417.0 -3279.0
 60.1430 15.9333  983   0.50  -1.80  35.00  -423.0 -3275.0
 60.1430 15.9333  984   0.50  -1.80  35.00  -423.0 -3279.0
 60.1430 15.9333  985   0.50  -1.80  35.00  -419.0 -3277.0
 60.1430 15.9333  986   0.50  -1.80  35.00  -419.0 -3283.0
 60.1430 15.9334  987   0.50  -1.80  35.00  -423.0 -3274.0
 60.1430 15.9334  988   0.50  -1.80  35.00  -423.0 -3268.0
 60.1430 15.9333  989   0.50  -1.80  35.00  -423.0 -3267.0
 60.1430 15.9333  990   0.50  -1.80  35.00  -428.0 -3267.0
 60.1430 15.9333  991   0.50  -1.80  35.00  -419.0 -3267.0
 60.1430 15.9333  992   0.50  -1.80  35.00  -417.0 -3269.0
 60.1430 15.9333  993   0.50  -1.80  35.00  -423.0 -3271.0
 60.1430 15.9333  994   0.50  -1.80  35.00  -423.0 -3267.0
 60.1430 15.9334  995   0.50  -1.80  35.00  -420.0 -3279.0
 60.1430 15.9334  996   0.50  -1.80  35.00  -412.0 -3265.0
 60.1430 15.9334  997   0.50  -1.80  35.00  -420.0 -3267.0
 60.1429 15.9333  998   0.50  -1.80  35.00  -415.0 -3267.0
 60.1429 15.9333  999   0.50  -1.80  35.00  -427.0 -3263.0
