 60.1431 15.9334    0   0.50  -1.80  35.00  -593.0  -844.0
 60.1430 15.9333    1   0.50  -1.80  35.00  -589.0  -843.0
 60.1430 15.9333    2   0.50  -1.80  35.00  -583.0  -849.0
 60.1430 15.9334    3   0.50  -1.80  35.00  -591.0  -839.0
 60.1431 15.9334    4   0.50  -1.80  35.00  -593.0  -841.0
 60.1431 15.9333    5   0.50  -1.80  35.00  -595.0  -839.0
 60.1431 15.9333    6   0.50  -1.80  35.00  -591.0  -843.0
 60.1431 15.9333    7   0.50  -1.80  35.00  -591.0  -841.0
 60.1431 15.9333    8   0.50  -1.80  35.00  -591.0  -851.0
 60.1431 15.9333    9   0.50  -1.80  35.00  -583.0  -843.0
 60.1431 15.9334   10   0.50  -1.80  35.00  -599.0  -843.0
 60.1431 15.9334   11   0.50  -1.80  35.00  -593.0  -845.0
 60.1431 15.9334   12   0.50  -1.80  35.00  -595.0  -844.0
 60.1431 15.9334   13   0.50  -1.80  35.00  -596.0  -836.0
 60.1430 15.9334   14   0.50  -1.80  35.00  -592.0  -835.0
 60.1430 15.9334   15   0.50  -1.80  35.00  -588.0  -843.0
 60.1431 15.9334   16   0.50  -1.80  35.00  -595.0  -835.0
 60.1431 15.9334   17   0.50  -1.80  35.00  -592.0  -839.0
 60.1431 15.9334   18   0.50  -1.80  35.00  -595.0  -839.0
 60.1430 15.9334   19   0.50  -1.80  35.00  -595.0  -843.0
 60.1430 15.9334   20   0.50  -1.80  35.00  -587.0  -847.0
 60.1431 15.9334   21   0.50  -1.80  35.00  -593.0  -843.0
 60.1431 15.9334   22   0.50  -1.80  35.00  -593.0  -845.0
 60.1431 15.9333   23   0.50  -1.80  35.00  -595.0  -839.0
 60.1431 15.9333   24   0.50  -1.80  35.00  -592.0  -839.0
 60.1430 15.9334   25   0.50  -1.80  35.00  -587.0  -836.0
 60.1430 15.9334   26   0.50  -1.80  35.00  -593.0  -843.0
 60.1431 15.9334   27   0.50  -1.80  35.00  -664.0  -844.0
 60.1431 15.9334   28   0.50  -1.80  35.00  -659.0 -1261.0
 60.1431 15.9334   29   0.50  -1.80  35.00  -651.0 -1249.0
 60.1431 15.9334   30   0.50  -1.80  35.00  -647.0 -1243.0
 60.1431 15.9334   31   0.50  -1.80  35.00  -659.0 -1254.0
 60.1431 15.9334   32   0.50  -1.80  35.00  -653.0 -1250.0
 60.1431 15.9334   33   0.50  -1.80  35.00  -647.0 -1247.0
 60.1431 15.9334   34   0.50  -1.80  35.00  -651.0 -1251.0
 60.1430 15.9334   35   0.50  -1.80  35.00  -657.0 -1252.0
 60.1430 15.9334   36   0.50  -1.80  35.00  -655.0 -1247.0
 60.1431 15.9334   37   0.50  -1.80  35.00  -652.0 -1255.0
 60.1431 15.9334   38   0.50  -1.80  35.00  -652.0 -1243.0
 60.1430 15.9334   39   0.50  -1.80  35.00  -653.0 -1251.0
 60.1431 15.9333   40   0.50  -1.80  35.00  -651.0 -1247.0
 60.1431 15.9333   41   0.50  -1.80  35.00  -649.0 -1251.0
 60.1430 15.9333   42   0.50  -1.80  35.00  -651.0 -1249.0
 60.1430 15.9333   43   0.50  -1.80  35.00  -655.0 -1255.0
 60.1430 15.9333   44   0.50  -1.80  35.00  -654.0 -1251.0
 60.1430 15.9334   45   0.50  -1.80  35.00  -657.0 -1251.0
 60.1430 15.9333   46   0.50  -1.80  35.00  -651.0 -1249.0
 60.1430 15.9333   47   0.50  -1.80  35.00  -652.0 -1246.0
 60.1430 15.9333   48   0.50  -1.80  35.00  -659.0 -1253.0
 60.1430 15.9333   49   0.50  -1.80  35.00  -655.0 -1248.0
 60.1430 15.9333   50   0.50  -1.80  35.00  -647.0 -1250.0
 60.1431 15.9333   51   0.50  -1.80  35.00  -659.0 -1259.0
 60.1431 15.9333   52   0.50  -1.80  35.00  -663.0 -1246.0
 60.1431 15.9334   53   0.50  -1.80  35.00  -649.0 -1247.0
 60.1431 15.9334   54   0.50  -1.80  35.00  -657.0 -1245.0
 60.1430 15.9333   55   0.50  -1.80  35.00  -651.0 -1247.0
 60.1430 15.9333   56   0.50  -1.80  35.00  -651.0 -1239.0
 60.1430 15.9333   57   0.50  -1.80  35.00  -647.0 -1251.0
 60.1430 15.9333   58   0.50  -1.80  35.00  -655.0 -1251.0
 60.1430 15.9333   59   0.50  -1.80  35.00  -647.0 -1247.0
 60.1431 15.9333   60   0.50  -1.80  35.00  -655.0 -1255.0
 60.1431 15.9333   61   0.50  -1.80  35.00  -657.0 -1251.0
 60.1430 15.9334   62   0.50  -1.80  35.00  -651.0 -1248.0
 60.1430 15.9334   63   0.50  -1.80  35.00  -651.0 -1251.0
 60.1431 15.9333   64   0.50  -1.80  35.00  -655.0 -1245.0
 60.1431 15.9333   65   0.50  -1.80  35.00  -651.0 -1249.0
 60.1431 15.9333   66   0.50  -1.80  35.00  -652.0 -1251.0
 60.1431 15.9333   67   0.50  -1.80  35.00  -659.0 -1252.0
 60.1430 15.9333   68   0.50  -1.80  35.00  -652.0 -1254.0
 60.1430 15.9333   69   0.50  -1.80  35.00  -656.0 -1253.0
 60.1430 15.9333   70   0.50  -1.80  35.00  -655.0 -1247.0
 60.1430 15.9334   71   0.50  -1.80  35.00  -655.0 -1247.0
 60.1430 15.9334   72   0.50  -1.80  35.00  -654.0 -1251.0
 60.1430 15.9334   73   0.50  -1.80  35.00  -649.0 -1241.0
 60.1431 15.9334   74   0.50  -1.80  35.00  -655.0 -1253.0
 60.1431 15.9334   75   0.50  -1.80  35.00  -755.0 -1243.0
 60.1430 15.9334   76   0.50  -1.80  35.00  -764.0    97.0
 60.1430 15.9334   77   0.50  -1.80  35.00  -763.0    94.0
 60.1431 15.9334   78   0.50  -1.80  35.00  -756.0    85.0
 60.1431 15.9334   79   0.50  -1.80  35.00  -763.0   100.0
 60.1431 15.9334   80   0.50  -1.80  35.00  -756.0    97.0
 60.1430 15.9333   81   0.50  -1.80  35.00  -758.0   101.0
 60.1430 15.9333   82   0.50  -1.80  35.00  -759.0   101.0
 60.1431 15.9334   83   0.50  -1.80  35.00  -763.0    96.0
 60.1431 15.9334   84   0.50  -1.80  35.00  -771.0   101.0
 60.1431 15.9334   85   0.50  -1.80  35.00  -759.0    93.0
 60.1430 15.9334   86   0.50  -1.80  35.00  -768.0   101.0
 60.1430 15.9334   87   0.50  -1.80  35.00  -763.0    96.0
 60.1431 15.9334   88   0.50  -1.80  35.00  -767.0    87.0
 60.1431 15.9334   89   0.50  -1.80  35.00  -756.0    97.0
 60.1430 15.9334   90   0.50  -1.80  35.00  -763.0   100.0
 60.1430 15.9334   91   0.50  -1.80  35.00  -763.0   100.0
 60.1430 15.9334   92   0.50  -1.80  35.00  -759.0    93.0
 60.1430 15.9334   93   0.50  -1.80  35.00  -751.0    99.0
 60.1430 15.9334   94   0.50  -1.80  35.00  -766.0   102.0
 60.1430 15.9334   95   0.50  -1.80  35.00  -763.0   101.0
 60.1430 15.9334   96   0.50  -1.80  35.00  -763.0   101.0
 60.1430 15.9334   97   0.50  -1.80  35.00  -767.0    93.0
 60.1430 15.9334   98   0.50  -1.80  35.00  -763.0    93.0
 60.1430 15.9334   99   0.50  -1.80  35.00  -763.0    97.0
 60.1430 15.9334  100   0.50  -1.80  35.00  -763.0    89.0
 60.1430 15.9334  101   0.50  -1.80  35.00  -757.0    93.0
 60.1430 15.9334  102   0.50  -1.80  35.00  -760.0    99.0
 60.1430 15.9334  103   0.50  -1.80  35.00  -763.0   100.0
 60.1430 15.9334  104   0.50  -1.80  35.00  -755.0    90.0
 60.1430 15.9334  105   0.50  -1.80  35.00  -763.0    97.0
 60.1430 15.9333  106   0.50  -1.80  35.00  -765.0    99.0
 60.1430 15.9333  107   0.50  -1.80  35.00  -763.0    92.0
 60.1430 15.9334  108   0.50  -1.80  35.00  -759.0   101.0
 60.1430 15.9333  109   0.50  -1.80  35.00  -759.0    96.0
 60.1430 15.9334  110   0.50  -1.80  35.00  -767.0    97.0
 60.1430 15.9334  111   0.50  -1.80  35.00  -761.0    95.0
 60.1430 15.9334  112   0.50  -1.80  35.00  -767.0   107.0
 60.1430 15.9334  113   0.50  -1.80  35.00  -759.0    96.0
 60.1430 15.9334  114   0.50  -1.80  35.00  -763.0    97.0
 60.1430 15.9334  115   0.50  -1.80  35.00  -759.0   101.0
 60.1430 15.9334  116   0.50  -1.80  35.00  -763.0    97.0
 60.1430 15.9333  117   0.50  -1.80  35.00  -763.0   100.0
 60.1430 15.9333  118   0.50  -1.80  35.00  -615.0   625.0
 60.1430 15.9334  119   0.50  -1.80  35.00  -608.0   620.0
 60.1430 15.9334  120   0.50  -1.80  35.00  -620.0   609.0
 60.1431 15.9334  121   0.50  -1.80  35.00  -612.0   625.0
 60.1431 15.9334  122   0.50  -1.80  35.00  -615.0   617.0
 60.1430 15.9334  123   0.50  -1.80  35.00  -619.0   619.0
 60.1430 15.9334  124   0.50  -1.80  35.00  -617.0   623.0
 60.1431 15.9334  125   0.50  -1.80  35.00  -619.0   617.0
 60.1431 15.9334  126   0.50  -1.80  35.00  -615.0   623.0
 60.1430 15.9334  127   0.50  -1.80  35.00  -615.0   620.0
 60.1430 15.9334  128   0.50  -1.80  35.00  -617.0   627.0
 60.1430 15.9334  129   0.50  -1.80  35.00  -615.0   617.0
 60.1430 15.9334  130   0.50  -1.80  35.00  -615.0   621.0
 60.1430 15.9334  131   0.50  -1.80  35.00  -611.0   609.0
 60.1430 15.9334  132   0.50  -1.80  35.00  -614.0   621.0
 60.1430 15.9334  133   0.50  -1.80  35.00  -613.0   621.0
 60.1431 15.9333  134   0.50  -1.80  35.00  -611.0   619.0
 60.1431 15.9333  135   0.50  -1.80  35.00  -606.0   621.0
 60.1431 15.9333  136   0.50  -1.80  35.00  -623.0   624.0
 60.1430 15.9334  137   0.50  -1.80  35.00  -612.0   620.0
 60.1430 15.9334  138   0.50  -1.80  35.00  -611.0   620.0
 60.1430 15.9334  139   0.50  -1.80  35.00  -615.0   613.0
 60.1430 15.9334  140   0.50  -1.80  35.00  -615.0   620.0
 60.1430 15.9333  141   0.50  -1.80  35.00  -609.0   621.0
 60.1430 15.9333  142   0.50  -1.80  35.00  -616.0   625.0
 60.1431 15.9334  143   0.50  -1.80  35.00  -611.0   612.0
 60.1431 15.9334  144   0.50  -1.80  35.00  -613.0   621.0
 60.1430 15.9334  145   0.50  -1.80  35.00  -621.0   619.0
 60.1430 15.9334  146   0.50  -1.80  35.00  -611.0   613.0
 60.1430 15.9334  147   0.50  -1.80  35.00  -611.0   616.0
 60.1430 15.9334  148   0.50  -1.80  35.00  -619.0   626.0
 60.1430 15.9334  149   0.50  -1.80  35.00  -616.0   623.0
 60.1430 15.9334  150   0.50  -1.80  35.00  -615.0   621.0
 60.1430 15.9333  151   0.50  -1.80  35.00  -619.0   609.0
 60.1430 15.9333  152   0.50  -1.80  35.00  -597.0   617.0
 60.1430 15.9334  153   0.50  -1.80  35.00  -618.0   621.0
 60.1430 15.9334  154   0.50  -1.80  35.00  -615.0   616.0
 60.1430 15.9334  155   0.50  -1.80  35.00  -615.0   604.0
 60.1430 15.9334  156   0.50  -1.80  35.00  -615.0   617.0
 60.1430 15.9334  157   0.50  -1.80  35.00  -619.0   613.0
 60.1430 15.9334  158   0.50  -1.80  35.00  -613.0   627.0
 60.1430 15.9334  159   0.50  -1.80  35.00  -609.0   621.0
 60.1430 15.9334  160   0.50  -1.80  35.00  -612.0   621.0
 60.1430 15.9334  161   0.50  -1.80  35.00  -506.0   609.0
 60.1430 15.9334  162   0.50  -1.80  35.00  -499.0  1345.0
 60.1430 15.9334  163   0.50  -1.80  35.00  -505.0  1347.0
 60.1430 15.9333  164   0.50  -1.80  35.00  -503.0  1342.0
 60.1430 15.9333  165   0.50  -1.80  35.00  -507.0  1348.0
 60.1430 15.9334  166   0.50  -1.80  35.00  -497.0  1339.0
 60.1430 15.9333  167   0.50  -1.80  35.00  -495.0  1351.0
 60.1430 15.9333  168   0.50  -1.80  35.00  -505.0  1348.0
 60.1430 15.9334  169   0.50  -1.80  35.00  -495.0  1345.0
 60.1430 15.9334  170   0.50  -1.80  35.00  -499.0  1349.0
 60.1430 15.9334  171   0.50  -1.80  35.00  -497.0  1348.0
 60.1430 15.9333  172   0.50  -1.80  35.00  -499.0  1349.0
 60.1430 15.9333  173   0.50  -1.80  35.00  -497.0  1341.0
 60.1430 15.9334  174   0.50  -1.80  35.00  -507.0  1349.0
 60.1430 15.9333  175   0.50  -1.80  35.00  -499.0  1345.0
 60.1430 15.9333  176   0.50  -1.80  35.00  -495.0  1349.0
 60.1430 15.9333  177   0.50  -1.80  35.00  -499.0  1344.0
 60.1430 15.9333  178   0.50  -1.80  35.00  -501.0  1355.0
 60.1430 15.9334  179   0.50  -1.80  35.00  -499.0  1349.0
 60.1430 15.9334  180   0.50  -1.80  35.00  -499.0  1345.0
 60.1430 15.9333  181   0.50  -1.80  35.00  -491.0  1345.0
 60.1430 15.9333  182   0.50  -1.80  35.00  -503.0  1341.0
 60.1430 15.9333  183   0.50  -1.80  35.00  -505.0  1343.0
 60.1430 15.9334  184   0.50  -1.80  35.00  -495.0  1345.0
 60.1430 15.9333  185   0.50  -1.80  35.00  -495.0  1341.0
 60.1430 15.9333  186   0.50  -1.80  35.00  -513.0  1345.0
 60.1430 15.9333  187   0.50  -1.80  35.00  -511.0  1346.0
 60.1430 15.9333  188   0.50  -1.80  35.00  -507.0  1345.0
 60.1430 15.9333  189   0.50  -1.80  35.00  -499.0  1348.0
 60.1430 15.9333  190   0.50  -1.80  35.00  -501.0  1338.0
 60.1430 15.9333  191   0.50  -1.80  35.00  -507.0  1125.0
 60.1430 15.9333  192   0.50  -1.80  35.00  -507.0  1129.0
 60.1430 15.9333  193   0.50  -1.80  35.00  -507.0  1120.0
 60.1430 15.9333  194   0.50  -1.80  35.00  -499.0  1121.0
 60.1430 15.9333  195   0.50  -1.80  35.00  -507.0  1128.0
 60.1430 15.9333  196   0.50  -1.80  35.00  -499.0  1129.0
 60.1430 15.9333  197   0.50  -1.80  35.00  -493.0  1121.0
 60.1430 15.9333  198   0.50  -1.80  35.00  -503.0  1129.0
 60.1430 15.9333  199   0.50  -1.80  35.00  -503.0  1121.0
 60.1430 15.9333  200   0.50  -1.80  35.00  -497.0  1121.0
 60.1430 15.9333  201   0.50  -1.80  35.00  -495.0  1123.0
 60.1431 15.9333  202   0.50  -1.80  35.00  -495.0  1129.0
 60.1431 15.9333  203   0.50  -1.80  35.00  -503.0  1129.0
 60.1430 15.9333  204   0.50  -1.80  35.00  -503.0  1122.0
 60.1430 15.9333  205   0.50  -1.80  35.00  -495.0  1125.0
 60.1430 15.9333  206   0.50  -1.80  35.00  -500.0  1122.0
 60.1430 15.9333  207   0.50  -1.80  35.00  -509.0  1111.0
 60.1430 15.9333  208   0.50  -1.80  35.00  -500.0  1129.0
 60.1430 15.9333  209   0.50  -1.80  35.00  -495.0  1125.0
 60.1430 15.9333  210   0.50  -1.80  35.00  -500.0  1124.0
 60.1430 15.9333  211   0.50  -1.80  35.00  -495.0  1124.0
 60.1431 15.9333  212   0.50  -1.80  35.00  -507.0  1129.0
 60.1431 15.9333  213   0.50  -1.80  35.00  -501.0  1121.0
 60.1430 15.9333  214   0.50  -1.80  35.00  -500.0  1120.0
 60.1430 15.9333  215   0.50  -1.80  35.00  -499.0  1125.0
 60.1430 15.9333  216   0.50  -1.80  35.00  -505.0  1125.0
 60.1430 15.9333  217   0.50  -1.80  35.00  -499.0  1121.0
 60.1430 15.9333  218   0.50  -1.80  35.00  -499.0  1120.0
 60.1430 15.9333  219   0.50  -1.80  35.00  -504.0  1125.0
 60.1430 15.9333  220   0.50  -1.80  35.00  -494.0  1117.0
 60.1431 15.9333  221   0.50  -1.80  35.00  -504.0  1124.0
 60.1431 15.9333  222   0.50  -1.80  35.00  -503.0  1119.0
 60.1430 15.9333  223   0.50  -1.80  35.00  -503.0  1122.0
 60.1430 15.9333  224   0.50  -1.80  35.00  -493.0  1121.0
 60.1430 15.9333  225   0.50  -1.80  35.00  -489.0  1681.0
 60.1430 15.9333  226   0.50  -1.80  35.00  -491.0  1685.0
 60.1430 15.9333  227   0.50  -1.80  35.00  -489.0  1677.0
 60.1430 15.9333  228   0.50  -1.80  35.00  -485.0  1681.0
 60.1430 15.9333  229   0.50  -1.80  35.00  -486.0  1681.0
 60.1430 15.9333  230   0.50  -1.80  35.00  -487.0  1689.0
 60.1430 15.9333  231   0.50  -1.80  35.00  -492.0  1679.0
 60.1430 15.9333  232   0.50  -1.80  35.00  -493.0  1681.0
 60.1430 15.9333  233   0.50  -1.80  35.00  -491.0  1685.0
 60.1430 15.9333  234   0.50  -1.80  35.00  -491.0  1677.0
 60.1430 15.9333  235   0.50  -1.80  35.00  -487.0  1689.0
 60.1430 15.9333  236   0.50  -1.80  35.00  -491.0  1684.0
 60.1430 15.9333  237   0.50  -1.80  35.00  -487.0  1685.0
 60.1430 15.9333  238   0.50  -1.80  35.00  -491.0  1687.0
 60.1430 15.9333  239   0.50  -1.80  35.00  -487.0  1689.0
 60.1430 15.9333  240   0.50  -1.80  35.00  -490.0  1696.0
 60.1430 15.9333  241   0.50  -1.80  35.00  -495.0  1685.0
 60.1430 15.9333  242   0.50  -1.80  35.00  -489.0  1687.0
 60.1430 15.9333  243   0.50  -1.80  35.00  -485.0  1679.0
 60.1430 15.9333  244   0.50  -1.80  35.00  -491.0  1683.0
 60.1430 15.9333  245   0.50  -1.80  35.00  -491.0  1679.0
 60.1430 15.9333  246   0.50  -1.80  35.00  -489.0  1685.0
 60.1430 15.9333  247   0.50  -1.80  35.00  -490.0  1677.0
 60.1430 15.9333  248   0.50  -1.80  35.00  -491.0  1688.0
 60.1430 15.9333  249   0.50  -1.80  35.00  -492.0  1681.0
 60.1430 15.9333  250   0.50  -1.80  35.00  -491.0  1689.0
 60.1430 15.9333  251   0.50  -1.80  35.00  -492.0  1685.0
 60.1430 15.9333  252   0.50  -1.80  35.00  -489.0  1689.0
 60.1430 15.9333  253   0.50  -1.80  35.00  -491.0  1684.0
 60.1430 15.9333  254   0.50  -1.80  35.00  -491.0  1677.0
 60.1430 15.9333  255   0.50  -1.80  35.00  -497.0  1684.0
 60.1430 15.9334  256   0.50  -1.80  35.00  -492.0  1681.0
 60.1430 15.9334  257   0.50  -1.80  35.00  -488.0  1679.0
 60.1430 15.9334  258   0.50  -1.80  35.00  -489.0  1685.0
 60.1430 15.9333  259   0.50  -1.80  35.00  -495.0  1687.0
 60.1430 15.9333  260   0.50  -1.80  35.00  -491.0  1685.0
 60.1430 15.9333  261   0.50  -1.80  35.00  -483.0  1685.0
 60.1430 15.9333  262   0.50  -1.80  35.00  -487.0  1679.0
 60.1430 15.9333  263   0.50  -1.80  35.00  -495.0  1685.0
 60.1430 15.9333  264   0.50  -1.80  35.00  -487.0  1689.0
 60.1431 15.9333  265   0.50  -1.80  35.00  -491.0  1685.0
 60.1431 15.9333  266   0.50  -1.80  35.00  -491.0  1683.0
 60.1430 15.9333  267   0.50  -1.80  35.00  -439.0  1688.0
 60.1430 15.9333  268   0.50  -1.80  35.00  -431.0  2229.0
 60.1430 15.9333  269   0.50  -1.80  35.00  -435.0  2232.0
 60.1430 15.9333  270   0.50  -1.80  35.00  -439.0  2237.0
 60.1430 15.9333  271   0.50  -1.80  35.00  -433.0  2220.0
 60.1430 15.9333  272   0.50  -1.80  35.00  -430.0  2227.0
 60.1430 15.9333  273   0.50  -1.80  35.00  -435.0  2229.0
 60.1430 15.9333  274   0.50  -1.80  35.00  -437.0  2239.0
 60.1430 15.9333  275   0.50  -1.80  35.00  -438.0  2237.0
 60.1430 15.9333  276   0.50  -1.80  35.00  -441.0  2229.0
 60.1430 15.9333  277   0.50  -1.80  35.00  -443.0  2221.0
 60.1430 15.9333  278   0.50  -1.80  35.00  -441.0  2233.0
 60.1430 15.9333  279   0.50  -1.80  35.00  -438.0  2233.0
 60.1431 15.9333  280   0.50  -1.80  35.00  -435.0  2225.0
 60.1430 15.9333  281   0.50  -1.80  35.00  -439.0  2237.0
 60.1430 15.9333  282   0.50  -1.80  35.00  -440.0  2229.0
 60.1430 15.9333  283   0.50  -1.80  35.00  -437.0  2223.0
 60.1430 15.9333  284   0.50  -1.80  35.00  -439.0  2233.0
 60.1430 15.9333  285   0.50  -1.80  35.00  -435.0  2229.0
 60.1430 15.9333  286   0.50  -1.80  35.00  -443.0  2229.0
 60.1430 15.9333  287   0.50  -1.80  35.00  -428.0  2232.0
 60.1430 15.9333  288   0.50  -1.80  35.00  -439.0  2225.0
 60.1430 15.9333  289   0.50  -1.80  35.00  -436.0  2225.0
 60.1430 15.9333  290   0.50  -1.80  35.00  -439.0  2237.0
 60.1430 15.9333  291   0.50  -1.80  35.00  -439.0  2232.0
 60.1430 15.9333  292   0.50  -1.80  35.00  -439.0  2233.0
 60.1430 15.9333  293   0.50  -1.80  35.00  -437.0  2229.0
 60.1430 15.9334  294   0.50  -1.80  35.00  -431.0  2233.0
 60.1430 15.9334  295   0.50  -1.80  35.00  -433.0  2235.0
 60.1430 15.9333  296   0.50  -1.80  35.00  -440.0  2233.0
 60.1430 15.9333  297   0.50  -1.80  35.00  -433.0  2233.0
 60.1430 15.9333  298   0.50  -1.80  35.00  -443.0  2229.0
 60.1430 15.9333  299   0.50  -1.80  35.00  -437.0  2233.0
 60.1430 15.9333  300   0.50  -1.80  35.00  -435.0  2233.0
 60.1430 15.9333  301   0.50  -1.80  35.00  -443.0  2229.0
 60.1430 15.9333  302   0.50  -1.80  35.00  -435.0  2228.0
 60.1430 15.9333  303   0.50  -1.80  35.00  -442.0  2225.0
 60.1430 15.9333  304   0.50  -1.80  35.00  -443.0  2236.0
 60.1430 15.9333  305   0.50  -1.80  35.00  -436.0  2237.0
 60.1430 15.9333  306   0.50  -1.80  35.00  -447.0  2232.0
 60.1430 15.9333  307   0.50  -1.80  35.00  -431.0  2233.0
 60.1430 15.9334  308   0.50  -1.80  35.00  -428.0  2241.0
 60.1430 15.9334  309   0.50  -1.80  35.00  -443.0  2231.0
 60.1430 15.9333  310   0.50  -1.80  35.00  -456.0  2231.0
 60.1430 15.9333  311   0.50  -1.80  35.00  -455.0  2863.0
 60.1430 15.9333  312   0.50  -1.80  35.00  -455.0  2861.0
 60.1430 15.9333  313   0.50  -1.80  35.00  -455.0  2861.0
 60.1430 15.9333  314   0.50  -1.80  35.00  -458.0  2863.0
 60.1430 15.9333  315   0.50  -1.80  35.00  -455.0  2857.0
 60.1430 15.9333  316   0.50  -1.80  35.00  -451.0  2865.0
 60.1430 15.9333  317   0.50  -1.80  35.00  -455.0  2863.0
 60.1430 15.9333  318   0.50  -1.80  35.00  -460.0  2859.0
 60.1430 15.9333  319   0.50  -1.80  35.00  -452.0  2857.0
 60.1430 15.9333  320   0.50  -1.80  35.00  -453.0  2857.0
 60.1430 15.9334  321   0.50  -1.80  35.00  -453.0  2853.0
 60.1430 15.9334  322   0.50  -1.80  35.00  -455.0  2856.0
 60.1430 15.9333  323   0.50  -1.80  35.00  -453.0  2863.0
 60.1430 15.9333  324   0.50  -1.80  35.00  -449.0  2859.0
 60.1430 15.9334  325   0.50  -1.80  35.00  -455.0  2857.0
 60.1430 15.9334  326   0.50  -1.80  35.00  -451.0  2853.0
 60.1430 15.9333  327   0.50  -1.80  35.00  -455.0  2859.0
 60.1430 15.9333  328   0.50  -1.80  35.00  -452.0  2861.0
 60.1430 15.9334  329   0.50  -1.80  35.00  -459.0  2863.0
 60.1431 15.9334  330   0.50  -1.80  35.00  -455.0  2861.0
 60.1431 15.9333  331   0.50  -1.80  35.00  -451.0  2869.0
 60.1431 15.9333  332   0.50  -1.80  35.00  -451.0  2857.0
 60.1430 15.9333  333   0.50  -1.80  35.00  -451.0  2861.0
 60.1430 15.9333  334   0.50  -1.80  35.00  -456.0  2857.0
 60.1430 15.9333  335   0.50  -1.80  35.00  -459.0  2858.0
 60.1430 15.9333  336   0.50  -1.80  35.00  -448.0  2865.0
 60.1430 15.9333  337   0.50  -1.80  35.00  -447.0  2865.0
 60.1430 15.9333  338   0.50  -1.80  35.00  -451.0  2858.0
 60.1430 15.9333  339   0.50  -1.80  35.00  -451.0  2860.0
 60.1430 15.9333  340   0.50  -1.80  35.00  -455.0  2861.0
 60.1431 15.9333  341   0.50  -1.80  35.00  -459.0  2861.0
 60.1431 15.9333  342   0.50  -1.80  35.00  -447.0  2863.0
 60.1430 15.9333  343   0.50  -1.80  35.00  -451.0  2849.0
 60.1430 15.9333  344   0.50  -1.80  35.00  -455.0  2861.0
 60.1430 15.9333  345   0.50  -1.80  35.00  -459.0  2857.0
 60.1430 15.9333  346   0.50  -1.80  35.00  -456.0  2851.0
 60.1430 15.9333  347   0.50  -1.80  35.00  -444.0  2863.0
 60.1430 15.9333  348   0.50  -1.80  35.00  -451.0  2852.0
 60.1430 15.9333  349   0.50  -1.80  35.00  -452.0  2857.0
 60.1430 15.9333  350   0.50  -1.80  35.00  -459.0  2859.0
 60.1431 15.9333  351   0.50  -1.80  35.00  -455.0  2865.0
 60.1430 15.9333  352   0.50  -1.80  35.00  -459.0  2855.0
 60.1430 15.9333  353   0.50  -1.80  35.00  -453.0  2855.0
 60.1430 15.9333  354   0.50  -1.80  35.00  -515.0  2852.0
 60.1430 15.9333  355   0.50  -1.80  35.00  -511.0  3508.0
 60.1430 15.9333  356   0.50  -1.80  35.00  -509.0  3505.0
 60.1430 15.9333  357   0.50  -1.80  35.00  -515.0  3509.0
 60.1430 15.9333  358   0.50  -1.80  35.00  -511.0  3508.0
 60.1430 15.9333  359   0.50  -1.80  35.00  -515.0  3505.0
 60.1430 15.9333  360   0.50  -1.80  35.00  -519.0  3505.0
 60.1431 15.9333  361   0.50  -1.80  35.00  -519.0  3505.0
 60.1430 15.9333  362   0.50  -1.80  35.00  -508.0  3513.0
 60.1430 15.9333  363   0.50  -1.80  35.00  -519.0  3508.0
 60.1430 15.9333  364   0.50  -1.80  35.00  -519.0  3516.0
 60.1431 15.9334  365   0.50  -1.80  35.00  -516.0  3503.0
 60.1430 15.9333  366   0.50  -1.80  35.00  -511.0  3510.0
 60.1430 15.9333  367   0.50  -1.80  35.00  -511.0  3504.0
 60.1430 15.9333  368   0.50  -1.80  35.00  -512.0  3501.0
 60.1430 15.9333  369   0.50  -1.80  35.00  -519.0  3511.0
 60.1430 15.9333  370   0.50  -1.80  35.00  -515.0  3510.0
 60.1430 15.9333  371   0.50  -1.80  35.00  -520.0  3508.0
 60.1430 15.9333  372   0.50  -1.80  35.00  -511.0  3509.0
 60.1430 15.9333  373   0.50  -1.80  35.00  -515.0  3505.0
 60.1430 15.9333  374   0.50  -1.80  35.00  -519.0  3509.0
 60.1430 15.9333  375   0.50  -1.80  35.00  -518.0  3503.0
 60.1430 15.9333  376   0.50  -1.80  35.00  -515.0  3515.0
 60.1430 15.9333  377   0.50  -1.80  35.00  -511.0  3509.0
 60.1431 15.9333  378   0.50  -1.80  35.00  -517.0  3513.0
 60.1431 15.9333  379   0.50  -1.80  35.00  -521.0  3501.0
 60.1430 15.9333  380   0.50  -1.80  35.00  -512.0  3511.0
 60.1430 15.9333  381   0.50  -1.80  35.00  -527.0  3505.0
 60.1430 15.9333  382   0.50  -1.80  35.00  -521.0  3501.0
 60.1430 15.9333  383   0.50  -1.80  35.00  -515.0  3509.0
 60.1430 15.9333  384   0.50  -1.80  35.00  -513.0  3505.0
 60.1430 15.9333  385   0.50  -1.80  35.00  -513.0  3501.0
 60.1430 15.9333  386   0.50  -1.80  35.00  -524.0  3509.0
 60.1430 15.9333  387   0.50  -1.80  35.00  -515.0  3513.0
 60.1431 15.9333  388   0.50  -1.80  35.00  -515.0  3503.0
 60.1431 15.9333  389   0.50  -1.80  35.00  -511.0  3505.0
 60.1430 15.9333  390   0.50  -1.80  35.00  -516.0  3505.0
 60.1430 15.9333  391   0.50  -1.80  35.00  -548.0  3515.0
 60.1430 15.9333  392   0.50  -1.80  35.00  -547.0  4551.0
 60.1430 15.9333  393   0.50  -1.80  35.00  -541.0  4797.0
 60.1430 15.9333  394   0.50  -1.80  35.00  -551.0  4805.0
 60.1430 15.9333  395   0.50  -1.80  35.00  -559.0  4807.0
 60.1430 15.9333  396   0.50  -1.80  35.00  -551.0  4807.0
 60.1431 15.9333  397   0.50  -1.80  35.00  -547.0  4809.0
 60.1430 15.9333  398   0.50  -1.80  35.00  -549.0  4808.0
 60.1430 15.9333  399   0.50  -1.80  35.00  -547.0  4805.0
 60.1430 15.9333  400   0.50  -1.80  35.00  -541.0  4808.0
 60.1430 15.9333  401   0.50  -1.80  35.00  -556.0  4800.0
 60.1430 15.9333  402   0.50  -1.80  35.00  -543.0  4805.0
 60.1430 15.9333  403   0.50  -1.80  35.00  -543.0  4809.0
 60.1430 15.9333  404   0.50  -1.80  35.00  -547.0  4809.0
 60.1430 15.9333  405   0.50  -1.80  35.00  -548.0  4803.0
 60.1430 15.9333  406   0.50  -1.80  35.00  -545.0  4808.0
 60.1430 15.9333  407   0.50  -1.80  35.00  -548.0  4806.0
 60.1430 15.9333  408   0.50  -1.80  35.00  -558.0  4801.0
 60.1430 15.9333  409   0.50  -1.80  35.00  -551.0  4803.0
 60.1431 15.9334  410   0.50  -1.80  35.00  -559.0  4809.0
 60.1431 15.9334  411   0.50  -1.80  35.00  -548.0  4805.0
 60.1431 15.9334  412   0.50  -1.80  35.00  -551.0  4805.0
 60.1430 15.9333  413   0.50  -1.80  35.00  -549.0  4805.0
 60.1430 15.9333  414   0.50  -1.80  35.00  -548.0  4809.0
 60.1430 15.9333  415   0.50  -1.80  35.00  -549.0  4807.0
 60.1430 15.9333  416   0.50  -1.80  35.00  -547.0  4808.0
 60.1430 15.9333  417   0.50  -1.80  35.00  -544.0  4797.0
 60.1430 15.9333  418   0.50  -1.80  35.00  -549.0  4801.0
 60.1430 15.9333  419   0.50  -1.80  35.00  -548.0  4793.0
 60.1430 15.9333  420   0.50  -1.80  35.00  -553.0  4806.0
 60.1430 15.9333  421   0.50  -1.80  35.00  -547.0  4801.0
 60.1430 15.9333  422   0.50  -1.80  35.00  -547.0  4807.0
 60.1430 15.9333  423   0.50  -1.80  35.00  -549.0  4801.0
 60.1430 15.9333  424   0.50  -1.80  35.00  -547.0  4796.0
 60.1430 15.9333  425   0.50  -1.80  35.00  -547.0  4805.0
 60.1430 15.9333  426   0.50  -1.80  35.00  -545.0  4803.0
 60.1430 15.9333  427   0.50  -1.80  35.00  -547.0  4800.0
 60.1431 15.9333  428   0.50  -1.80  35.00  -547.0  4800.0
 60.1430 15.9333  429   0.50  -1.80  35.00  -547.0  4804.0
 60.1430 15.9333  430   0.50  -1.80  35.00  -533.0  4805.0
 60.1430 15.9333  431   0.50  -1.80  35.00  -535.0  4797.0
 60.1430 15.9333  432   0.50  -1.80  35.00  -551.0  4804.0
 60.1430 15.9334  433   0.50  -1.80  35.00  -549.0  4801.0
 60.1430 15.9334  434   0.50  -1.80  35.00  -549.0  4801.0
 60.1430 15.9333  435   0.50  -1.80  35.00  -487.0  4805.0
 60.1430 15.9333  436   0.50  -1.80  35.00  -495.0  5765.0
 60.1430 15.9333  437   0.50  -1.80  35.00  -487.0  5773.0
 60.1430 15.9333  438   0.50  -1.80  35.00  -487.0  5769.0
 60.1430 15.9333  439   0.50  -1.80  35.00  -491.0  5767.0
 60.1430 15.9333  440   0.50  -1.80  35.00  -479.0  5775.0
 60.1430 15.9333  441   0.50  -1.80  35.00  -483.0  5771.0
 60.1430 15.9333  442   0.50  -1.80  35.00  -479.0  5771.0
 60.1430 15.9333  443   0.50  -1.80  35.00  -485.0  5772.0
 60.1430 15.9333  444   0.50  -1.80  35.00  -491.0  5765.0
 60.1430 15.9333  445   0.50  -1.80  35.00  -487.0  5773.0
 60.1430 15.9333  446   0.50  -1.80  35.00  -485.0  5769.0
 60.1430 15.9333  447   0.50  -1.80  35.00  -488.0  5762.0
 60.1430 15.9333  448   0.50  -1.80  35.00  -491.0  5765.0
 60.1430 15.9333  449   0.50  -1.80  35.00  -489.0  5764.0
 60.1430 15.9333  450   0.50  -1.80  35.00  -494.0  5773.0
 60.1430 15.9333  451   0.50  -1.80  35.00  -485.0  5769.0
 60.1430 15.9334  452   0.50  -1.80  35.00  -491.0  5765.0
 60.1430 15.9334  453   0.50  -1.80  35.00  -491.0  5765.0
 60.1430 15.9333  454   0.50  -1.80  35.00  -483.0  5768.0
 60.1430 15.9333  455   0.50  -1.80  35.00  -485.0  5767.0
 60.1430 15.9333  456   0.50  -1.80  35.00  -477.0  5765.0
 60.1430 15.9333  457   0.50  -1.80  35.00  -477.0  5765.0
 60.1430 15.9333  458   0.50  -1.80  35.00  -491.0  5771.0
 60.1430 15.9333  459   0.50  -1.80  35.00  -487.0  5769.0
 60.1430 15.9333  460   0.50  -1.80  35.00  -483.0  5775.0
 60.1430 15.9333  461   0.50  -1.80  35.00  -491.0  5772.0
 60.1430 15.9333  462   0.50  -1.80  35.00  -494.0  5764.0
 60.1430 15.9333  463   0.50  -1.80  35.00  -487.0  5769.0
 60.1430 15.9333  464   0.50  -1.80  35.00  -485.0  5768.0
 60.1430 15.9333  465   0.50  -1.80  35.00  -488.0  5762.0
 60.1430 15.9333  466   0.50  -1.80  35.00  -486.0  5769.0
 60.1430 15.9333  467   0.50  -1.80  35.00  -487.0  5765.0
 60.1430 15.9333  468   0.50  -1.80  35.00  -487.0  5764.0
 60.1430 15.9333  469   0.50  -1.80  35.00  -491.0  5765.0
 60.1430 15.9333  470   0.50  -1.80  35.00  -487.0  5761.0
 60.1430 15.9333  471   0.50  -1.80  35.00  -480.0  5769.0
 60.1430 15.9333  472   0.50  -1.80  35.00  -484.0  5765.0
 60.1430 15.9333  473   0.50  -1.80  35.00  -484.0  5760.0
 60.1430 15.9333  474   0.50  -1.80  35.00  -491.0  5765.0
 60.1430 15.9334  475   0.50  -1.80  35.00  -483.0  5765.0
 60.1430 15.9334  476   0.50  -1.80  35.00  -489.0  5760.0
 60.1430 15.9333  477   0.50  -1.80  35.00  -489.0  5761.0
 60.1430 15.9333  478   0.50  -1.80  35.00  -427.0  5761.0
 60.1430 15.9333  479   0.50  -1.80  35.00  -428.0 -4981.0
 60.1430 15.9333  480   0.50  -1.80  35.00  -435.0 -4991.0
 60.1430 15.9333  481   0.50  -1.80  35.00  -428.0 -4974.0
 60.1430 15.9333  482   0.50  -1.80  35.00  -425.0 -4981.0
 60.1431 15.9333  483   0.50  -1.80  35.00  -431.0 -4979.0
 60.1431 15.9333  484   0.50  -1.80  35.00  -423.0 -4964.0
 60.1430 15.9334  485   0.50  -1.80  35.00  -431.0 -4970.0
 60.1430 15.9334  486   0.50  -1.80  35.00  -427.0 -4973.0
 60.1430 15.9333  487   0.50  -1.80  35.00  -433.0 -4969.0
 60.1430 15.9333  488   0.50  -1.80  35.00  -431.0 -4975.0
 60.1430 15.9333  489   0.50  -1.80  35.00  -424.0 -4965.0
 60.1430 15.9333  490   0.50  -1.80  35.00  -427.0 -4960.0
 60.1430 15.9333  491   0.50  -1.80  35.00  -427.0 -4971.0
 60.1430 15.9333  492   0.50  -1.80  35.00  -431.0 -4972.0
 60.1430 15.9333  493   0.50  -1.80  35.00  -425.0 -4967.0
 60.1430 15.9333  494   0.50  -1.80  35.00  -427.0 -4964.0
 60.1430 15.9333  495   0.50  -1.80  35.00  -431.0 -4965.0
 60.1430 15.9333  496   0.50  -1.80  35.00  -433.0 -4963.0
 60.1430 15.9333  497   0.50  -1.80  35.00  -430.0 -4958.0
 60.1430 15.9333  498   0.50  -1.80  35.00  -427.0 -4965.0
 60.1430 15.9333  499   0.50  -1.80  35.00  -425.0 -4960.0
 60.1430 15.9334  500   0.50  -1.80  35.00  -428.0 -4959.0
 60.1430 15.9334  501   0.50  -1.80  35.00  -431.0 -4965.0
 60.1430 15.9333  502   0.50  -1.80  35.00  -435.0 -4959.0
 60.1430 15.9333  503   0.50  -1.80  35.00  -430.0 -4964.0
 60.1430 15.9333  504   0.50  -1.80  35.00  -435.0 -4955.0
 60.1430 15.9333  505   0.50  -1.80  35.00  -427.0 -4959.0
 60.1430 15.9333  506   0.50  -1.80  35.00  -433.0 -4964.0
 60.1430 15.9333  507   0.50  -1.80  35.00  -425.0 -4963.0
 60.1430 15.9333  508   0.50  -1.80  35.00  -431.0 -4963.0
 60.1430 15.9333  509   0.50  -1.80  35.00  -435.0 -4955.0
 60.1430 15.9333  510   0.50  -1.80  35.00  -427.0 -4963.0
 60.1430 15.9333  511   0.50  -1.80  35.00  -427.0 -4965.0
 60.1430 15.9333  512   0.50  -1.80  35.00  -427.0 -4963.0
 60.1430 15.9333  513   0.50  -1.80  35.00  -428.0 -4963.0
 60.1430 15.9333  514   0.50  -1.80  35.00  -427.0 -4956.0
 60.1430 15.9333  515   0.50  -1.80  35.00  -423.0 -4963.0
 60.1430 15.9333  516   0.50  -1.80  35.00  -431.0 -4959.0
 60.1430 15.9333  517   0.50  -1.80  35.00  -429.0 -4959.0
 60.1430 15.9333  518   0.50  -1.80  35.00  -427.0 -4955.0
 60.1430 15.9333  519   0.50  -1.80  35.00  -427.0 -4960.0
 60.1430 15.9333  520   0.50  -1.80  35.00  -423.0 -4955.0
 60.1430 15.9333  521   0.50  -1.80  35.00  -414.0 -4959.0
 60.1430 15.9333  522   0.50  -1.80  35.00  -409.0 -4747.0
 60.1430 15.9333  523   0.50  -1.80  35.00  -415.0 -4751.0
 60.1430 15.9333  524   0.50  -1.80  35.00  -416.0 -4747.0
 60.1430 15.9333  525   0.50  -1.80  35.00  -415.0 -4735.0
 60.1430 15.9333  526   0.50  -1.80  35.00  -412.0 -4752.0
 60.1430 15.9333  527   0.50  -1.80  35.00  -407.0 -4749.0
 60.1430 15.9333  528   0.50  -1.80  35.00  -407.0 -4745.0
 60.1430 15.9333  529   0.50  -1.80  35.00  -411.0 -4743.0
 60.1430 15.9333  530   0.50  -1.80  35.00  -412.0 -4743.0
 60.1430 15.9333  531   0.50  -1.80  35.00  -411.0 -4740.0
 60.1430 15.9334  532   0.50  -1.80  35.00  -408.0 -4743.0
 60.1430 15.9334  533   0.50  -1.80  35.00  -407.0 -4745.0
 60.1430 15.9333  534   0.50  -1.80  35.00  -415.0 -4749.0
 60.1430 15.9333  535   0.50  -1.80  35.00  -415.0 -4747.0
 60.1430 15.9333  536   0.50  -1.80  35.00  -415.0 -4733.0
 60.1430 15.9333  537   0.50  -1.80  35.00  -405.0 -4747.0
 60.1430 15.9333  538   0.50  -1.80  35.00  -411.0 -4743.0
 60.1430 15.9333  539   0.50  -1.80  35.00  -404.0 -4751.0
 60.1430 15.9333  540   0.50  -1.80  35.00  -408.0 -4743.0
 60.1430 15.9333  541   0.50  -1.80  35.00  -411.0 -4743.0
 60.1430 15.9334  542   0.50  -1.80  35.00  -419.0 -4747.0
 60.1430 15.9334  543   0.50  -1.80  35.00  -407.0 -4741.0
 60.1430 15.9333  544   0.50  -1.80  35.00  -403.0 -4747.0
 60.1430 15.9333  545   0.50  -1.80  35.00  -411.0 -4739.0
 60.1430 15.9334  546   0.50  -1.80  35.00  -407.0 -4739.0
 60.1430 15.9334  547   0.50  -1.80  35.00  -414.0 -4743.0
 60.1430 15.9333  548   0.50  -1.80  35.00  -408.0 -4745.0
 60.1430 15.9333  549   0.50  -1.80  35.00  -413.0 -4743.0
 60.1430 15.9333  550   0.50  -1.80  35.00  -411.0 -4751.0
 60.1430 15.9334  551   0.50  -1.80  35.00  -413.0 -4745.0
 60.1430 15.9333  552   0.50  -1.80  35.00  -409.0 -4741.0
 60.1430 15.9333  553   0.50  -1.80  35.00  -414.0 -4749.0
 60.1430 15.9333  554   0.50  -1.80  35.00  -407.0 -4741.0
 60.1430 15.9333  555   0.50  -1.80  35.00  -408.0 -4747.0
 60.1430 15.9333  556   0.50  -1.80  35.00  -415.0 -4729.0
 60.1430 15.9333  557   0.50  -1.80  35.00  -419.0 -4744.0
 60.1430 15.9333  558   0.50  -1.80  35.00  -411.0 -4743.0
 60.1430 15.9334  559   0.50  -1.80  35.00  -410.0 -4743.0
 60.1430 15.9334  560   0.50  -1.80  35.00  -427.0 -4737.0
 60.1430 15.9333  561   0.50  -1.80  35.00  -419.0 -4339.0
 60.1430 15.9333  562   0.50  -1.80  35.00  -419.0 -4335.0
 60.1430 15.9333  563   0.50  -1.80  35.00  -419.0 -4343.0
 60.1430 15.9333  564   0.50  -1.80  35.00  -419.0 -4339.0
 60.1431 15.9333  565   0.50  -1.80  35.00  -419.0 -4331.0
 60.1431 15.9333  566   0.50  -1.80  35.00  -425.0 -4333.0
 60.1430 15.9333  567   0.50  -1.80  35.00  -415.0 -4335.0
 60.1430 15.9333  568   0.50  -1.80  35.00  -423.0 -4348.0
 60.1430 15.9333  569   0.50  -1.80  35.00  -415.0 -4343.0
 60.1430 15.9333  570   0.50  -1.80  35.00  -427.0 -4339.0
 60.1430 15.9333  571   0.50  -1.80  35.00  -420.0 -4339.0
 60.1430 15.9333  572   0.50  -1.80  35.00  -411.0 -4331.0
 60.1430 15.9333  573   0.50  -1.80  35.00  -419.0 -4335.0
 60.1430 15.9333  574   0.50  -1.80  35.00  -421.0 -4340.0
 60.1430 15.9333  575   0.50  -1.80  35.00  -420.0 -4337.0
 60.1430 15.9333  576   0.50  -1.80  35.00  -416.0 -4335.0
 60.1430 15.9333  577   0.50  -1.80  35.00  -431.0 -4339.0
 60.1430 15.9333  578   0.50  -1.80  35.00  -423.0 -4339.0
 60.1430 15.9333  579   0.50  -1.80  35.00  -425.0 -4333.0
 60.1430 15.9333  580   0.50  -1.80  35.00  -427.0 -4339.0
 60.1430 15.9333  581   0.50  -1.80  35.00  -419.0 -4335.0
 60.1430 15.9333  582   0.50  -1.80  35.00  -421.0 -4335.0
 60.1430 15.9333  583   0.50  -1.80  35.00  -423.0 -4331.0
 60.1430 15.9333  584   0.50  -1.80  35.00  -419.0 -4337.0
 60.1430 15.9333  585   0.50  -1.80  35.00  -421.0 -4343.0
 60.1430 15.9333  586   0.50  -1.80  35.00  -419.0 -4337.0
 60.1430 15.9334  587   0.50  -1.80  35.00  -417.0 -4339.0
 60.1430 15.9333  588   0.50  -1.80  35.00  -413.0 -4335.0
 60.1430 15.9333  589   0.50  -1.80  35.00  -411.0 -4341.0
 60.1430 15.9333  590   0.50  -1.80  35.00  -420.0 -4337.0
 60.1430 15.9333  591   0.50  -1.80  35.00  -419.0 -4331.0
 60.1430 15.9333  592   0.50  -1.80  35.00  -421.0 -4337.0
 60.1430 15.9333  593   0.50  -1.80  35.00  -427.0 -4331.0
 60.1430 15.9333  594   0.50  -1.80  35.00  -416.0 -4331.0
 60.1430 15.9333  595   0.50  -1.80  35.00  -419.0 -4331.0
 60.1430 15.9333  596   0.50  -1.80  35.00  -415.0 -4332.0
 60.1430 15.9333  597   0.50  -1.80  35.00  -424.0 -4343.0
 60.1430 15.9333  598   0.50  -1.80  35.00  -427.0 -4335.0
 60.1430 15.9333  599   0.50  -1.80  35.00  -421.0 -4332.0
 60.1430 15.9333  600   0.50  -1.80  35.00  -411.0 -4337.0
 60.1430 15.9333  601   0.50  -1.80  35.00  -418.0 -4435.0
 60.1430 15.9333  602   0.50  -1.80  35.00  -412.0 -4435.0
 60.1430 15.9333  603   0.50  -1.80  35.00  -411.0 -4440.0
 60.1430 15.9333  604   0.50  -1.80  35.00  -417.0 -4435.0
 60.1430 15.9333  605   0.50  -1.80  35.00  -423.0 -4435.0
 60.1430 15.9333  606   0.50  -1.80  35.00  -417.0 -4431.0
 60.1430 15.9333  607   0.50  -1.80  35.00  -416.0 -4439.0
 60.1430 15.9333  608   0.50  -1.80  35.00  -421.0 -4435.0
 60.1430 15.9333  609   0.50  -1.80  35.00  -420.0 -4435.0
 60.1430 15.9333  610   0.50  -1.80  35.00  -421.0 -4443.0
 60.1430 15.9333  611   0.50  -1.80  35.00  -409.0 -4436.0
 60.1430 15.9333  612   0.50  -1.80  35.00  -411.0 -4435.0
 60.1430 15.9333  613   0.50  -1.80  35.00  -415.0 -4431.0
 60.1430 15.9333  614   0.50  -1.80  35.00  -423.0 -4435.0
 60.1430 15.9333  615   0.50  -1.80  35.00  -411.0 -4431.0
 60.1430 15.9333  616   0.50  -1.80  35.00  -409.0 -4433.0
 60.1430 15.9333  617   0.50  -1.80  35.00  -407.0 -4440.0
 60.1430 15.9333  618   0.50  -1.80  35.00  -411.0 -4435.0
 60.1430 15.9333  619   0.50  -1.80  35.00  -415.0 -4429.0
 60.1430 15.9333  620   0.50  -1.80  35.00  -414.0 -4438.0
 60.1430 15.9333  621   0.50  -1.80  35.00  -415.0 -4439.0
 60.1430 15.9333  622   0.50  -1.80  35.00  -419.0 -4435.0
 60.1430 15.9333  623   0.50  -1.80  35.00  -419.0 -4434.0
 60.1430 15.9333  624   0.50  -1.80  35.00  -412.0 -4431.0
 60.1430 15.9333  625   0.50  -1.80  35.00  -409.0 -4427.0
 60.1430 15.9333  626   0.50  -1.80  35.00  -419.0 -4427.0
 60.1430 15.9333  627   0.50  -1.80  35.00  -411.0 -4427.0
 60.1430 15.9333  628   0.50  -1.80  35.00  -415.0 -4428.0
 60.1430 15.9333  629   0.50  -1.80  35.00  -413.0 -4437.0
 60.1430 15.9333  630   0.50  -1.80  35.00  -419.0 -4435.0
 60.1430 15.9333  631   0.50  -1.80  35.00  -419.0 -4431.0
 60.1430 15.9333  632   0.50  -1.80  35.00  -416.0 -4440.0
 60.1430 15.9333  633   0.50  -1.80  35.00  -416.0 -4445.0
 60.1430 15.9333  634   0.50  -1.80  35.00  -411.0 -4427.0
 60.1430 15.9333  635   0.50  -1.80  35.00  -424.0 -4435.0
 60.1430 15.9333  636   0.50  -1.80  35.00  -419.0 -4433.0
 60.1430 15.9333  637   0.50  -1.80  35.00  -419.0 -4431.0
 60.1430 15.9333  638   0.50  -1.80  35.00  -415.0 -4435.0
 60.1430 15.9333  639   0.50  -1.80  35.00  -416.0 -4435.0
 60.1430 15.9334  640   0.50  -1.80  35.00  -415.0 -4431.0
 60.1430 15.9334  641   0.50  -1.80  35.00  -415.0 -4430.0
 60.1430 15.9333  642   0.50  -1.80  35.00  -425.0 -4437.0
 60.1430 15.9333  643   0.50  -1.80  35.00  -422.0 -4456.0
 60.1430 15.9333  644   0.50  -1.80  35.00  -422.0 -4651.0
 60.1430 15.9333  645   0.50  -1.80  35.00  -421.0 -4643.0
 60.1430 15.9333  646   0.50  -1.80  35.00  -419.0 -4635.0
 60.1430 15.9333  647   0.50  -1.80  35.00  -419.0 -4647.0
 60.1430 15.9333  648   0.50  -1.80  35.00  -419.0 -4647.0
 60.1430 15.9333  649   0.50  -1.80  35.00  -419.0 -4645.0
 60.1430 15.9333  650   0.50  -1.80  35.00  -419.0 -4641.0
 60.1430 15.9333  651   0.50  -1.80  35.00  -420.0 -4647.0
 60.1430 15.9333  652   0.50  -1.80  35.00  -419.0 -4643.0
 60.1430 15.9333  653   0.50  -1.80  35.00  -423.0 -4644.0
 60.1430 15.9333  654   0.50  -1.80  35.00  -419.0 -4651.0
 60.1430 15.9333  655   0.50  -1.80  35.00  -419.0 -4639.0
 60.1430 15.9333  656   0.50  -1.80  35.00  -415.0 -4635.0
 60.1430 15.9333  657   0.50  -1.80  35.00  -423.0 -4635.0
 60.1430 15.9333  658   0.50  -1.80  35.00  -423.0 -4644.0
 60.1430 15.9333  659   0.50  -1.80  35.00  -419.0 -4637.0
 60.1430 15.9333  660   0.50  -1.80  35.00  -427.0 -4644.0
 60.1430 15.9333  661   0.50  -1.80  35.00  -422.0 -4641.0
 60.1430 15.9333  662   0.50  -1.80  35.00  -427.0 -4640.0
 60.1430 15.9333  663   0.50  -1.80  35.00  -411.0 -4645.0
 60.1430 15.9333  664   0.50  -1.80  35.00  -419.0 -4639.0
 60.1430 15.9333  665   0.50  -1.80  35.00  -417.0 -4643.0
 60.1430 15.9333  666   0.50  -1.80  35.00  -427.0 -4643.0
 60.1430 15.9333  667   0.50  -1.80  35.00  -422.0 -4647.0
 60.1430 15.9333  668   0.50  -1.80  35.00  -427.0 -4644.0
 60.1430 15.9333  669   0.50  -1.80  35.00  -419.0 -4635.0
 60.1430 15.9333  670   0.50  -1.80  35.00  -427.0 -4644.0
 60.1430 15.9333  671   0.50  -1.80  35.00  -419.0 -4653.0
 60.1430 15.9333  672   0.50  -1.80  35.00  -423.0 -4639.0
 60.1430 15.9333  673   0.50  -1.80  35.00  -423.0 -4643.0
 60.1430 15.9333  674   0.50  -1.80  35.00  -415.0 -4643.0
 60.1430 15.9333  675   0.50  -1.80  35.00  -415.0 -4636.0
 60.1430 15.9333  676   0.50  -1.80  35.00  -423.0 -4643.0
 60.1430 15.9333  677   0.50  -1.80  35.00  -415.0 -4643.0
 60.1430 15.9333  678   0.50  -1.80  35.00  -421.0 -4645.0
 60.1430 15.9333  679   0.50  -1.80  35.00  -427.0 -4640.0
 60.1430 15.9333  680   0.50  -1.80  35.00  -423.0 -4643.0
 60.1430 15.9333  681   0.50  -1.80  35.00  -421.0 -4643.0
 60.1430 15.9333  682   0.50  -1.80  35.00  -412.0 -4639.0
 60.1430 15.9333  683   0.50  -1.80  35.00  -424.0 -4647.0
 60.1430 15.9333  684   0.50  -1.80  35.00  -424.0 -4647.0
 60.1430 15.9333  685   0.50  -1.80  35.00  -427.0 -4637.0
 60.1430 15.9333  686   0.50  -1.80  35.00  -415.0 -4651.0
 60.1430 15.9334  687   0.50  -1.80  35.00  -411.0 -4243.0
 60.1430 15.9333  688   0.50  -1.80  35.00  -411.0 -4235.0
 60.1430 15.9333  689   0.50  -1.80  35.00  -411.0 -4247.0
 60.1430 15.9333  690   0.50  -1.80  35.00  -399.0 -4243.0
 60.1430 15.9333  691   0.50  -1.80  35.00  -405.0 -4247.0
 60.1430 15.9333  692   0.50  -1.80  35.00  -407.0 -4247.0
 60.1430 15.9333  693   0.50  -1.80  35.00  -412.0 -4247.0
 60.1430 15.9333  694   0.50  -1.80  35.00  -401.0 -4248.0
 60.1430 15.9333  695   0.50  -1.80  35.00  -415.0 -4247.0
 60.1430 15.9333  696   0.50  -1.80  35.00  -408.0 -4241.0
 60.1430 15.9333  697   0.50  -1.80  35.00  -415.0 -4255.0
 60.1430 15.9333  698   0.50  -1.80  35.00  -415.0 -4239.0
 60.1430 15.9333  699   0.50  -1.80  35.00  -412.0 -4239.0
 60.1430 15.9333  700   0.50  -1.80  35.00  -410.0 -4241.0
 60.1430 15.9333  701   0.50  -1.80  35.00  -415.0 -4243.0
 60.1430 15.9333  702   0.50  -1.80  35.00  -413.0 -4247.0
 60.1430 15.9333  703   0.50  -1.80  35.00  -403.0 -4252.0
 60.1430 15.9333  704   0.50  -1.80  35.00  -399.0 -4247.0
 60.1430 15.9333  705   0.50  -1.80  35.00  -407.0 -4243.0
 60.1430 15.9333  706   0.50  -1.80  35.00  -411.0 -4243.0
 60.1430 15.9333  707   0.50  -1.80  35.00  -416.0 -4247.0
 60.1430 15.9333  708   0.50  -1.80  35.00  -407.0 -4243.0
 60.1430 15.9333  709   0.50  -1.80  35.00  -419.0 -4247.0
 60.1430 15.9333  710   0.50  -1.80  35.00  -409.0 -4245.0
 60.1430 15.9333  711   0.50  -1.80  35.00  -419.0 -4245.0
 60.1430 15.9333  712   0.50  -1.80  35.00  -419.0 -4245.0
 60.1431 15.9333  713   0.50  -1.80  35.00  -412.0 -4244.0
 60.1430 15.9333  714   0.50  -1.80  35.00  -412.0 -4243.0
 60.1430 15.9333  715   0.50  -1.80  35.00  -415.0 -4249.0
 60.1430 15.9333  716   0.50  -1.80  35.00  -411.0 -4239.0
 60.1430 15.9333  717   0.50  -1.80  35.00  -412.0 -4245.0
 60.1430 15.9333  718   0.50  -1.80  35.00  -412.0 -4239.0
 60.1430 15.9333  719   0.50  -1.80  35.00  -405.0 -4244.0
 60.1430 15.9333  720   0.50  -1.80  35.00  -417.0 -4247.0
 60.1430 15.9333  721   0.50  -1.80  35.00  -412.0 -4243.0
 60.1430 15.9333  722   0.50  -1.80  35.00  -413.0 -4239.0
 60.1430 15.9333  723   0.50  -1.80  35.00  -409.0 -4241.0
 60.1430 15.9333  724   0.50  -1.80  35.00  -414.0 -4251.0
 60.1430 15.9333  725   0.50  -1.80  35.00  -411.0 -4241.0
 60.1430 15.9333  726   0.50  -1.80  35.00  -415.0 -4243.0
 60.1430 15.9333  727   0.50  -1.80  35.00  -416.0 -4251.0
 60.1430 15.9333  728   0.50  -1.80  35.00  -416.0 -4243.0
 60.1430 15.9333  729   0.50  -1.80  35.00  -403.0 -4247.0
 60.1430 15.9333  730   0.50  -1.80  35.00  -401.0 -3843.0
 60.1430 15.9333  731   0.50  -1.80  35.00  -403.0 -3835.0
 60.1430 15.9333  732   0.50  -1.80  35.00  -401.0 -3836.0
 60.1430 15.9333  733   0.50  -1.80  35.00  -401.0 -3835.0
 60.1430 15.9333  734   0.50  -1.80  35.00  -403.0 -3835.0
 60.1430 15.9333  735   0.50  -1.80  35.00  -401.0 -3839.0
 60.1430 15.9333  736   0.50  -1.80  35.00  -399.0 -3835.0
 60.1430 15.9333  737   0.50  -1.80  35.00  -411.0 -3832.0
 60.1430 15.9333  738   0.50  -1.80  35.00  -399.0 -3840.0
 60.1430 15.9333  739   0.50  -1.80  35.00  -401.0 -3840.0
 60.1430 15.9333  740   0.50  -1.80  35.00  -401.0 -3827.0
 60.1430 15.9333  741   0.50  -1.80  35.00  -407.0 -3833.0
 60.1430 15.9333  742   0.50  -1.80  35.00  -400.0 -3835.0
 60.1430 15.9333  743   0.50  -1.80  35.00  -401.0 -3827.0
 60.1430 15.9333  744   0.50  -1.80  35.00  -411.0 -3835.0
 60.1430 15.9333  745   0.50  -1.80  35.00  -404.0 -3835.0
 60.1430 15.9333  746   0.50  -1.80  35.00  -405.0 -3835.0
 60.1430 15.9333  747   0.50  -1.80  35.00  -407.0 -3837.0
 60.1430 15.9333  748   0.50  -1.80  35.00  -401.0 -3835.0
 60.1430 15.9333  749   0.50  -1.80  35.00  -398.0 -3839.0
 60.1430 15.9333  750   0.50  -1.80  35.00  -401.0 -3836.0
 60.1430 15.9333  751   0.50  -1.80  35.00  -403.0 -3839.0
 60.1430 15.9333  752   0.50  -1.80  35.00  -403.0 -3833.0
 60.1430 15.9333  753   0.50  -1.80  35.00  -409.0 -3844.0
 60.1430 15.9333  754   0.50  -1.80  35.00  -404.0 -3837.0
 60.1430 15.9333  755   0.50  -1.80  35.00  -403.0 -3832.0
 60.1430 15.9333  756   0.50  -1.80  35.00  -399.0 -3843.0
 60.1430 15.9333  757   0.50  -1.80  35.00  -396.0 -3839.0
 60.1430 15.9333  758   0.50  -1.80  35.00  -376.0 -3841.0
 60.1430 15.9333  759   0.50  -1.80  35.00  -407.0 -3827.0
 60.1430 15.9333  760   0.50  -1.80  35.00  -407.0 -3833.0
 60.1430 15.9333  761   0.50  -1.80  35.00  -401.0 -3840.0
 60.1430 15.9333  762   0.50  -1.80  35.00  -403.0 -3825.0
 60.1430 15.9333  763   0.50  -1.80  35.00  -405.0 -3836.0
 60.1430 15.9333  764   0.50  -1.80  35.00  -403.0 -3839.0
 60.1430 15.9333  765   0.50  -1.80  35.00  -403.0 -3839.0
 60.1430 15.9333  766   0.50  -1.80  35.00  -407.0 -3843.0
 60.1430 15.9333  767   0.50  -1.80  35.00  -405.0 -3847.0
 60.1430 15.9333  768   0.50  -1.80  35.00  -399.0 -3833.0
 60.1430 15.9333  769   0.50  -1.80  35.00  -403.0 -2560.0
 60.1430 15.9333  770   0.50  -1.80  35.00  -403.0 -2553.0
 60.1430 15.9333  771   0.50  -1.80  35.00  -407.0 -2555.0
 60.1430 15.9333  772   0.50  -1.80  35.00  -401.0 -2560.0
 60.1430 15.9333  773   0.50  -1.80  35.00  -403.0 -2552.0
 60.1430 15.9333  774   0.50  -1.80  35.00  -401.0 -2563.0
 60.1430 15.9333  775   0.50  -1.80  35.00  -406.0 -2559.0
 60.1430 15.9333  776   0.50  -1.80  35.00  -401.0 -2555.0
 60.1430 15.9333  777   0.50  -1.80  35.00  -402.0 -2559.0
 60.1430 15.9333  778   0.50  -1.80  35.00  -407.0 -2555.0
 60.1430 15.9333  779   0.50  -1.80  35.00  -405.0 -2558.0
 60.1430 15.9333  780   0.50  -1.80  35.00  -403.0 -2552.0
 60.1430 15.9333  781   0.50  -1.80  35.00  -401.0 -2555.0
 60.1430 15.9333  782   0.50  -1.80  35.00  -405.0 -2547.0
 60.1430 15.9333  783   0.50  -1.80  35.00  -405.0 -2555.0
 60.1430 15.9333  784   0.50  -1.80  35.00  -404.0 -2553.0
 60.1430 15.9333  785   0.50  -1.80  35.00  -407.0 -2563.0
 60.1430 15.9333  786   0.50  -1.80  35.00  -403.0 -2563.0
 60.1430 15.9333  787   0.50  -1.80  35.00  -403.0 -2557.0
 60.1430 15.9333  788   0.50  -1.80  35.00  -395.0 -2555.0
 60.1430 15.9333  789   0.50  -1.80  35.00  -401.0 -2557.0
 60.1431 15.9333  790   0.50  -1.80  35.00  -407.0 -2561.0
 60.1431 15.9333  791   0.50  -1.80  35.00  -403.0 -2563.0
 60.1430 15.9333  792   0.50  -1.80  35.00  -405.0 -2560.0
 60.1430 15.9333  793   0.50  -1.80  35.00  -403.0 -2559.0
 60.1430 15.9333  794   0.50  -1.80  35.00  -404.0 -2565.0
 60.1430 15.9333  795   0.50  -1.80  35.00  -403.0 -2561.0
 60.1430 15.9333  796   0.50  -1.80  35.00  -399.0 -2559.0
 60.1430 15.9334  797   0.50  -1.80  35.00  -407.0 -2563.0
 60.1430 15.9334  798   0.50  -1.80  35.00  -399.0 -2563.0
 60.1430 15.9333  799   0.50  -1.80  35.00  -404.0 -2559.0
 60.1430 15.9333  800   0.50  -1.80  35.00  -399.0 -2555.0
 60.1430 15.9333  801   0.50  -1.80  35.00  -407.0 -2556.0
 60.1430 15.9333  802   0.50  -1.80  35.00  -409.0 -2555.0
 60.1430 15.9333  803   0.50  -1.80  35.00  -399.0 -2555.0
 60.1430 15.9333  804   0.50  -1.80  35.00  -401.0 -2560.0
 60.1430 15.9333  805   0.50  -1.80  35.00  -409.0 -2560.0
 60.1430 15.9333  806   0.50  -1.80  35.00  -411.0 -2560.0
 60.1430 15.9334  807   0.50  -1.80  35.00  -401.0 -2563.0
 60.1430 15.9334  808   0.50  -1.80  35.00  -411.0 -1615.0
 60.1430 15.9333  809   0.50  -1.80  35.00  -411.0 -1627.0
 60.1430 15.9333  810   0.50  -1.80  35.00  -415.0 -1615.0
 60.1430 15.9333  811   0.50  -1.80  35.00  -408.0 -1623.0
 60.1430 15.9333  812   0.50  -1.80  35.00  -420.0 -1617.0
 60.1430 15.9333  813   0.50  -1.80  35.00  -417.0 -1623.0
 60.1430 15.9333  814   0.50  -1.80  35.00  -411.0 -1617.0
 60.1430 15.9333  815   0.50  -1.80  35.00  -411.0 -1619.0
 60.1430 15.9333  816   0.50  -1.80  35.00  -411.0 -1617.0
 60.1430 15.9333  817   0.50  -1.80  35.00  -407.0 -1615.0
 60.1430 15.9333  818   0.50  -1.80  35.00  -419.0 -1617.0
 60.1430 15.9333  819   0.50  -1.80  35.00  -412.0 -1626.0
 60.1430 15.9333  820   0.50  -1.80  35.00  -411.0 -1626.0
 60.1430 15.9333  821   0.50  -1.80  35.00  -417.0 -1617.0
 60.1430 15.9333  822   0.50  -1.80  35.00  -415.0 -1619.0
 60.1430 15.9333  823   0.50  -1.80  35.00  -419.0 -1619.0
 60.1430 15.9333  824   0.50  -1.80  35.00  -411.0 -1622.0
 60.1430 15.9333  825   0.50  -1.80  35.00  -408.0 -1613.0
 60.1430 15.9333  826   0.50  -1.80  35.00  -411.0 -1635.0
 60.1430 15.9333  827   0.50  -1.80  35.00  -407.0 -1619.0
 60.1430 15.9333  828   0.50  -1.80  35.00  -407.0 -1613.0
 60.1430 15.9333  829   0.50  -1.80  35.00  -409.0 -1619.0
 60.1430 15.9333  830   0.50  -1.80  35.00  -416.0 -1623.0
 60.1430 15.9333  831   0.50  -1.80  35.00  -408.0 -1619.0
 60.1430 15.9333  832   0.50  -1.80  35.00  -409.0 -1617.0
 60.1430 15.9333  833   0.50  -1.80  35.00  -409.0 -1619.0
 60.1430 15.9333  834   0.50  -1.80  35.00  -405.0 -1623.0
 60.1430 15.9334  835   0.50  -1.80  35.00  -415.0 -1621.0
 60.1430 15.9334  836   0.50  -1.80  35.00  -412.0 -1619.0
 60.1430 15.9333  837   0.50  -1.80  35.00  -415.0 -1623.0
 60.1430 15.9333  838   0.50  -1.80  35.00  -415.0 -1623.0
 60.1430 15.9334  839   0.50  -1.80  35.00  -415.0 -1627.0
 60.1430 15.9334  840   0.50  -1.80  35.00  -399.0 -1617.0
 60.1430 15.9333  841   0.50  -1.80  35.00  -407.0 -1617.0
 60.1430 15.9333  842   0.50  -1.80  35.00  -411.0 -1616.0
 60.1430 15.9333  843   0.50  -1.80  35.00  -411.0 -1619.0
 60.1430 15.9333  844   0.50  -1.80  35.00  -409.0 -1612.0
 60.1430 15.9333  845   0.50  -1.80  35.00  -419.0 -1623.0
 60.1430 15.9333  846   0.50  -1.80  35.00  -411.0 -1623.0
 60.1430 15.9333  847   0.50  -1.80  35.00  -399.0 -1619.0
 60.1430 15.9333  848   0.50  -1.80  35.00  -411.0 -1622.0
 60.1430 15.9333  849   0.50  -1.80  35.00  -411.0 -1619.0
 60.1430 15.9333  850   0.50  -1.80  35.00  -415.0 -1619.0
 60.1430 15.9333  851   0.50  -1.80  35.00  -405.0  -913.0
 60.1430 15.9333  852   0.50  -1.80  35.00  -407.0  -915.0
 60.1430 15.9333  853   0.50  -1.80  35.00  -414.0  -919.0
 60.1430 15.9333  854   0.50  -1.80  35.00  -413.0  -923.0
 60.1430 15.9333  855   0.50  -1.80  35.00  -412.0  -923.0
 60.1430 15.9333  856   0.50  -1.80  35.00  -408.0  -919.0
 60.1430 15.9333  857   0.50  -1.80  35.00  -419.0  -920.0
 60.1430 15.9333  858   0.50  -1.80  35.00  -411.0  -925.0
 60.1430 15.9333  859   0.50  -1.80  35.00  -411.0  -915.0
 60.1430 15.9333  860   0.50  -1.80  35.00  -416.0  -923.0
 60.1430 15.9333  861   0.50  -1.80  35.00  -415.0  -920.0
 60.1430 15.9333  862   0.50  -1.80  35.00  -409.0  -928.0
 60.1430 15.9333  863   0.50  -1.80  35.00  -407.0  -923.0
 60.1430 15.9333  864   0.50  -1.80  35.00  -415.0  -919.0
 60.1430 15.9334  865   0.50  -1.80  35.00  -415.0  -923.0
 60.1430 15.9334  866   0.50  -1.80  35.00  -405.0  -927.0
 60.1430 15.9333  867   0.50  -1.80  35.00  -411.0  -928.0
 60.1430 15.9333  868   0.50  -1.80  35.00  -411.0  -925.0
 60.1430 15.9333  869   0.50  -1.80  35.00  -411.0  -927.0
 60.1431 15.9333  870   0.50  -1.80  35.00  -411.0  -926.0
 60.1431 15.9333  871   0.50  -1.80  35.00  -416.0  -927.0
 60.1430 15.9333  872   0.50  -1.80  35.00  -411.0  -917.0
 60.1430 15.9333  873   0.50  -1.80  35.00  -415.0  -920.0
 60.1430 15.9333  874   0.50  -1.80  35.00  -412.0  -921.0
 60.1430 15.9333  875   0.50  -1.80  35.00  -412.0  -927.0
 60.1430 15.9333  876   0.50  -1.80  35.00  -412.0  -927.0
 60.1430 15.9333  877   0.50  -1.80  35.00  -408.0  -919.0
 60.1430 15.9334  878   0.50  -1.80  35.00  -416.0  -917.0
 60.1430 15.9334  879   0.50  -1.80  35.00  -407.0  -927.0
 60.1431 15.9333  880   0.50  -1.80  35.00  -415.0  -923.0
 60.1431 15.9333  881   0.50  -1.80  35.00  -409.0  -927.0
 60.1430 15.9333  882   0.50  -1.80  35.00  -415.0  -927.0
 60.1430 15.9333  883   0.50  -1.80  35.00  -415.0  -924.0
 60.1430 15.9334  884   0.50  -1.80  35.00  -411.0  -919.0
 60.1430 15.9334  885   0.50  -1.80  35.00  -398.0  -923.0
 60.1430 15.9333  886   0.50  -1.80  35.00  -408.0  -939.0
 60.1430 15.9333  887   0.50  -1.80  35.00  -415.0  -919.0
 60.1430 15.9333  888   0.50  -1.80  35.00  -412.0  -924.0
 60.1431 15.9333  889   0.50  -1.80  35.00  -407.0  -923.0
 60.1431 15.9333  890   0.50  -1.80  35.00  -415.0  -926.0
 60.1430 15.9333  891   0.50  -1.80  35.00  -411.0  -911.0
 60.1430 15.9333  892   0.50  -1.80  35.00  -413.0  -923.0
 60.1430 15.9334  893   0.50  -1.80  35.00  -403.0  -920.0
 60.1430 15.9334  894   0.50  -1.80  35.00  -395.0  -767.0
 60.1430 15.9333  895   0.50  -1.80  35.00  -399.0  -767.0
 60.1430 15.9333  896   0.50  -1.80  35.00  -405.0  -767.0
 60.1430 15.9333  897   0.50  -1.80  35.00  -405.0  -767.0
 60.1430 15.9333  898   0.50  -1.80  35.00  -404.0  -771.0
 60.1430 15.9334  899   0.50  -1.80  35.00  -402.0  -776.0
 60.1430 15.9334  900   0.50  -1.80  35.00  -399.0  -757.0
 60.1430 15.9334  901   0.50  -1.80  35.00  -398.0  -759.0
 60.1431 15.9333  902   0.50  -1.80  35.00  -396.0  -765.0
 60.1431 15.9333  903   0.50  -1.80  35.00  -399.0  -767.0
 60.1431 15.9333  904   0.50  -1.80  35.00  -401.0  -767.0
 60.1430 15.9333  905   0.50  -1.80  35.00  -405.0  -763.0
 60.1430 15.9333  906   0.50  -1.80  35.00  -399.0  -767.0
 60.1430 15.9333  907   0.50  -1.80  35.00  -403.0  -771.0
 60.1430 15.9333  908   0.50  -1.80  35.00  -397.0  -763.0
 60.1430 15.9333  909   0.50  -1.80  35.00  -401.0  -771.0
 60.1430 15.9333  910   0.50  -1.80  35.00  -399.0  -767.0
 60.1430 15.9333  911   0.50  -1.80  35.00  -399.0  -771.0
 60.1430 15.9333  912   0.50  -1.80  35.00  -403.0  -767.0
 60.1430 15.9333  913   0.50  -1.80  35.00  -392.0  -771.0
 60.1430 15.9333  914   0.50  -1.80  35.00  -399.0  -761.0
 60.1430 15.9333  915   0.50  -1.80  35.00  -401.0  -773.0
 60.1430 15.9333  916   0.50  -1.80  35.00  -408.0  -767.0
 60.1430 15.9334  917   0.50  -1.80  35.00  -408.0  -771.0
 60.1430 15.9334  918   0.50  -1.80  35.00  -399.0  -771.0
 60.1430 15.9334  919   0.50  -1.80  35.00  -407.0  -767.0
 60.1430 15.9333  920   0.50  -1.80  35.00  -399.0  -763.0
 60.1430 15.9334  921   0.50  -1.80  35.00  -397.0  -771.0
 60.1430 15.9334  922   0.50  -1.80  35.00  -404.0  -769.0
 60.1430 15.9334  923   0.50  -1.80  35.00  -399.0  -767.0
 60.1430 15.9333  924   0.50  -1.80  35.00  -403.0  -771.0
 60.1430 15.9333  925   0.50  -1.80  35.00  -409.0  -767.0
 60.1430 15.9333  926   0.50  -1.80  35.00  -401.0  -771.0
 60.1430 15.9333  927   0.50  -1.80  35.00  -387.0  -764.0
 60.1430 15.9333  928   0.50  -1.80  35.00  -404.0  -761.0
 60.1430 15.9333  929   0.50  -1.80  35.00  -401.0  -759.0
 60.1430 15.9333  930   0.50  -1.80  35.00  -400.0  -760.0
 60.1430 15.9333  931   0.50  -1.80  35.00  -407.0  -769.0
 60.1430 15.9333  932   0.50  -1.80  35.00  -407.0  -576.0
 60.1430 15.9333  933   0.50  -1.80  35.00  -411.0  -571.0
 60.1430 15.9333  934   0.50  -1.80  35.00  -399.0  -571.0
 60.1430 15.9333  935   0.50  -1.80  35.00  -407.0  -569.0
 60.1430 15.9333  936   0.50  -1.80  35.00  -403.0  -571.0
 60.1430 15.9333  937   0.50  -1.80  35.00  -411.0  -574.0
 60.1430 15.9333  938   0.50  -1.80  35.00  -405.0  -571.0
 60.1430 15.9333  939   0.50  -1.80  35.00  -407.0  -573.0
 60.1430 15.9333  940   0.50  -1.80  35.00  -409.0  -567.0
 60.1430 15.9333  941   0.50  -1.80  35.00  -408.0  -571.0
 60.1430 15.9333  942   0.50  -1.80  35.00  -408.0  -571.0
 60.1430 15.9333  943   0.50  -1.80  35.00  -401.0  -567.0
 60.1430 15.9333  944   0.50  -1.80  35.00  -404.0  -571.0
 60.1430 15.9334  945   0.50  -1.80  35.00  -413.0  -577.0
 60.1430 15.9334  946   0.50  -1.80  35.00  -396.0  -571.0
 60.1430 15.9334  947   0.50  -1.80  35.00  -403.0  -571.0
 60.1430 15.9334  948   0.50  -1.80  35.00  -408.0  -575.0
 60.1430 15.9334  949   0.50  -1.80  35.00  -411.0  -575.0
 60.1430 15.9334  950   0.50  -1.80  35.00  -405.0  -571.0
 60.1431 15.9334  951   0.50  -1.80  35.00  -401.0  -579.0
 60.1431 15.9334  952   0.50  -1.80  35.00  -404.0  -577.0
 60.1431 15.9334  953   0.50  -1.80  35.00  -411.0  -572.0
 60.1430 15.9334  954   0.50  -1.80  35.00  -403.0  -568.0
 60.1430 15.9334  955   0.50  -1.80  35.00  -401.0  -571.0
 60.1430 15.9333  956   0.50  -1.80  35.00  -407.0  -571.0
 60.1430 15.9333  957   0.50  -1.80  35.00  -405.0  -567.0
 60.1430 15.9334  958   0.50  -1.80  35.00  -407.0  -576.0
 60.1430 15.9334  959   0.50  -1.80  35.00  -405.0  -573.0
 60.1430 15.9333  960   0.50  -1.80  35.00  -401.0  -571.0
 60.1430 15.9333  961   0.50  -1.80  35.00  -403.0  -575.0
 60.1430 15.9333  962   0.50  -1.80  35.00  -407.0  -577.0
 60.1430 15.9333  963   0.50  -1.80  35.00  -411.0  -580.0
 60.1430 15.9333  964   0.50  -1.80  35.00  -407.0  -571.0
 60.1430 15.9333  965   0.50  -1.80  35.00  -411.0  -571.0
 60.1430 15.9333  966   0.50  -1.80  35.00  -416.0  -571.0
 60.1431 15.9333  967   0.50  -1.80  35.00  -409.0  -571.0
 60.1431 15.9333  968   0.50  -1.80  35.00  -399.0  -579.0
 60.1430 15.9333  969   0.50  -1.80  35.00  -401.0  -575.0
 60.1430 15.9333  970   0.50  -1.80  35.00  -399.0  -583.0
 60.1430 15.9334  971   0.50  -1.80  35.00  -403.0  -569.0
 60.1430 15.9334  972   0.50  -1.80  35.00  -407.0  -579.0
 60.1430 15.9333  973   0.50  -1.80  35.00  -407.0  -575.0
 60.1430 15.9333  974   0.50  -1.80  35.00  -411.0  -576.0
 60.1430 15.9333  975   0.50  -1.80  35.00  -411.0   -83.0
 60.1430 15.9334  976   0.50  -1.80  35.00  -406.0   -75.0
 60.1430 15.9333  977   0.50  -1.80  35.00  -403.0   -79.0
 60.1430 15.9333  978   0.50  -1.80  35.00  -407.0   -73.0
 60.1430 15.9333  979   0.50  -1.80  35.00  -407.0   -75.0
 60.1430 15.9334  980   0.50  -1.80  35.00  -411.0   -76.0
 60.1430 15.9334  981   0.50  -1.80  35.00  -407.0   -75.0
 60.1430 15.9333  982   0.50  -1.80  35.00  -405.0   -71.0
 60.1430 15.9334  983   0.50  -1.80  35.00  -401.0   -71.0
 60.1430 15.9334  984   0.50  -1.80  35.00  -411.0   -76.0
 60.1430 15.9333  985   0.50  -1.80  35.00  -411.0   -71.0
 60.1430 15.9333  986   0.50  -1.80  35.00  -405.0   -77.0
 60.1430 15.9334  987   0.50  -1.80  35.00  -407.0   -79.0
 60.1430 15.9334  988   0.50  -1.80  35.00  -411.0   -77.0
 60.1430 15.9334  989   0.50  -1.80  35.00  -407.0   -81.0
 60.1430 15.9334  990   0.50  -1.80  35.00  -407.0   -75.0
 60.1430 15.9334  991   0.50  -1.80  35.00  -397.0   -73.0
 60.1430 15.9333  992   0.50  -1.80  35.00  -406.0   -79.0
 60.1430 15.9333  993   0.50  -1.80  35.00  -409.0   -69.0
 60.1430 15.9334  994   0.50  -1.80  35.00  -412.0   -71.0
 60.1430 15.9334  995   0.50  -1.80  35.00  -407.0   -76.0
 60.1430 15.9334  996   0.50  -1.80  35.00  -411.0   -76.0
 60.1430 15.9334  997   0.50  -1.80  35.00  -405.0   -77.0
 60.1430 15.9334  998   0.50  -1.80  35.00  -407.0   -71.0
 60.1430 15.9334  999   0.50  -1.80  35.00  -405.0   -75.0
