 60.1430 15.9334    0   0.50  -1.80  35.00  -443.0  5097.0
 60.1429 15.9334    1   0.50  -1.80  35.00  -440.0  5097.0
 60.1429 15.9334    2   0.50  -1.80  35.00  -443.0  5109.0
 60.1430 15.9334    3   0.50  -1.80  35.00  -447.0  5105.0
 60.1430 15.9334    4   0.50  -1.80  35.00  -443.0  5097.0
 60.1430 15.9333    5   0.50  -1.80  35.00  -445.0  5101.0
 60.1430 15.9333    6   0.50  -1.80  35.00  -436.0  5097.0
 60.1430 15.9333    7   0.50  -1.80  35.00  -436.0  5099.0
 60.1429 15.9333    8   0.50  -1.80  35.00  -437.0  5092.0
 60.1429 15.9333    9   0.50  -1.80  35.00  -441.0  5097.0
 60.1430 15.9333   10   0.50  -1.80  35.00  -443.0  5101.0
 60.1430 15.9333   11   0.50  -1.80  35.00  -447.0  5101.0
 60.1430 15.9333   12   0.50  -1.80  35.00  -443.0  5101.0
 60.1430 15.9334   13   0.50  -1.80  35.00  -439.0  5105.0
 60.1430 15.9334   14   0.50  -1.80  35.00  -440.0  5113.0
 60.1430 15.9334   15   0.50  -1.80  35.00  -439.0  5103.0
 60.1430 15.9333   16   0.50  -1.80  35.00  -451.0  5093.0
 60.1430 15.9333   17   0.50  -1.80  35.00  -441.0  5101.0
 60.1429 15.9333   18   0.50  -1.80  35.00  -440.0  5101.0
 60.1429 15.9333   19   0.50  -1.80  35.00  -439.0  5093.0
 60.1430 15.9334   20   0.50  -1.80  35.00  -437.0  5099.0
 60.1430 15.9334   21   0.50  -1.80  35.00  -441.0  5098.0
 60.1430 15.9333   22   0.50  -1.80  35.00  -437.0  5095.0
 60.1430 15.9333   23   0.50  -1.80  35.00  -439.0  5095.0
 60.1430 15.9334   24   0.50  -1.80  35.00  -439.0  5099.0
 60.1430 15.9334   25   0.50  -1.80  35.00  -447.0  5097.0
 60.1430 15.9334   26   0.50  -1.80  35.00  -441.0  5101.0
 60.1430 15.9334   27   0.50  -1.80  35.00  -445.0  5145.0
 60.1430 15.9334   28   0.50  -1.80  35.00  -441.0  5149.0
 60.1430 15.9334   29   0.50  -1.80  35.00  -443.0  5145.0
 60.1429 15.9334   30   0.50  -1.80  35.00  -443.0  5141.0
 60.1430 15.9334   31   0.50  -1.80  35.00  -451.0  5140.0
 60.1430 15.9334   32   0.50  -1.80  35.00  -444.0  5140.0
 60.1430 15.9334   33   0.50  -1.80  35.00  -443.0  5137.0
 60.1430 15.9334   34   0.50  -1.80  35.00  -441.0  5144.0
 60.1430 15.9334   35   0.50  -1.80  35.00  -447.0  5147.0
 60.1430 15.9333   36   0.50  -1.80  35.00  -443.0  5144.0
 60.1430 15.9334   37   0.50  -1.80  35.00  -445.0  5151.0
 60.1430 15.9334   38   0.50  -1.80  35.00  -443.0  5145.0
 60.1429 15.9334   39   0.50  -1.80  35.00  -437.0  5145.0
 60.1429 15.9334   40   0.50  -1.80  35.00  -443.0  5141.0
 60.1430 15.9334   41   0.50  -1.80  35.00  -449.0  5145.0
 60.1429 15.9334   42   0.50  -1.80  35.00  -444.0  5146.0
 60.1429 15.9334   43   0.50  -1.80  35.00  -443.0  5141.0
 60.1429 15.9334   44   0.50  -1.80  35.00  -441.0  5145.0
 60.1430 15.9334   45   0.50  -1.80  35.00  -447.0  5153.0
 60.1430 15.9334   46   0.50  -1.80  35.00  -439.0  5145.0
 60.1430 15.9334   47   0.50  -1.80  35.00  -443.0  5142.0
 60.1430 15.9334   48   0.50  -1.80  35.00  -455.0  5145.0
 60.1430 15.9334   49   0.50  -1.80  35.00  -438.0  5137.0
 60.1430 15.9334   50   0.50  -1.80  35.00  -447.0  5141.0
 60.1430 15.9333   51   0.50  -1.80  35.00  -443.0  5124.0
 60.1430 15.9333   52   0.50  -1.80  35.00  -443.0  5148.0
 60.1429 15.9333   53   0.50  -1.80  35.00  -455.0  5133.0
 60.1430 15.9334   54   0.50  -1.80  35.00  -439.0  5133.0
 60.1430 15.9334   55   0.50  -1.80  35.00  -458.0  5137.0
 60.1429 15.9333   56   0.50  -1.80  35.00  -443.0  5135.0
 60.1430 15.9334   57   0.50  -1.80  35.00  -457.0  5142.0
 60.1430 15.9334   58   0.50  -1.80  35.00  -439.0  5145.0
 60.1430 15.9334   59   0.50  -1.80  35.00  -439.0  5139.0
 60.1430 15.9334   60   0.50  -1.80  35.00  -439.0  5141.0
 60.1430 15.9334   61   0.50  -1.80  35.00  -443.0  5141.0
 60.1430 15.9334   62   0.50  -1.80  35.00  -451.0  5141.0
 60.1430 15.9334   63   0.50  -1.80  35.00  -451.0  5141.0
 60.1429 15.9333   64   0.50  -1.80  35.00  -443.0  5140.0
 60.1429 15.9333   65   0.50  -1.80  35.00  -439.0  5149.0
 60.1430 15.9334   66   0.50  -1.80  35.00  -439.0  5211.0
 60.1430 15.9334   67   0.50  -1.80  35.00  -437.0  5213.0
 60.1430 15.9334   68   0.50  -1.80  35.00  -441.0  5209.0
 60.1430 15.9334   69   0.50  -1.80  35.00  -433.0  5201.0
 60.1430 15.9334   70   0.50  -1.80  35.00  -443.0  5212.0
 60.1430 15.9334   71   0.50  -1.80  35.00  -442.0  5205.0
 60.1430 15.9334   72   0.50  -1.80  35.00  -443.0  5220.0
 60.1430 15.9333   73   0.50  -1.80  35.00  -443.0  5205.0
 60.1430 15.9333   74   0.50  -1.80  35.00  -438.0  5207.0
 60.1430 15.9334   75   0.50  -1.80  35.00  -439.0  5213.0
 60.1430 15.9334   76   0.50  -1.80  35.00  -443.0  5209.0
 60.1430 15.9334   77   0.50  -1.80  35.00  -443.0  5220.0
 60.1430 15.9334   78   0.50  -1.80  35.00  -441.0  5209.0
 60.1430 15.9334   79   0.50  -1.80  35.00  -451.0  5209.0
 60.1430 15.9334   80   0.50  -1.80  35.00  -440.0  5205.0
 60.1429 15.9333   81   0.50  -1.80  35.00  -433.0  5205.0
 60.1430 15.9334   82   0.50  -1.80  35.00  -443.0  5209.0
 60.1430 15.9334   83   0.50  -1.80  35.00  -436.0  5205.0
 60.1430 15.9334   84   0.50  -1.80  35.00  -438.0  5205.0
 60.1430 15.9334   85   0.50  -1.80  35.00  -447.0  5209.0
 60.1430 15.9334   86   0.50  -1.80  35.00  -441.0  5208.0
 60.1430 15.9334   87   0.50  -1.80  35.00  -435.0  5207.0
 60.1430 15.9334   88   0.50  -1.80  35.00  -443.0  5207.0
 60.1430 15.9334   89   0.50  -1.80  35.00  -448.0  5208.0
 60.1429 15.9334   90   0.50  -1.80  35.00  -427.0  5205.0
 60.1429 15.9334   91   0.50  -1.80  35.00  -441.0  5207.0
 60.1430 15.9334   92   0.50  -1.80  35.00  -444.0  5208.0
 60.1430 15.9334   93   0.50  -1.80  35.00  -445.0  5209.0
 60.1430 15.9334   94   0.50  -1.80  35.00  -447.0  5204.0
 60.1430 15.9334   95   0.50  -1.80  35.00  -431.0  5210.0
 60.1430 15.9334   96   0.50  -1.80  35.00  -444.0  5205.0
 60.1430 15.9334   97   0.50  -1.80  35.00  -443.0  5214.0
 60.1430 15.9334   98   0.50  -1.80  35.00  -439.0  5197.0
 60.1430 15.9334   99   0.50  -1.80  35.00  -427.0  5209.0
 60.1430 15.9334  100   0.50  -1.80  35.00  -441.0  5213.0
 60.1430 15.9334  101   0.50  -1.80  35.00  -439.0  5204.0
 60.1430 15.9333  102   0.50  -1.80  35.00  -447.0  5207.0
 60.1430 15.9333  103   0.50  -1.80  35.00  -443.0  5213.0
 60.1430 15.9334  104   0.50  -1.80  35.00  -435.0  5211.0
 60.1430 15.9334  105   0.50  -1.80  35.00  -444.0  5213.0
 60.1430 15.9333  106   0.50  -1.80  35.00  -437.0  5213.0
 60.1430 15.9333  107   0.50  -1.80  35.00  -441.0  5205.0
 60.1430 15.9334  108   0.50  -1.80  35.00  -447.0  5211.0
 60.1430 15.9334  109   0.50  -1.80  35.00  -447.0  5437.0
 60.1430 15.9334  110   0.50  -1.80  35.00  -443.0  5433.0
 60.1430 15.9334  111   0.50  -1.80  35.00  -451.0  5429.0
 60.1430 15.9334  112   0.50  -1.80  35.00  -441.0  5429.0
 60.1430 15.9334  113   0.50  -1.80  35.00  -448.0  5433.0
 60.1430 15.9334  114   0.50  -1.80  35.00  -444.0  5431.0
 60.1430 15.9334  115   0.50  -1.80  35.00  -439.0  5429.0
 60.1430 15.9334  116   0.50  -1.80  35.00  -451.0  5433.0
 60.1430 15.9334  117   0.50  -1.80  35.00  -447.0  5433.0
 60.1430 15.9334  118   0.50  -1.80  35.00  -447.0  5425.0
 60.1430 15.9334  119   0.50  -1.80  35.00  -444.0  5429.0
 60.1430 15.9334  120   0.50  -1.80  35.00  -445.0  5435.0
 60.1430 15.9333  121   0.50  -1.80  35.00  -443.0  5441.0
 60.1430 15.9333  122   0.50  -1.80  35.00  -443.0  5431.0
 60.1430 15.9334  123   0.50  -1.80  35.00  -452.0  5429.0
 60.1430 15.9334  124   0.50  -1.80  35.00  -447.0  5436.0
 60.1430 15.9333  125   0.50  -1.80  35.00  -449.0  5437.0
 60.1430 15.9333  126   0.50  -1.80  35.00  -447.0  5431.0
 60.1430 15.9334  127   0.50  -1.80  35.00  -443.0  5433.0
 60.1430 15.9334  128   0.50  -1.80  35.00  -451.0  5429.0
 60.1430 15.9334  129   0.50  -1.80  35.00  -448.0  5427.0
 60.1429 15.9333  130   0.50  -1.80  35.00  -448.0  5431.0
 60.1429 15.9333  131   0.50  -1.80  35.00  -443.0  5424.0
 60.1430 15.9333  132   0.50  -1.80  35.00  -447.0  5440.0
 60.1430 15.9333  133   0.50  -1.80  35.00  -443.0  5435.0
 60.1430 15.9333  134   0.50  -1.80  35.00  -451.0  5429.0
 60.1430 15.9334  135   0.50  -1.80  35.00  -451.0  5429.0
 60.1430 15.9334  136   0.50  -1.80  35.00  -447.0  5425.0
 60.1430 15.9334  137   0.50  -1.80  35.00  -437.0  5428.0
 60.1430 15.9334  138   0.50  -1.80  35.00  -449.0  5435.0
 60.1430 15.9334  139   0.50  -1.80  35.00  -451.0  5427.0
 60.1430 15.9333  140   0.50  -1.80  35.00  -447.0  5431.0
 60.1430 15.9333  141   0.50  -1.80  35.00  -451.0  5425.0
 60.1430 15.9333  142   0.50  -1.80  35.00  -451.0  5427.0
 60.1430 15.9333  143   0.50  -1.80  35.00  -451.0  5434.0
 60.1430 15.9334  144   0.50  -1.80  35.00  -444.0  5434.0
 60.1430 15.9334  145   0.50  -1.80  35.00  -439.0  5433.0
 60.1430 15.9334  146   0.50  -1.80  35.00  -451.0  5433.0
 60.1430 15.9334  147   0.50  -1.80  35.00  -451.0  5429.0
 60.1430 15.9334  148   0.50  -1.80  35.00  -451.0  5433.0
 60.1430 15.9333  149   0.50  -1.80  35.00  -445.0  5429.0
 60.1430 15.9333  150   0.50  -1.80  35.00  -447.0  5432.0
 60.1430 15.9333  151   0.50  -1.80  35.00  -447.0  5435.0
 60.1430 15.9333  152   0.50  -1.80  35.00  -443.0  5809.0
 60.1430 15.9333  153   0.50  -1.80  35.00  -439.0  5821.0
 60.1430 15.9333  154   0.50  -1.80  35.00  -439.0  5813.0
 60.1430 15.9333  155   0.50  -1.80  35.00  -436.0  5813.0
 60.1430 15.9334  156   0.50  -1.80  35.00  -448.0  5817.0
 60.1430 15.9334  157   0.50  -1.80  35.00  -444.0  5807.0
 60.1430 15.9334  158   0.50  -1.80  35.00  -443.0  5816.0
 60.1430 15.9334  159   0.50  -1.80  35.00  -444.0  5817.0
 60.1429 15.9333  160   0.50  -1.80  35.00  -439.0  5812.0
 60.1429 15.9333  161   0.50  -1.80  35.00  -437.0  5813.0
 60.1430 15.9333  162   0.50  -1.80  35.00  -447.0  5812.0
 60.1430 15.9333  163   0.50  -1.80  35.00  -433.0  5813.0
 60.1430 15.9334  164   0.50  -1.80  35.00  -445.0  5812.0
 60.1430 15.9334  165   0.50  -1.80  35.00  -443.0  5808.0
 60.1430 15.9333  166   0.50  -1.80  35.00  -443.0  5821.0
 60.1430 15.9333  167   0.50  -1.80  35.00  -447.0  5817.0
 60.1430 15.9334  168   0.50  -1.80  35.00  -443.0  5807.0
 60.1430 15.9334  169   0.50  -1.80  35.00  -435.0  5817.0
 60.1430 15.9334  170   0.50  -1.80  35.00  -443.0  5815.0
 60.1430 15.9334  171   0.50  -1.80  35.00  -445.0  5813.0
 60.1430 15.9334  172   0.50  -1.80  35.00  -440.0  5819.0
 60.1430 15.9334  173   0.50  -1.80  35.00  -443.0  5805.0
 60.1430 15.9334  174   0.50  -1.80  35.00  -448.0  5809.0
 60.1430 15.9334  175   0.50  -1.80  35.00  -443.0  5817.0
 60.1430 15.9334  176   0.50  -1.80  35.00  -445.0  5813.0
 60.1430 15.9334  177   0.50  -1.80  35.00  -440.0  5811.0
 60.1430 15.9334  178   0.50  -1.80  35.00  -447.0  5815.0
 60.1430 15.9333  179   0.50  -1.80  35.00  -441.0  5813.0
 60.1430 15.9334  180   0.50  -1.80  35.00  -443.0  5809.0
 60.1430 15.9334  181   0.50  -1.80  35.00  -443.0  5813.0
 60.1430 15.9334  182   0.50  -1.80  35.00  -447.0  5807.0
 60.1430 15.9334  183   0.50  -1.80  35.00  -437.0  5805.0
 60.1430 15.9333  184   0.50  -1.80  35.00  -445.0  5809.0
 60.1430 15.9334  185   0.50  -1.80  35.00  -447.0  5809.0
 60.1430 15.9334  186   0.50  -1.80  35.00  -443.0  5802.0
 60.1430 15.9334  187   0.50  -1.80  35.00  -440.0  5811.0
 60.1430 15.9334  188   0.50  -1.80  35.00  -441.0  5813.0
 60.1430 15.9334  189   0.50  -1.80  35.00  -435.0  5813.0
 60.1430 15.9334  190   0.50  -1.80  35.00  -440.0  5805.0
 60.1430 15.9334  191   0.50  -1.80  35.00  -435.0 -5667.0
 60.1430 15.9334  192   0.50  -1.80  35.00  -439.0 -5659.0
 60.1430 15.9334  193   0.50  -1.80  35.00  -439.0 -5653.0
 60.1430 15.9333  194   0.50  -1.80  35.00  -440.0 -5645.0
 60.1430 15.9333  195   0.50  -1.80  35.00  -435.0 -5651.0
 60.1430 15.9333  196   0.50  -1.80  35.00  -437.0 -5651.0
 60.1430 15.9333  197   0.50  -1.80  35.00  -443.0 -5649.0
 60.1429 15.9333  198   0.50  -1.80  35.00  -439.0 -5643.0
 60.1429 15.9333  199   0.50  -1.80  35.00  -444.0 -5653.0
 60.1430 15.9334  200   0.50  -1.80  35.00  -436.0 -5649.0
 60.1430 15.9334  201   0.50  -1.80  35.00  -436.0 -5641.0
 60.1430 15.9334  202   0.50  -1.80  35.00  -433.0 -5645.0
 60.1430 15.9334  203   0.50  -1.80  35.00  -437.0 -5645.0
 60.1430 15.9334  204   0.50  -1.80  35.00  -442.0 -5637.0
 60.1430 15.9334  205   0.50  -1.80  35.00  -439.0 -5636.0
 60.1430 15.9333  206   0.50  -1.80  35.00  -444.0 -5641.0
 60.1430 15.9333  207   0.50  -1.80  35.00  -427.0 -5644.0
 60.1430 15.9333  208   0.50  -1.80  35.00  -439.0 -5640.0
 60.1430 15.9333  209   0.50  -1.80  35.00  -439.0 -5637.0
 60.1430 15.9334  210   0.50  -1.80  35.00  -439.0 -5642.0
 60.1430 15.9334  211   0.50  -1.80  35.00  -442.0 -5636.0
 60.1430 15.9333  212   0.50  -1.80  35.00  -435.0 -5636.0
 60.1430 15.9333  213   0.50  -1.80  35.00  -443.0 -5632.0
 60.1430 15.9334  214   0.50  -1.80  35.00  -437.0 -5636.0
 60.1430 15.9334  215   0.50  -1.80  35.00  -446.0 -5628.0
 60.1430 15.9333  216   0.50  -1.80  35.00  -435.0 -5638.0
 60.1430 15.9333  217   0.50  -1.80  35.00  -439.0 -5638.0
 60.1430 15.9334  218   0.50  -1.80  35.00  -443.0 -5633.0
 60.1430 15.9334  219   0.50  -1.80  35.00  -435.0 -5633.0
 60.1430 15.9334  220   0.50  -1.80  35.00  -443.0 -5635.0
 60.1430 15.9334  221   0.50  -1.80  35.00  -439.0 -5632.0
 60.1430 15.9334  222   0.50  -1.80  35.00  -440.0 -5635.0
 60.1430 15.9334  223   0.50  -1.80  35.00  -439.0 -5632.0
 60.1430 15.9334  224   0.50  -1.80  35.00  -435.0 -5627.0
 60.1430 15.9333  225   0.50  -1.80  35.00  -433.0 -5632.0
 60.1430 15.9333  226   0.50  -1.80  35.00  -445.0 -5639.0
 60.1430 15.9334  227   0.50  -1.80  35.00  -433.0 -5628.0
 60.1430 15.9333  228   0.50  -1.80  35.00  -436.0 -5635.0
 60.1430 15.9333  229   0.50  -1.80  35.00  -435.0 -5635.0
 60.1430 15.9333  230   0.50  -1.80  35.00  -435.0 -5623.0
 60.1430 15.9333  231   0.50  -1.80  35.00  -435.0 -5631.0
 60.1430 15.9333  232   0.50  -1.80  35.00  -433.0 -5623.0
 60.1429 15.9334  233   0.50  -1.80  35.00  -429.0 -5639.0
 60.1430 15.9333  234   0.50  -1.80  35.00  -431.0 -5243.0
 60.1430 15.9333  235   0.50  -1.80  35.00  -433.0 -5237.0
 60.1430 15.9333  236   0.50  -1.80  35.00  -427.0 -5241.0
 60.1430 15.9333  237   0.50  -1.80  35.00  -431.0 -5235.0
 60.1430 15.9333  238   0.50  -1.80  35.00  -431.0 -5239.0
 60.1430 15.9333  239   0.50  -1.80  35.00  -423.0 -5235.0
 60.1430 15.9333  240   0.50  -1.80  35.00  -427.0 -5235.0
 60.1430 15.9333  241   0.50  -1.80  35.00  -423.0 -5231.0
 60.1429 15.9333  242   0.50  -1.80  35.00  -439.0 -5235.0
 60.1429 15.9333  243   0.50  -1.80  35.00  -427.0 -5236.0
 60.1429 15.9333  244   0.50  -1.80  35.00  -427.0 -5233.0
 60.1430 15.9333  245   0.50  -1.80  35.00  -427.0 -5235.0
 60.1430 15.9333  246   0.50  -1.80  35.00  -427.0 -5233.0
 60.1430 15.9333  247   0.50  -1.80  35.00  -427.0 -5241.0
 60.1430 15.9333  248   0.50  -1.80  35.00  -423.0 -5235.0
 60.1430 15.9333  249   0.50  -1.80  35.00  -429.0 -5235.0
 60.1430 15.9333  250   0.50  -1.80  35.00  -423.0 -5228.0
 60.1430 15.9334  251   0.50  -1.80  35.00  -428.0 -5237.0
 60.1430 15.9334  252   0.50  -1.80  35.00  -420.0 -5239.0
 60.1430 15.9333  253   0.50  -1.80  35.00  -423.0 -5231.0
 60.1430 15.9333  254   0.50  -1.80  35.00  -429.0 -5233.0
 60.1430 15.9333  255   0.50  -1.80  35.00  -423.0 -5239.0
 60.1430 15.9333  256   0.50  -1.80  35.00  -434.0 -5239.0
 60.1429 15.9333  257   0.50  -1.80  35.00  -431.0 -5237.0
 60.1429 15.9333  258   0.50  -1.80  35.00  -428.0 -5233.0
 60.1430 15.9333  259   0.50  -1.80  35.00  -427.0 -5231.0
 60.1430 15.9333  260   0.50  -1.80  35.00  -430.0 -5229.0
 60.1430 15.9333  261   0.50  -1.80  35.00  -423.0 -5239.0
 60.1430 15.9333  262   0.50  -1.80  35.00  -428.0 -5231.0
 60.1430 15.9334  263   0.50  -1.80  35.00  -427.0 -5228.0
 60.1430 15.9333  264   0.50  -1.80  35.00  -431.0 -5227.0
 60.1430 15.9333  265   0.50  -1.80  35.00  -425.0 -5233.0
 60.1430 15.9333  266   0.50  -1.80  35.00  -427.0 -5239.0
 60.1430 15.9334  267   0.50  -1.80  35.00  -421.0 -5245.0
 60.1430 15.9334  268   0.50  -1.80  35.00  -424.0 -5225.0
 60.1430 15.9334  269   0.50  -1.80  35.00  -425.0 -5233.0
 60.1430 15.9334  270   0.50  -1.80  35.00  -429.0 -5244.0
 60.1430 15.9334  271   0.50  -1.80  35.00  -429.0 -5227.0
 60.1430 15.9333  272   0.50  -1.80  35.00  -427.0 -5232.0
 60.1430 15.9333  273   0.50  -1.80  35.00  -407.0 -5235.0
 60.1430 15.9334  274   0.50  -1.80  35.00  -419.0 -4797.0
 60.1430 15.9333  275   0.50  -1.80  35.00  -415.0 -4796.0
 60.1430 15.9333  276   0.50  -1.80  35.00  -419.0 -4794.0
 60.1430 15.9333  277   0.50  -1.80  35.00  -419.0 -4805.0
 60.1430 15.9333  278   0.50  -1.80  35.00  -417.0 -4794.0
 60.1430 15.9334  279   0.50  -1.80  35.00  -420.0 -4799.0
 60.1430 15.9333  280   0.50  -1.80  35.00  -427.0 -4793.0
 60.1430 15.9333  281   0.50  -1.80  35.00  -419.0 -4799.0
 60.1430 15.9333  282   0.50  -1.80  35.00  -415.0 -4796.0
 60.1430 15.9334  283   0.50  -1.80  35.00  -412.0 -4793.0
 60.1430 15.9334  284   0.50  -1.80  35.00  -416.0 -4801.0
 60.1430 15.9333  285   0.50  -1.80  35.00  -420.0 -4795.0
 60.1430 15.9333  286   0.50  -1.80  35.00  -414.0 -4791.0
 60.1430 15.9334  287   0.50  -1.80  35.00  -408.0 -4799.0
 60.1430 15.9334  288   0.50  -1.80  35.00  -419.0 -4795.0
 60.1430 15.9334  289   0.50  -1.80  35.00  -417.0 -4797.0
 60.1430 15.9334  290   0.50  -1.80  35.00  -412.0 -4803.0
 60.1430 15.9334  291   0.50  -1.80  35.00  -423.0 -4795.0
 60.1430 15.9334  292   0.50  -1.80  35.00  -419.0 -4791.0
 60.1430 15.9334  293   0.50  -1.80  35.00  -415.0 -4800.0
 60.1430 15.9334  294   0.50  -1.80  35.00  -415.0 -4791.0
 60.1430 15.9334  295   0.50  -1.80  35.00  -419.0 -4791.0
 60.1430 15.9334  296   0.50  -1.80  35.00  -421.0 -4795.0
 60.1430 15.9333  297   0.50  -1.80  35.00  -419.0 -4795.0
 60.1430 15.9333  298   0.50  -1.80  35.00  -427.0 -4793.0
 60.1430 15.9334  299   0.50  -1.80  35.00  -423.0 -4793.0
 60.1430 15.9334  300   0.50  -1.80  35.00  -419.0 -4791.0
 60.1430 15.9333  301   0.50  -1.80  35.00  -419.0 -4797.0
 60.1430 15.9333  302   0.50  -1.80  35.00  -423.0 -4795.0
 60.1430 15.9334  303   0.50  -1.80  35.00  -419.0 -4799.0
 60.1430 15.9334  304   0.50  -1.80  35.00  -421.0 -4796.0
 60.1430 15.9334  305   0.50  -1.80  35.00  -415.0 -4795.0
 60.1429 15.9333  306   0.50  -1.80  35.00  -419.0 -4796.0
 60.1429 15.9333  307   0.50  -1.80  35.00  -412.0 -4795.0
 60.1430 15.9334  308   0.50  -1.80  35.00  -416.0 -4795.0
 60.1430 15.9334  309   0.50  -1.80  35.00  -420.0 -4793.0
 60.1430 15.9333  310   0.50  -1.80  35.00  -423.0 -4800.0
 60.1430 15.9333  311   0.50  -1.80  35.00  -427.0 -4800.0
 60.1430 15.9334  312   0.50  -1.80  35.00  -419.0 -4797.0
 60.1430 15.9334  313   0.50  -1.80  35.00  -416.0 -4795.0
 60.1430 15.9334  314   0.50  -1.80  35.00  -421.0 -4791.0
 60.1430 15.9334  315   0.50  -1.80  35.00  -423.0 -4307.0
 60.1430 15.9334  316   0.50  -1.80  35.00  -427.0 -4311.0
 60.1430 15.9334  317   0.50  -1.80  35.00  -419.0 -4311.0
 60.1430 15.9334  318   0.50  -1.80  35.00  -423.0 -4307.0
 60.1430 15.9334  319   0.50  -1.80  35.00  -420.0 -4303.0
 60.1430 15.9334  320   0.50  -1.80  35.00  -427.0 -4299.0
 60.1430 15.9334  321   0.50  -1.80  35.00  -423.0 -4311.0
 60.1430 15.9334  322   0.50  -1.80  35.00  -431.0 -4307.0
 60.1430 15.9334  323   0.50  -1.80  35.00  -427.0 -4311.0
 60.1430 15.9334  324   0.50  -1.80  35.00  -431.0 -4303.0
 60.1430 15.9334  325   0.50  -1.80  35.00  -431.0 -4305.0
 60.1429 15.9334  326   0.50  -1.80  35.00  -412.0 -4304.0
 60.1429 15.9334  327   0.50  -1.80  35.00  -423.0 -4311.0
 60.1430 15.9333  328   0.50  -1.80  35.00  -421.0 -4307.0
 60.1430 15.9334  329   0.50  -1.80  35.00  -423.0 -4299.0
 60.1430 15.9334  330   0.50  -1.80  35.00  -427.0 -4307.0
 60.1430 15.9333  331   0.50  -1.80  35.00  -423.0 -4305.0
 60.1430 15.9333  332   0.50  -1.80  35.00  -423.0 -4295.0
 60.1430 15.9334  333   0.50  -1.80  35.00  -427.0 -4311.0
 60.1430 15.9334  334   0.50  -1.80  35.00  -428.0 -4307.0
 60.1430 15.9334  335   0.50  -1.80  35.00  -419.0 -4313.0
 60.1430 15.9334  336   0.50  -1.80  35.00  -425.0 -4307.0
 60.1430 15.9333  337   0.50  -1.80  35.00  -423.0 -4301.0
 60.1430 15.9333  338   0.50  -1.80  35.00  -423.0 -4307.0
 60.1430 15.9333  339   0.50  -1.80  35.00  -419.0 -4307.0
 60.1430 15.9334  340   0.50  -1.80  35.00  -421.0 -4308.0
 60.1430 15.9333  341   0.50  -1.80  35.00  -424.0 -4307.0
 60.1430 15.9333  342   0.50  -1.80  35.00  -431.0 -4313.0
 60.1430 15.9333  343   0.50  -1.80  35.00  -423.0 -4311.0
 60.1430 15.9334  344   0.50  -1.80  35.00  -423.0 -4307.0
 60.1430 15.9334  345   0.50  -1.80  35.00  -428.0 -4305.0
 60.1429 15.9333  346   0.50  -1.80  35.00  -421.0 -4303.0
 60.1429 15.9334  347   0.50  -1.80  35.00  -423.0 -4311.0
 60.1430 15.9334  348   0.50  -1.80  35.00  -425.0 -4307.0
 60.1430 15.9334  349   0.50  -1.80  35.00  -431.0 -4307.0
 60.1430 15.9334  350   0.50  -1.80  35.00  -427.0 -4311.0
 60.1430 15.9334  351   0.50  -1.80  35.00  -427.0 -4299.0
 60.1430 15.9334  352   0.50  -1.80  35.00  -427.0 -4309.0
 60.1430 15.9334  353   0.50  -1.80  35.00  -423.0 -4308.0
 60.1430 15.9334  354   0.50  -1.80  35.00  -427.0 -4311.0
 60.1430 15.9333  355   0.50  -1.80  35.00  -419.0 -4307.0
 60.1430 15.9333  356   0.50  -1.80  35.00  -431.0 -4307.0
 60.1430 15.9333  357   0.50  -1.80  35.00  -431.0 -4319.0
 60.1430 15.9333  358   0.50  -1.80  35.00  -435.0 -4097.0
 60.1430 15.9334  359   0.50  -1.80  35.00  -435.0 -4107.0
 60.1430 15.9334  360   0.50  -1.80  35.00  -431.0 -4095.0
 60.1430 15.9334  361   0.50  -1.80  35.00  -435.0 -4094.0
 60.1430 15.9334  362   0.50  -1.80  35.00  -429.0 -4096.0
 60.1430 15.9333  363   0.50  -1.80  35.00  -431.0 -4095.0
 60.1430 15.9333  364   0.50  -1.80  35.00  -424.0 -4095.0
 60.1430 15.9333  365   0.50  -1.80  35.00  -433.0 -4102.0
 60.1430 15.9333  366   0.50  -1.80  35.00  -433.0 -4094.0
 60.1429 15.9334  367   0.50  -1.80  35.00  -433.0 -4095.0
 60.1429 15.9334  368   0.50  -1.80  35.00  -429.0 -4095.0
 60.1430 15.9333  369   0.50  -1.80  35.00  -435.0 -4096.0
 60.1430 15.9333  370   0.50  -1.80  35.00  -431.0 -4090.0
 60.1430 15.9333  371   0.50  -1.80  35.00  -440.0 -4103.0
 60.1430 15.9333  372   0.50  -1.80  35.00  -435.0 -4099.0
 60.1430 15.9333  373   0.50  -1.80  35.00  -427.0 -4091.0
 60.1430 15.9333  374   0.50  -1.80  35.00  -433.0 -4101.0
 60.1430 15.9334  375   0.50  -1.80  35.00  -441.0 -4101.0
 60.1430 15.9334  376   0.50  -1.80  35.00  -435.0 -4093.0
 60.1430 15.9334  377   0.50  -1.80  35.00  -439.0 -4095.0
 60.1430 15.9334  378   0.50  -1.80  35.00  -434.0 -4099.0
 60.1430 15.9334  379   0.50  -1.80  35.00  -433.0 -4096.0
 60.1430 15.9334  380   0.50  -1.80  35.00  -435.0 -4093.0
 60.1430 15.9334  381   0.50  -1.80  35.00  -433.0 -4091.0
 60.1430 15.9334  382   0.50  -1.80  35.00  -431.0 -4095.0
 60.1430 15.9333  383   0.50  -1.80  35.00  -435.0 -4099.0
 60.1430 15.9333  384   0.50  -1.80  35.00  -439.0 -4083.0
 60.1430 15.9333  385   0.50  -1.80  35.00  -440.0 -4099.0
 60.1430 15.9333  386   0.50  -1.80  35.00  -431.0 -4091.0
 60.1430 15.9333  387   0.50  -1.80  35.00  -435.0 -4095.0
 60.1430 15.9333  388   0.50  -1.80  35.00  -436.0 -4102.0
 60.1430 15.9334  389   0.50  -1.80  35.00  -437.0 -4099.0
 60.1430 15.9334  390   0.50  -1.80  35.00  -435.0 -4099.0
 60.1429 15.9334  391   0.50  -1.80  35.00  -435.0 -4101.0
 60.1429 15.9333  392   0.50  -1.80  35.00  -433.0 -4094.0
 60.1430 15.9333  393   0.50  -1.80  35.00  -437.0 -4093.0
 60.1430 15.9333  394   0.50  -1.80  35.00  -436.0 -4099.0
 60.1430 15.9334  395   0.50  -1.80  35.00  -435.0 -4092.0
 60.1430 15.9334  396   0.50  -1.80  35.00  -453.0 -4099.0
 60.1430 15.9334  397   0.50  -1.80  35.00  -453.0 -3921.0
 60.1430 15.9334  398   0.50  -1.80  35.00  -451.0 -3915.0
 60.1430 15.9334  399   0.50  -1.80  35.00  -457.0 -3919.0
 60.1430 15.9334  400   0.50  -1.80  35.00  -456.0 -3919.0
 60.1429 15.9334  401   0.50  -1.80  35.00  -451.0 -3915.0
 60.1430 15.9334  402   0.50  -1.80  35.00  -453.0 -3923.0
 60.1430 15.9334  403   0.50  -1.80  35.00  -459.0 -3915.0
 60.1430 15.9333  404   0.50  -1.80  35.00  -454.0 -3913.0
 60.1430 15.9333  405   0.50  -1.80  35.00  -460.0 -3913.0
 60.1430 15.9334  406   0.50  -1.80  35.00  -457.0 -3919.0
 60.1430 15.9334  407   0.50  -1.80  35.00  -455.0 -3924.0
 60.1430 15.9334  408   0.50  -1.80  35.00  -451.0 -3916.0
 60.1429 15.9334  409   0.50  -1.80  35.00  -457.0 -3909.0
 60.1429 15.9334  410   0.50  -1.80  35.00  -452.0 -3919.0
 60.1429 15.9334  411   0.50  -1.80  35.00  -451.0 -3915.0
 60.1430 15.9334  412   0.50  -1.80  35.00  -455.0 -3915.0
 60.1429 15.9333  413   0.50  -1.80  35.00  -455.0 -3915.0
 60.1429 15.9333  414   0.50  -1.80  35.00  -451.0 -3913.0
 60.1429 15.9333  415   0.50  -1.80  35.00  -451.0 -3912.0
 60.1430 15.9334  416   0.50  -1.80  35.00  -459.0 -3915.0
 60.1430 15.9334  417   0.50  -1.80  35.00  -453.0 -3912.0
 60.1430 15.9334  418   0.50  -1.80  35.00  -455.0 -3908.0
 60.1430 15.9334  419   0.50  -1.80  35.00  -459.0 -3918.0
 60.1430 15.9334  420   0.50  -1.80  35.00  -455.0 -3912.0
 60.1430 15.9334  421   0.50  -1.80  35.00  -455.0 -3921.0
 60.1430 15.9334  422   0.50  -1.80  35.00  -455.0 -3917.0
 60.1429 15.9334  423   0.50  -1.80  35.00  -459.0 -3909.0
 60.1429 15.9334  424   0.50  -1.80  35.00  -451.0 -3912.0
 60.1429 15.9334  425   0.50  -1.80  35.00  -460.0 -3911.0
 60.1430 15.9334  426   0.50  -1.80  35.00  -455.0 -3910.0
 60.1430 15.9334  427   0.50  -1.80  35.00  -448.0 -3916.0
 60.1430 15.9334  428   0.50  -1.80  35.00  -452.0 -3912.0
 60.1430 15.9334  429   0.50  -1.80  35.00  -459.0 -3912.0
 60.1430 15.9333  430   0.50  -1.80  35.00  -455.0 -3911.0
 60.1430 15.9333  431   0.50  -1.80  35.00  -455.0 -3911.0
 60.1430 15.9333  432   0.50  -1.80  35.00  -448.0 -3915.0
 60.1430 15.9333  433   0.50  -1.80  35.00  -453.0 -3921.0
 60.1429 15.9334  434   0.50  -1.80  35.00  -455.0 -3918.0
 60.1429 15.9334  435   0.50  -1.80  35.00  -455.0 -3916.0
 60.1430 15.9334  436   0.50  -1.80  35.00  -459.0 -3915.0
 60.1430 15.9334  437   0.50  -1.80  35.00  -451.0 -3925.0
 60.1430 15.9334  438   0.50  -1.80  35.00  -459.0 -3911.0
 60.1430 15.9334  439   0.50  -1.80  35.00  -481.0 -3920.0
 60.1430 15.9334  440   0.50  -1.80  35.00  -483.0 -3371.0
 60.1430 15.9334  441   0.50  -1.80  35.00  -475.0 -3377.0
 60.1430 15.9334  442   0.50  -1.80  35.00  -479.0 -3385.0
 60.1430 15.9334  443   0.50  -1.80  35.00  -481.0 -3383.0
 60.1430 15.9334  444   0.50  -1.80  35.00  -479.0 -3385.0
 60.1430 15.9333  445   0.50  -1.80  35.00  -480.0 -3371.0
 60.1430 15.9333  446   0.50  -1.80  35.00  -480.0 -3379.0
 60.1429 15.9334  447   0.50  -1.80  35.00  -483.0 -3384.0
 60.1429 15.9334  448   0.50  -1.80  35.00  -475.0 -3381.0
 60.1430 15.9333  449   0.50  -1.80  35.00  -479.0 -3380.0
 60.1430 15.9333  450   0.50  -1.80  35.00  -487.0 -3381.0
 60.1430 15.9333  451   0.50  -1.80  35.00  -475.0 -3379.0
 60.1430 15.9334  452   0.50  -1.80  35.00  -483.0 -3377.0
 60.1430 15.9334  453   0.50  -1.80  35.00  -483.0 -3379.0
 60.1430 15.9333  454   0.50  -1.80  35.00  -484.0 -3375.0
 60.1430 15.9333  455   0.50  -1.80  35.00  -478.0 -3379.0
 60.1430 15.9334  456   0.50  -1.80  35.00  -475.0 -3379.0
 60.1430 15.9334  457   0.50  -1.80  35.00  -472.0 -3387.0
 60.1429 15.9334  458   0.50  -1.80  35.00  -472.0 -3375.0
 60.1429 15.9334  459   0.50  -1.80  35.00  -469.0 -3383.0
 60.1430 15.9333  460   0.50  -1.80  35.00  -480.0 -3391.0
 60.1430 15.9333  461   0.50  -1.80  35.00  -481.0 -3383.0
 60.1430 15.9334  462   0.50  -1.80  35.00  -479.0 -3375.0
 60.1430 15.9333  463   0.50  -1.80  35.00  -475.0 -3392.0
 60.1430 15.9333  464   0.50  -1.80  35.00  -479.0 -3381.0
 60.1430 15.9334  465   0.50  -1.80  35.00  -485.0 -3387.0
 60.1430 15.9334  466   0.50  -1.80  35.00  -479.0 -3383.0
 60.1429 15.9333  467   0.50  -1.80  35.00  -487.0 -3387.0
 60.1429 15.9333  468   0.50  -1.80  35.00  -480.0 -3383.0
 60.1429 15.9334  469   0.50  -1.80  35.00  -479.0 -3383.0
 60.1429 15.9334  470   0.50  -1.80  35.00  -479.0 -3383.0
 60.1430 15.9333  471   0.50  -1.80  35.00  -483.0 -3387.0
 60.1430 15.9333  472   0.50  -1.80  35.00  -479.0 -3383.0
 60.1430 15.9333  473   0.50  -1.80  35.00  -483.0 -3380.0
 60.1430 15.9334  474   0.50  -1.80  35.00  -475.0 -3379.0
 60.1430 15.9334  475   0.50  -1.80  35.00  -473.0 -3383.0
 60.1430 15.9333  476   0.50  -1.80  35.00  -483.0 -3381.0
 60.1430 15.9333  477   0.50  -1.80  35.00  -483.0 -3373.0
 60.1430 15.9333  478   0.50  -1.80  35.00  -483.0 -3384.0
 60.1429 15.9333  479   0.50  -1.80  35.00  -484.0 -3383.0
 60.1429 15.9333  480   0.50  -1.80  35.00  -481.0 -3391.0
 60.1430 15.9333  481   0.50  -1.80  35.00  -497.0 -4038.0
 60.1430 15.9333  482   0.50  -1.80  35.00  -497.0 -4037.0
 60.1430 15.9333  483   0.50  -1.80  35.00  -491.0 -4039.0
 60.1430 15.9333  484   0.50  -1.80  35.00  -499.0 -4028.0
 60.1430 15.9333  485   0.50  -1.80  35.00  -491.0 -4039.0
 60.1430 15.9333  486   0.50  -1.80  35.00  -497.0 -4039.0
 60.1430 15.9333  487   0.50  -1.80  35.00  -495.0 -4023.0
 60.1430 15.9333  488   0.50  -1.80  35.00  -497.0 -4040.0
 60.1430 15.9334  489   0.50  -1.80  35.00  -495.0 -4043.0
 60.1430 15.9333  490   0.50  -1.80  35.00  -491.0 -4035.0
 60.1430 15.9333  491   0.50  -1.80  35.00  -495.0 -4039.0
 60.1430 15.9334  492   0.50  -1.80  35.00  -491.0 -4047.0
 60.1430 15.9334  493   0.50  -1.80  35.00  -491.0 -4033.0
 60.1430 15.9334  494   0.50  -1.80  35.00  -499.0 -4037.0
 60.1430 15.9334  495   0.50  -1.80  35.00  -497.0 -4045.0
 60.1430 15.9334  496   0.50  -1.80  35.00  -487.0 -4043.0
 60.1430 15.9333  497   0.50  -1.80  35.00  -498.0 -4031.0
 60.1430 15.9333  498   0.50  -1.80  35.00  -499.0 -4039.0
 60.1430 15.9333  499   0.50  -1.80  35.00  -491.0 -4032.0
 60.1430 15.9333  500   0.50  -1.80  35.00  -491.0 -4035.0
 60.1430 15.9333  501   0.50  -1.80  35.00  -499.0 -4039.0
 60.1430 15.9333  502   0.50  -1.80  35.00  -495.0 -4036.0
 60.1430 15.9334  503   0.50  -1.80  35.00  -491.0 -4039.0
 60.1430 15.9334  504   0.50  -1.80  35.00  -493.0 -4039.0
 60.1430 15.9333  505   0.50  -1.80  35.00  -491.0 -4040.0
 60.1430 15.9333  506   0.50  -1.80  35.00  -491.0 -4035.0
 60.1429 15.9333  507   0.50  -1.80  35.00  -492.0 -4039.0
 60.1429 15.9333  508   0.50  -1.80  35.00  -491.0 -4035.0
 60.1430 15.9333  509   0.50  -1.80  35.00  -487.0 -4035.0
 60.1430 15.9333  510   0.50  -1.80  35.00  -496.0 -4033.0
 60.1429 15.9334  511   0.50  -1.80  35.00  -493.0 -4039.0
 60.1429 15.9334  512   0.50  -1.80  35.00  -491.0 -4035.0
 60.1429 15.9334  513   0.50  -1.80  35.00  -493.0 -4040.0
 60.1430 15.9333  514   0.50  -1.80  35.00  -497.0 -4043.0
 60.1430 15.9334  515   0.50  -1.80  35.00  -495.0 -4031.0
 60.1430 15.9334  516   0.50  -1.80  35.00  -495.0 -4031.0
 60.1430 15.9333  517   0.50  -1.80  35.00  -497.0 -4033.0
 60.1430 15.9333  518   0.50  -1.80  35.00  -497.0 -4039.0
 60.1430 15.9334  519   0.50  -1.80  35.00  -495.0 -4043.0
 60.1430 15.9334  520   0.50  -1.80  35.00  -491.0 -4039.0
 60.1430 15.9334  521   0.50  -1.80  35.00  -499.0 -4045.0
 60.1429 15.9334  522   0.50  -1.80  35.00  -489.0 -4035.0
 60.1429 15.9334  523   0.50  -1.80  35.00  -495.0 -4041.0
 60.1430 15.9334  524   0.50  -1.80  35.00  -519.0 -4041.0
 60.1430 15.9334  525   0.50  -1.80  35.00  -524.0 -4099.0
 60.1430 15.9334  526   0.50  -1.80  35.00  -515.0 -4095.0
 60.1430 15.9334  527   0.50  -1.80  35.00  -515.0 -4099.0
 60.1430 15.9334  528   0.50  -1.80  35.00  -516.0 -4095.0
 60.1430 15.9334  529   0.50  -1.80  35.00  -519.0 -4095.0
 60.1430 15.9334  530   0.50  -1.80  35.00  -511.0 -4103.0
 60.1430 15.9333  531   0.50  -1.80  35.00  -519.0 -4099.0
 60.1430 15.9333  532   0.50  -1.80  35.00  -519.0 -4099.0
 60.1430 15.9334  533   0.50  -1.80  35.00  -516.0 -4099.0
 60.1430 15.9334  534   0.50  -1.80  35.00  -515.0 -4091.0
 60.1430 15.9334  535   0.50  -1.80  35.00  -515.0 -4099.0
 60.1430 15.9333  536   0.50  -1.80  35.00  -518.0 -4103.0
 60.1430 15.9333  537   0.50  -1.80  35.00  -519.0 -4101.0
 60.1430 15.9334  538   0.50  -1.80  35.00  -511.0 -4099.0
 60.1430 15.9334  539   0.50  -1.80  35.00  -515.0 -4103.0
 60.1430 15.9334  540   0.50  -1.80  35.00  -523.0 -4099.0
 60.1430 15.9333  541   0.50  -1.80  35.00  -518.0 -4092.0
 60.1430 15.9333  542   0.50  -1.80  35.00  -519.0 -4103.0
 60.1430 15.9334  543   0.50  -1.80  35.00  -515.0 -4099.0
 60.1430 15.9334  544   0.50  -1.80  35.00  -515.0 -4102.0
 60.1430 15.9334  545   0.50  -1.80  35.00  -517.0 -4103.0
 60.1430 15.9334  546   0.50  -1.80  35.00  -523.0 -4096.0
 60.1430 15.9334  547   0.50  -1.80  35.00  -515.0 -4095.0
 60.1430 15.9334  548   0.50  -1.80  35.00  -513.0 -4091.0
 60.1430 15.9334  549   0.50  -1.80  35.00  -515.0 -4099.0
 60.1430 15.9334  550   0.50  -1.80  35.00  -521.0 -4103.0
 60.1430 15.9334  551   0.50  -1.80  35.00  -515.0 -4106.0
 60.1430 15.9334  552   0.50  -1.80  35.00  -509.0 -4107.0
 60.1430 15.9334  553   0.50  -1.80  35.00  -516.0 -4099.0
 60.1430 15.9334  554   0.50  -1.80  35.00  -519.0 -4092.0
 60.1430 15.9333  555   0.50  -1.80  35.00  -516.0 -4103.0
 60.1430 15.9333  556   0.50  -1.80  35.00  -516.0 -4095.0
 60.1430 15.9334  557   0.50  -1.80  35.00  -519.0 -4103.0
 60.1430 15.9334  558   0.50  -1.80  35.00  -519.0 -4099.0
 60.1430 15.9334  559   0.50  -1.80  35.00  -520.0 -4099.0
 60.1430 15.9334  560   0.50  -1.80  35.00  -517.0 -4095.0
 60.1430 15.9333  561   0.50  -1.80  35.00  -519.0 -4095.0
 60.1430 15.9333  562   0.50  -1.80  35.00  -513.0 -4099.0
 60.1430 15.9334  563   0.50  -1.80  35.00  -511.0 -4099.0
 60.1430 15.9334  564   0.50  -1.80  35.00  -515.0 -4093.0
 60.1430 15.9334  565   0.50  -1.80  35.00  -515.0 -4095.0
 60.1430 15.9334  566   0.50  -1.80  35.00  -515.0 -4103.0
 60.1430 15.9334  567   0.50  -1.80  35.00  -531.0 -4103.0
 60.1430 15.9334  568   0.50  -1.80  35.00  -535.0 -3263.0
 60.1430 15.9334  569   0.50  -1.80  35.00  -531.0 -3272.0
 60.1430 15.9334  570   0.50  -1.80  35.00  -531.0 -3264.0
 60.1430 15.9334  571   0.50  -1.80  35.00  -527.0 -3276.0
 60.1430 15.9333  572   0.50  -1.80  35.00  -527.0 -3275.0
 60.1430 15.9333  573   0.50  -1.80  35.00  -524.0 -3267.0
 60.1430 15.9334  574   0.50  -1.80  35.00  -528.0 -3275.0
 60.1430 15.9334  575   0.50  -1.80  35.00  -524.0 -3271.0
 60.1430 15.9334  576   0.50  -1.80  35.00  -524.0 -3277.0
 60.1430 15.9334  577   0.50  -1.80  35.00  -532.0 -3276.0
 60.1430 15.9334  578   0.50  -1.80  35.00  -533.0 -3271.0
 60.1430 15.9334  579   0.50  -1.80  35.00  -529.0 -3281.0
 60.1430 15.9334  580   0.50  -1.80  35.00  -535.0 -3275.0
 60.1430 15.9334  581   0.50  -1.80  35.00  -527.0 -3287.0
 60.1430 15.9334  582   0.50  -1.80  35.00  -528.0 -3275.0
 60.1430 15.9334  583   0.50  -1.80  35.00  -523.0 -3276.0
 60.1430 15.9334  584   0.50  -1.80  35.00  -527.0 -3275.0
 60.1430 15.9334  585   0.50  -1.80  35.00  -527.0 -3273.0
 60.1430 15.9334  586   0.50  -1.80  35.00  -527.0 -3274.0
 60.1430 15.9334  587   0.50  -1.80  35.00  -531.0 -3267.0
 60.1430 15.9334  588   0.50  -1.80  35.00  -531.0 -3272.0
 60.1430 15.9334  589   0.50  -1.80  35.00  -531.0 -3268.0
 60.1430 15.9334  590   0.50  -1.80  35.00  -531.0 -3271.0
 60.1430 15.9334  591   0.50  -1.80  35.00  -543.0 -3276.0
 60.1430 15.9334  592   0.50  -1.80  35.00  -531.0 -3273.0
 60.1430 15.9334  593   0.50  -1.80  35.00  -538.0 -3268.0
 60.1430 15.9334  594   0.50  -1.80  35.00  -531.0 -3283.0
 60.1430 15.9333  595   0.50  -1.80  35.00  -527.0 -3271.0
 60.1430 15.9334  596   0.50  -1.80  35.00  -531.0 -3275.0
 60.1430 15.9334  597   0.50  -1.80  35.00  -529.0 -3275.0
 60.1430 15.9334  598   0.50  -1.80  35.00  -531.0 -3275.0
 60.1430 15.9334  599   0.50  -1.80  35.00  -530.0 -3272.0
 60.1430 15.9334  600   0.50  -1.80  35.00  -533.0 -3275.0
 60.1430 15.9334  601   0.50  -1.80  35.00  -531.0 -3276.0
 60.1430 15.9334  602   0.50  -1.80  35.00  -531.0 -3281.0
 60.1430 15.9334  603   0.50  -1.80  35.00  -527.0 -3275.0
 60.1430 15.9334  604   0.50  -1.80  35.00  -529.0 -3276.0
 60.1430 15.9334  605   0.50  -1.80  35.00  -528.0 -3268.0
 60.1430 15.9334  606   0.50  -1.80  35.00  -531.0 -3276.0
 60.1430 15.9333  607   0.50  -1.80  35.00  -531.0 -3267.0
 60.1430 15.9333  608   0.50  -1.80  35.00  -531.0 -3264.0
 60.1430 15.9333  609   0.50  -1.80  35.00  -531.0 -3267.0
 60.1430 15.9334  610   0.50  -1.80  35.00  -531.0 -3267.0
 60.1430 15.9334  611   0.50  -1.80  35.00  -535.0 -3275.0
 60.1430 15.9334  612   0.50  -1.80  35.00  -531.0 -3279.0
 60.1430 15.9334  613   0.50  -1.80  35.00  -547.0 -3271.0
 60.1430 15.9334  614   0.50  -1.80  35.00  -547.0 -3299.0
 60.1430 15.9334  615   0.50  -1.80  35.00  -550.0 -3297.0
 60.1430 15.9334  616   0.50  -1.80  35.00  -548.0 -3293.0
 60.1430 15.9334  617   0.50  -1.80  35.00  -543.0 -3300.0
 60.1430 15.9334  618   0.50  -1.80  35.00  -555.0 -3295.0
 60.1430 15.9334  619   0.50  -1.80  35.00  -544.0 -3295.0
 60.1430 15.9334  620   0.50  -1.80  35.00  -547.0 -3303.0
 60.1430 15.9334  621   0.50  -1.80  35.00  -552.0 -3299.0
 60.1430 15.9333  622   0.50  -1.80  35.00  -555.0 -3303.0
 60.1430 15.9333  623   0.50  -1.80  35.00  -545.0 -3295.0
 60.1430 15.9333  624   0.50  -1.80  35.00  -551.0 -3299.0
 60.1430 15.9333  625   0.50  -1.80  35.00  -543.0 -3303.0
 60.1429 15.9334  626   0.50  -1.80  35.00  -539.0 -3289.0
 60.1430 15.9333  627   0.50  -1.80  35.00  -548.0 -3299.0
 60.1430 15.9333  628   0.50  -1.80  35.00  -543.0 -3304.0
 60.1430 15.9333  629   0.50  -1.80  35.00  -551.0 -3299.0
 60.1430 15.9333  630   0.50  -1.80  35.00  -561.0 -3291.0
 60.1430 15.9334  631   0.50  -1.80  35.00  -545.0 -3295.0
 60.1430 15.9334  632   0.50  -1.80  35.00  -551.0 -3294.0
 60.1430 15.9334  633   0.50  -1.80  35.00  -548.0 -3307.0
 60.1430 15.9334  634   0.50  -1.80  35.00  -547.0 -3303.0
 60.1430 15.9333  635   0.50  -1.80  35.00  -547.0 -3297.0
 60.1430 15.9333  636   0.50  -1.80  35.00  -548.0 -3296.0
 60.1430 15.9334  637   0.50  -1.80  35.00  -544.0 -3299.0
 60.1430 15.9334  638   0.50  -1.80  35.00  -545.0 -3299.0
 60.1430 15.9334  639   0.50  -1.80  35.00  -548.0 -3295.0
 60.1429 15.9333  640   0.50  -1.80  35.00  -548.0 -3300.0
 60.1429 15.9333  641   0.50  -1.80  35.00  -543.0 -3295.0
 60.1430 15.9334  642   0.50  -1.80  35.00  -547.0 -3299.0
 60.1430 15.9334  643   0.50  -1.80  35.00  -541.0 -3299.0
 60.1430 15.9334  644   0.50  -1.80  35.00  -543.0 -3288.0
 60.1430 15.9334  645   0.50  -1.80  35.00  -551.0 -3299.0
 60.1430 15.9333  646   0.50  -1.80  35.00  -543.0 -3299.0
 60.1430 15.9333  647   0.50  -1.80  35.00  -547.0 -3307.0
 60.1430 15.9334  648   0.50  -1.80  35.00  -545.0 -3299.0
 60.1430 15.9334  649   0.50  -1.80  35.00  -547.0 -3293.0
 60.1430 15.9334  650   0.50  -1.80  35.00  -551.0 -3291.0
 60.1430 15.9334  651   0.50  -1.80  35.00  -549.0 -3300.0
 60.1430 15.9334  652   0.50  -1.80  35.00  -547.0 -3300.0
 60.1430 15.9334  653   0.50  -1.80  35.00  -548.0 -3298.0
 60.1430 15.9334  654   0.50  -1.80  35.00  -547.0 -3294.0
 60.1430 15.9334  655   0.50  -1.80  35.00  -547.0 -3296.0
 60.1430 15.9334  656   0.50  -1.80  35.00  -550.0 -3305.0
 60.1429 15.9333  657   0.50  -1.80  35.00  -555.0 -3301.0
 60.1429 15.9333  658   0.50  -1.80  35.00  -539.0 -3284.0
 60.1430 15.9334  659   0.50  -1.80  35.00  -553.0 -3303.0
 60.1430 15.9334  660   0.50  -1.80  35.00  -556.0 -3295.0
 60.1430 15.9333  661   0.50  -1.80  35.00  -551.0 -3103.0
 60.1430 15.9333  662   0.50  -1.80  35.00  -555.0 -3096.0
 60.1430 15.9333  663   0.50  -1.80  35.00  -553.0 -3099.0
 60.1430 15.9333  664   0.50  -1.80  35.00  -546.0 -3095.0
 60.1430 15.9334  665   0.50  -1.80  35.00  -542.0 -3099.0
 60.1430 15.9334  666   0.50  -1.80  35.00  -545.0 -3100.0
 60.1430 15.9334  667   0.50  -1.80  35.00  -557.0 -3091.0
 60.1430 15.9333  668   0.50  -1.80  35.00  -552.0 -3101.0
 60.1430 15.9333  669   0.50  -1.80  35.00  -547.0 -3091.0
 60.1430 15.9334  670   0.50  -1.80  35.00  -547.0 -3095.0
 60.1429 15.9333  671   0.50  -1.80  35.00  -555.0 -3093.0
 60.1430 15.9334  672   0.50  -1.80  35.00  -555.0 -3091.0
 60.1430 15.9334  673   0.50  -1.80  35.00  -553.0 -3099.0
 60.1430 15.9334  674   0.50  -1.80  35.00  -553.0 -3093.0
 60.1430 15.9334  675   0.50  -1.80  35.00  -547.0 -3097.0
 60.1430 15.9334  676   0.50  -1.80  35.00  -553.0 -3091.0
 60.1430 15.9334  677   0.50  -1.80  35.00  -551.0 -3100.0
 60.1430 15.9334  678   0.50  -1.80  35.00  -547.0 -3099.0
 60.1430 15.9334  679   0.50  -1.80  35.00  -551.0 -3095.0
 60.1430 15.9334  680   0.50  -1.80  35.00  -547.0 -3107.0
 60.1430 15.9333  681   0.50  -1.80  35.00  -555.0 -3100.0
 60.1430 15.9333  682   0.50  -1.80  35.00  -552.0 -3099.0
 60.1430 15.9334  683   0.50  -1.80  35.00  -553.0 -3105.0
 60.1429 15.9334  684   0.50  -1.80  35.00  -549.0 -3096.0
 60.1429 15.9334  685   0.50  -1.80  35.00  -563.0 -3089.0
 60.1430 15.9334  686   0.50  -1.80  35.00  -549.0 -3099.0
 60.1430 15.9334  687   0.50  -1.80  35.00  -551.0 -3095.0
 60.1430 15.9334  688   0.50  -1.80  35.00  -544.0 -3090.0
 60.1430 15.9333  689   0.50  -1.80  35.00  -549.0 -3095.0
 60.1430 15.9333  690   0.50  -1.80  35.00  -548.0 -3099.0
 60.1430 15.9334  691   0.50  -1.80  35.00  -551.0 -3103.0
 60.1430 15.9333  692   0.50  -1.80  35.00  -547.0 -3091.0
 60.1430 15.9333  693   0.50  -1.80  35.00  -551.0 -3091.0
 60.1430 15.9333  694   0.50  -1.80  35.00  -551.0 -3099.0
 60.1430 15.9333  695   0.50  -1.80  35.00  -549.0 -3101.0
 60.1430 15.9334  696   0.50  -1.80  35.00  -547.0 -3107.0
 60.1430 15.9334  697   0.50  -1.80  35.00  -551.0 -3104.0
 60.1430 15.9334  698   0.50  -1.80  35.00  -555.0 -3091.0
 60.1429 15.9334  699   0.50  -1.80  35.00  -549.0 -3103.0
 60.1429 15.9334  700   0.50  -1.80  35.00  -547.0 -3097.0
 60.1429 15.9334  701   0.50  -1.80  35.00  -551.0 -3099.0
 60.1430 15.9333  702   0.50  -1.80  35.00  -551.0 -2841.0
 60.1430 15.9333  703   0.50  -1.80  35.00  -540.0 -2839.0
 60.1430 15.9333  704   0.50  -1.80  35.00  -551.0 -2839.0
 60.1430 15.9333  705   0.50  -1.80  35.00  -549.0 -2835.0
 60.1430 15.9334  706   0.50  -1.80  35.00  -552.0 -2840.0
 60.1430 15.9334  707   0.50  -1.80  35.00  -551.0 -2845.0
 60.1430 15.9333  708   0.50  -1.80  35.00  -555.0 -2835.0
 60.1430 15.9333  709   0.50  -1.80  35.00  -543.0 -2847.0
 60.1429 15.9333  710   0.50  -1.80  35.00  -547.0 -2837.0
 60.1429 15.9333  711   0.50  -1.80  35.00  -547.0 -2844.0
 60.1429 15.9333  712   0.50  -1.80  35.00  -539.0 -2833.0
 60.1430 15.9333  713   0.50  -1.80  35.00  -543.0 -2829.0
 60.1430 15.9333  714   0.50  -1.80  35.00  -547.0 -2833.0
 60.1430 15.9333  715   0.50  -1.80  35.00  -543.0 -2840.0
 60.1430 15.9333  716   0.50  -1.80  35.00  -548.0 -2839.0
 60.1430 15.9333  717   0.50  -1.80  35.00  -547.0 -2839.0
 60.1430 15.9333  718   0.50  -1.80  35.00  -547.0 -2833.0
 60.1430 15.9333  719   0.50  -1.80  35.00  -543.0 -2839.0
 60.1430 15.9333  720   0.50  -1.80  35.00  -549.0 -2840.0
 60.1430 15.9333  721   0.50  -1.80  35.00  -547.0 -2835.0
 60.1430 15.9333  722   0.50  -1.80  35.00  -549.0 -2837.0
 60.1430 15.9333  723   0.50  -1.80  35.00  -551.0 -2840.0
 60.1430 15.9333  724   0.50  -1.80  35.00  -567.0 -2836.0
 60.1430 15.9333  725   0.50  -1.80  35.00  -547.0 -2843.0
 60.1430 15.9333  726   0.50  -1.80  35.00  -549.0 -2837.0
 60.1430 15.9333  727   0.50  -1.80  35.00  -550.0 -2840.0
 60.1430 15.9333  728   0.50  -1.80  35.00  -531.0 -2839.0
 60.1430 15.9333  729   0.50  -1.80  35.00  -551.0 -2841.0
 60.1430 15.9333  730   0.50  -1.80  35.00  -551.0 -2835.0
 60.1430 15.9333  731   0.50  -1.80  35.00  -543.0 -2839.0
 60.1430 15.9333  732   0.50  -1.80  35.00  -547.0 -2835.0
 60.1430 15.9333  733   0.50  -1.80  35.00  -543.0 -2843.0
 60.1430 15.9333  734   0.50  -1.80  35.00  -563.0 -2835.0
 60.1430 15.9333  735   0.50  -1.80  35.00  -547.0 -2840.0
 60.1430 15.9334  736   0.50  -1.80  35.00  -543.0 -2839.0
 60.1430 15.9334  737   0.50  -1.80  35.00  -546.0 -2833.0
 60.1430 15.9333  738   0.50  -1.80  35.00  -549.0 -2839.0
 60.1430 15.9333  739   0.50  -1.80  35.00  -548.0 -2843.0
 60.1430 15.9333  740   0.50  -1.80  35.00  -553.0 -2832.0
 60.1430 15.9333  741   0.50  -1.80  35.00  -548.0 -2843.0
 60.1430 15.9333  742   0.50  -1.80  35.00  -555.0 -2844.0
 60.1430 15.9333  743   0.50  -1.80  35.00  -543.0 -2835.0
 60.1429 15.9333  744   0.50  -1.80  35.00  -547.0 -2683.0
 60.1430 15.9333  745   0.50  -1.80  35.00  -547.0 -2683.0
 60.1430 15.9333  746   0.50  -1.80  35.00  -551.0 -2697.0
 60.1430 15.9333  747   0.50  -1.80  35.00  -543.0 -2679.0
 60.1430 15.9333  748   0.50  -1.80  35.00  -544.0 -2683.0
 60.1430 15.9333  749   0.50  -1.80  35.00  -549.0 -2675.0
 60.1430 15.9333  750   0.50  -1.80  35.00  -547.0 -2679.0
 60.1430 15.9333  751   0.50  -1.80  35.00  -547.0 -2689.0
 60.1430 15.9333  752   0.50  -1.80  35.00  -540.0 -2683.0
 60.1430 15.9333  753   0.50  -1.80  35.00  -537.0 -2685.0
 60.1429 15.9334  754   0.50  -1.80  35.00  -547.0 -2683.0
 60.1429 15.9334  755   0.50  -1.80  35.00  -547.0 -2675.0
 60.1430 15.9334  756   0.50  -1.80  35.00  -547.0 -2679.0
 60.1430 15.9334  757   0.50  -1.80  35.00  -543.0 -2683.0
 60.1430 15.9334  758   0.50  -1.80  35.00  -547.0 -2683.0
 60.1430 15.9334  759   0.50  -1.80  35.00  -547.0 -2691.0
 60.1430 15.9333  760   0.50  -1.80  35.00  -539.0 -2675.0
 60.1430 15.9333  761   0.50  -1.80  35.00  -541.0 -2677.0
 60.1430 15.9333  762   0.50  -1.80  35.00  -540.0 -2687.0
 60.1430 15.9333  763   0.50  -1.80  35.00  -547.0 -2693.0
 60.1430 15.9333  764   0.50  -1.80  35.00  -543.0 -2683.0
 60.1430 15.9333  765   0.50  -1.80  35.00  -547.0 -2679.0
 60.1430 15.9333  766   0.50  -1.80  35.00  -543.0 -2692.0
 60.1430 15.9333  767   0.50  -1.80  35.00  -547.0 -2691.0
 60.1430 15.9333  768   0.50  -1.80  35.00  -543.0 -2685.0
 60.1430 15.9333  769   0.50  -1.80  35.00  -541.0 -2683.0
 60.1430 15.9333  770   0.50  -1.80  35.00  -551.0 -2679.0
 60.1430 15.9333  771   0.50  -1.80  35.00  -543.0 -2691.0
 60.1430 15.9333  772   0.50  -1.80  35.00  -544.0 -2679.0
 60.1430 15.9333  773   0.50  -1.80  35.00  -547.0 -2679.0
 60.1429 15.9333  774   0.50  -1.80  35.00  -543.0 -2684.0
 60.1430 15.9333  775   0.50  -1.80  35.00  -543.0 -2684.0
 60.1430 15.9333  776   0.50  -1.80  35.00  -544.0 -2683.0
 60.1430 15.9333  777   0.50  -1.80  35.00  -547.0 -2684.0
 60.1429 15.9333  778   0.50  -1.80  35.00  -542.0 -2679.0
 60.1429 15.9333  779   0.50  -1.80  35.00  -546.0 -2679.0
 60.1429 15.9333  780   0.50  -1.80  35.00  -547.0 -2683.0
 60.1429 15.9333  781   0.50  -1.80  35.00  -547.0 -2681.0
 60.1430 15.9333  782   0.50  -1.80  35.00  -543.0 -2683.0
 60.1430 15.9333  783   0.50  -1.80  35.00  -551.0 -2684.0
 60.1430 15.9333  784   0.50  -1.80  35.00  -527.0 -2683.0
 60.1430 15.9333  785   0.50  -1.80  35.00  -527.0 -2723.0
 60.1430 15.9333  786   0.50  -1.80  35.00  -529.0 -2723.0
 60.1430 15.9334  787   0.50  -1.80  35.00  -531.0 -2720.0
 60.1430 15.9334  788   0.50  -1.80  35.00  -523.0 -2719.0
 60.1429 15.9333  789   0.50  -1.80  35.00  -523.0 -2724.0
 60.1429 15.9333  790   0.50  -1.80  35.00  -527.0 -2719.0
 60.1429 15.9333  791   0.50  -1.80  35.00  -523.0 -2715.0
 60.1429 15.9333  792   0.50  -1.80  35.00  -519.0 -2723.0
 60.1429 15.9333  793   0.50  -1.80  35.00  -527.0 -2719.0
 60.1429 15.9333  794   0.50  -1.80  35.00  -535.0 -2723.0
 60.1429 15.9333  795   0.50  -1.80  35.00  -520.0 -2711.0
 60.1430 15.9333  796   0.50  -1.80  35.00  -524.0 -2711.0
 60.1430 15.9333  797   0.50  -1.80  35.00  -529.0 -2718.0
 60.1430 15.9333  798   0.50  -1.80  35.00  -528.0 -2720.0
 60.1430 15.9333  799   0.50  -1.80  35.00  -528.0 -2720.0
 60.1430 15.9333  800   0.50  -1.80  35.00  -519.0 -2716.0
 60.1430 15.9333  801   0.50  -1.80  35.00  -523.0 -2723.0
 60.1429 15.9333  802   0.50  -1.80  35.00  -527.0 -2719.0
 60.1429 15.9333  803   0.50  -1.80  35.00  -525.0 -2715.0
 60.1429 15.9333  804   0.50  -1.80  35.00  -529.0 -2715.0
 60.1429 15.9333  805   0.50  -1.80  35.00  -525.0 -2723.0
 60.1430 15.9333  806   0.50  -1.80  35.00  -529.0 -2718.0
 60.1430 15.9333  807   0.50  -1.80  35.00  -529.0 -2719.0
 60.1430 15.9333  808   0.50  -1.80  35.00  -528.0 -2727.0
 60.1430 15.9333  809   0.50  -1.80  35.00  -531.0 -2720.0
 60.1430 15.9333  810   0.50  -1.80  35.00  -526.0 -2724.0
 60.1430 15.9333  811   0.50  -1.80  35.00  -521.0 -2715.0
 60.1429 15.9333  812   0.50  -1.80  35.00  -525.0 -2715.0
 60.1430 15.9333  813   0.50  -1.80  35.00  -523.0 -2715.0
 60.1430 15.9333  814   0.50  -1.80  35.00  -535.0 -2708.0
 60.1430 15.9333  815   0.50  -1.80  35.00  -527.0 -2723.0
 60.1430 15.9333  816   0.50  -1.80  35.00  -535.0 -2719.0
 60.1430 15.9333  817   0.50  -1.80  35.00  -528.0 -2716.0
 60.1430 15.9333  818   0.50  -1.80  35.00  -523.0 -2727.0
 60.1430 15.9333  819   0.50  -1.80  35.00  -533.0 -2715.0
 60.1430 15.9333  820   0.50  -1.80  35.00  -542.0 -2701.0
 60.1430 15.9333  821   0.50  -1.80  35.00  -523.0 -2715.0
 60.1430 15.9333  822   0.50  -1.80  35.00  -529.0 -2717.0
 60.1430 15.9333  823   0.50  -1.80  35.00  -512.0 -2724.0
 60.1430 15.9333  824   0.50  -1.80  35.00  -521.0 -2715.0
 60.1430 15.9333  825   0.50  -1.80  35.00  -523.0 -2715.0
 60.1429 15.9333  826   0.50  -1.80  35.00  -523.0 -2719.0
 60.1430 15.9333  827   0.50  -1.80  35.00  -491.0 -2716.0
 60.1430 15.9333  828   0.50  -1.80  35.00  -499.0 -2720.0
 60.1430 15.9333  829   0.50  -1.80  35.00  -497.0 -2718.0
 60.1429 15.9333  830   0.50  -1.80  35.00  -499.0 -2723.0
 60.1430 15.9333  831   0.50  -1.80  35.00  -507.0 -2715.0
 60.1430 15.9333  832   0.50  -1.80  35.00  -501.0 -2731.0
 60.1430 15.9333  833   0.50  -1.80  35.00  -487.0 -2723.0
 60.1430 15.9333  834   0.50  -1.80  35.00  -497.0 -2716.0
 60.1430 15.9333  835   0.50  -1.80  35.00  -497.0 -2721.0
 60.1430 15.9333  836   0.50  -1.80  35.00  -495.0 -2719.0
 60.1430 15.9333  837   0.50  -1.80  35.00  -497.0 -2717.0
 60.1429 15.9333  838   0.50  -1.80  35.00  -501.0 -2727.0
 60.1429 15.9333  839   0.50  -1.80  35.00  -497.0 -2711.0
 60.1430 15.9333  840   0.50  -1.80  35.00  -501.0 -2719.0
 60.1430 15.9333  841   0.50  -1.80  35.00  -499.0 -2707.0
 60.1430 15.9333  842   0.50  -1.80  35.00  -500.0 -2721.0
 60.1429 15.9333  843   0.50  -1.80  35.00  -495.0 -2715.0
 60.1430 15.9333  844   0.50  -1.80  35.00  -500.0 -2723.0
 60.1430 15.9333  845   0.50  -1.80  35.00  -497.0 -2715.0
 60.1430 15.9333  846   0.50  -1.80  35.00  -499.0 -2715.0
 60.1430 15.9333  847   0.50  -1.80  35.00  -493.0 -2721.0
 60.1430 15.9333  848   0.50  -1.80  35.00  -492.0 -2711.0
 60.1430 15.9333  849   0.50  -1.80  35.00  -497.0 -2715.0
 60.1430 15.9333  850   0.50  -1.80  35.00  -491.0 -2720.0
 60.1430 15.9333  851   0.50  -1.80  35.00  -491.0 -2723.0
 60.1429 15.9333  852   0.50  -1.80  35.00  -503.0 -2724.0
 60.1429 15.9333  853   0.50  -1.80  35.00  -495.0 -2717.0
 60.1430 15.9334  854   0.50  -1.80  35.00  -499.0 -2716.0
 60.1430 15.9334  855   0.50  -1.80  35.00  -507.0 -2723.0
 60.1429 15.9333  856   0.50  -1.80  35.00  -495.0 -2718.0
 60.1429 15.9333  857   0.50  -1.80  35.00  -497.0 -2723.0
 60.1429 15.9333  858   0.50  -1.80  35.00  -492.0 -2716.0
 60.1430 15.9333  859   0.50  -1.80  35.00  -497.0 -2727.0
 60.1430 15.9333  860   0.50  -1.80  35.00  -503.0 -2715.0
 60.1430 15.9333  861   0.50  -1.80  35.00  -495.0 -2713.0
 60.1430 15.9333  862   0.50  -1.80  35.00  -495.0 -2719.0
 60.1430 15.9333  863   0.50  -1.80  35.00  -499.0 -2720.0
 60.1430 15.9333  864   0.50  -1.80  35.00  -497.0 -2719.0
 60.1430 15.9333  865   0.50  -1.80  35.00  -492.0 -2716.0
 60.1429 15.9333  866   0.50  -1.80  35.00  -499.0 -2719.0
 60.1429 15.9333  867   0.50  -1.80  35.00  -499.0 -2728.0
 60.1429 15.9333  868   0.50  -1.80  35.00  -503.0 -2716.0
 60.1430 15.9334  869   0.50  -1.80  35.00  -499.0 -2715.0
 60.1429 15.9333  870   0.50  -1.80  35.00  -501.0 -2720.0
 60.1429 15.9333  871   0.50  -1.80  35.00  -467.0 -2715.0
 60.1430 15.9333  872   0.50  -1.80  35.00  -469.0 -2628.0
 60.1430 15.9333  873   0.50  -1.80  35.00  -469.0 -2621.0
 60.1430 15.9333  874   0.50  -1.80  35.00  -465.0 -2623.0
 60.1430 15.9333  875   0.50  -1.80  35.00  -463.0 -2623.0
 60.1430 15.9333  876   0.50  -1.80  35.00  -463.0 -2620.0
 60.1429 15.9333  877   0.50  -1.80  35.00  -467.0 -2623.0
 60.1430 15.9334  878   0.50  -1.80  35.00  -460.0 -2621.0
 60.1430 15.9334  879   0.50  -1.80  35.00  -467.0 -2624.0
 60.1430 15.9334  880   0.50  -1.80  35.00  -471.0 -2623.0
 60.1430 15.9333  881   0.50  -1.80  35.00  -467.0 -2627.0
 60.1430 15.9334  882   0.50  -1.80  35.00  -471.0 -2627.0
 60.1430 15.9334  883   0.50  -1.80  35.00  -463.0 -2627.0
 60.1430 15.9333  884   0.50  -1.80  35.00  -467.0 -2624.0
 60.1429 15.9333  885   0.50  -1.80  35.00  -468.0 -2628.0
 60.1429 15.9333  886   0.50  -1.80  35.00  -475.0 -2623.0
 60.1430 15.9334  887   0.50  -1.80  35.00  -468.0 -2625.0
 60.1430 15.9333  888   0.50  -1.80  35.00  -475.0 -2615.0
 60.1430 15.9333  889   0.50  -1.80  35.00  -465.0 -2625.0
 60.1430 15.9334  890   0.50  -1.80  35.00  -461.0 -2634.0
 60.1430 15.9334  891   0.50  -1.80  35.00  -463.0 -2627.0
 60.1429 15.9333  892   0.50  -1.80  35.00  -467.0 -2615.0
 60.1430 15.9333  893   0.50  -1.80  35.00  -461.0 -2627.0
 60.1430 15.9333  894   0.50  -1.80  35.00  -463.0 -2631.0
 60.1430 15.9333  895   0.50  -1.80  35.00  -470.0 -2635.0
 60.1430 15.9333  896   0.50  -1.80  35.00  -471.0 -2629.0
 60.1430 15.9333  897   0.50  -1.80  35.00  -468.0 -2623.0
 60.1430 15.9333  898   0.50  -1.80  35.00  -458.0 -2615.0
 60.1430 15.9333  899   0.50  -1.80  35.00  -467.0 -2619.0
 60.1430 15.9333  900   0.50  -1.80  35.00  -467.0 -2627.0
 60.1430 15.9333  901   0.50  -1.80  35.00  -475.0 -2627.0
 60.1429 15.9333  902   0.50  -1.80  35.00  -469.0 -2627.0
 60.1429 15.9333  903   0.50  -1.80  35.00  -467.0 -2625.0
 60.1430 15.9333  904   0.50  -1.80  35.00  -475.0 -2619.0
 60.1430 15.9334  905   0.50  -1.80  35.00  -472.0 -2619.0
 60.1430 15.9334  906   0.50  -1.80  35.00  -455.0 -2630.0
 60.1430 15.9333  907   0.50  -1.80  35.00  -451.0 -2501.0
 60.1430 15.9333  908   0.50  -1.80  35.00  -451.0 -2500.0
 60.1430 15.9333  909   0.50  -1.80  35.00  -457.0 -2501.0
 60.1430 15.9333  910   0.50  -1.80  35.00  -449.0 -2495.0
 60.1430 15.9333  911   0.50  -1.80  35.00  -455.0 -2502.0
 60.1430 15.9333  912   0.50  -1.80  35.00  -447.0 -2496.0
 60.1430 15.9333  913   0.50  -1.80  35.00  -448.0 -2507.0
 60.1430 15.9333  914   0.50  -1.80  35.00  -455.0 -2507.0
 60.1430 15.9333  915   0.50  -1.80  35.00  -449.0 -2495.0
 60.1430 15.9333  916   0.50  -1.80  35.00  -453.0 -2500.0
 60.1430 15.9333  917   0.50  -1.80  35.00  -455.0 -2493.0
 60.1430 15.9333  918   0.50  -1.80  35.00  -444.0 -2507.0
 60.1430 15.9334  919   0.50  -1.80  35.00  -447.0 -2499.0
 60.1430 15.9334  920   0.50  -1.80  35.00  -451.0 -2499.0
 60.1429 15.9333  921   0.50  -1.80  35.00  -447.0 -2493.0
 60.1429 15.9333  922   0.50  -1.80  35.00  -448.0 -2503.0
 60.1429 15.9333  923   0.50  -1.80  35.00  -450.0 -2501.0
 60.1430 15.9334  924   0.50  -1.80  35.00  -447.0 -2499.0
 60.1430 15.9334  925   0.50  -1.80  35.00  -451.0 -2495.0
 60.1430 15.9333  926   0.50  -1.80  35.00  -448.0 -2496.0
 60.1430 15.9333  927   0.50  -1.80  35.00  -451.0 -2500.0
 60.1430 15.9333  928   0.50  -1.80  35.00  -443.0 -2511.0
 60.1430 15.9333  929   0.50  -1.80  35.00  -443.0 -2499.0
 60.1429 15.9334  930   0.50  -1.80  35.00  -451.0 -2513.0
 60.1430 15.9333  931   0.50  -1.80  35.00  -451.0 -2495.0
 60.1430 15.9333  932   0.50  -1.80  35.00  -453.0 -2498.0
 60.1429 15.9333  933   0.50  -1.80  35.00  -447.0 -2499.0
 60.1429 15.9333  934   0.50  -1.80  35.00  -453.0 -2499.0
 60.1429 15.9333  935   0.50  -1.80  35.00  -447.0 -2499.0
 60.1429 15.9333  936   0.50  -1.80  35.00  -451.0 -2507.0
 60.1430 15.9333  937   0.50  -1.80  35.00  -444.0 -2497.0
 60.1430 15.9333  938   0.50  -1.80  35.00  -447.0 -2507.0
 60.1430 15.9334  939   0.50  -1.80  35.00  -453.0 -2497.0
 60.1430 15.9334  940   0.50  -1.80  35.00  -451.0 -2505.0
 60.1430 15.9333  941   0.50  -1.80  35.00  -448.0 -2503.0
 60.1430 15.9333  942   0.50  -1.80  35.00  -456.0 -2495.0
 60.1430 15.9333  943   0.50  -1.80  35.00  -449.0 -2499.0
 60.1430 15.9333  944   0.50  -1.80  35.00  -445.0 -2496.0
 60.1430 15.9333  945   0.50  -1.80  35.00  -455.0 -2496.0
 60.1430 15.9333  946   0.50  -1.80  35.00  -455.0 -2500.0
 60.1430 15.9333  947   0.50  -1.80  35.00  -455.0 -2503.0
 60.1430 15.9333  948   0.50  -1.80  35.00  -455.0 -2491.0
 60.1429 15.9333  949   0.50  -1.80  35.00  -431.0 -2499.0
 60.1429 15.9334  950   0.50  -1.80  35.00  -425.0 -2381.0
 60.1430 15.9334  951   0.50  -1.80  35.00  -433.0 -2385.0
 60.1430 15.9334  952   0.50  -1.80  35.00  -437.0 -2385.0
 60.1430 15.9333  953   0.50  -1.80  35.00  -433.0 -2380.0
 60.1430 15.9333  954   0.50  -1.80  35.00  -435.0 -2376.0
 60.1430 15.9333  955   0.50  -1.80  35.00  -432.0 -2371.0
 60.1430 15.9333  956   0.50  -1.80  35.00  -431.0 -2383.0
 60.1430 15.9333  957   0.50  -1.80  35.00  -429.0 -2383.0
 60.1430 15.9333  958   0.50  -1.80  35.00  -424.0 -2385.0
 60.1430 15.9333  959   0.50  -1.80  35.00  -435.0 -2375.0
 60.1430 15.9333  960   0.50  -1.80  35.00  -427.0 -2381.0
 60.1429 15.9333  961   0.50  -1.80  35.00  -435.0 -2379.0
 60.1429 15.9333  962   0.50  -1.80  35.00  -427.0 -2380.0
 60.1430 15.9333  963   0.50  -1.80  35.00  -431.0 -2379.0
 60.1430 15.9334  964   0.50  -1.80  35.00  -435.0 -2377.0
 60.1430 15.9334  965   0.50  -1.80  35.00  -427.0 -2375.0
 60.1430 15.9333  966   0.50  -1.80  35.00  -431.0 -2383.0
 60.1430 15.9333  967   0.50  -1.80  35.00  -433.0 -2379.0
 60.1430 15.9334  968   0.50  -1.80  35.00  -429.0 -2383.0
 60.1430 15.9334  969   0.50  -1.80  35.00  -423.0 -2379.0
 60.1430 15.9334  970   0.50  -1.80  35.00  -420.0 -2379.0
 60.1429 15.9333  971   0.50  -1.80  35.00  -433.0 -2374.0
 60.1429 15.9333  972   0.50  -1.80  35.00  -433.0 -2379.0
 60.1430 15.9333  973   0.50  -1.80  35.00  -435.0 -2377.0
 60.1429 15.9333  974   0.50  -1.80  35.00  -428.0 -2380.0
 60.1429 15.9333  975   0.50  -1.80  35.00  -428.0 -2380.0
 60.1429 15.9333  976   0.50  -1.80  35.00  -435.0 -2379.0
 60.1430 15.9333  977   0.50  -1.80  35.00  -431.0 -2377.0
 60.1430 15.9333  978   0.50  -1.80  35.00  -431.0 -2383.0
 60.1429 15.9333  979   0.50  -1.80  35.00  -429.0 -2383.0
 60.1429 15.9333  980   0.50  -1.80  35.00  -435.0 -2379.0
 60.1429 15.9333  981   0.50  -1.80  35.00  -435.0 -2380.0
 60.1430 15.9333  982   0.50  -1.80  35.00  -427.0 -2379.0
 60.1430 15.9333  983   0.50  -1.80  35.00  -435.0 -2383.0
 60.1429 15.9333  984   0.50  -1.80  35.00  -423.0 -2377.0
 60.1429 15.9333  985   0.50  -1.80  35.00  -435.0 -2379.0
 60.1430 15.9334  986   0.50  -1.80  35.00  -435.0 -2375.0
 60.1430 15.9334  987   0.50  -1.80  35.00  -438.0 -2387.0
 60.1429 15.9333  988   0.50  -1.80  35.00  -429.0 -2381.0
 60.1429 15.9333  989   0.50  -1.80  35.00  -427.0 -2375.0
 60.1430 15.9333  990   0.50  -1.80  35.00  -427.0 -2373.0
 60.1430 15.9333  991   0.50  -1.80  35.00  -420.0 -2384.0
 60.1430 15.9334  992   0.50  -1.80  35.00  -424.0 -2375.0
 60.1430 15.9334  993   0.50  -1.80  35.00  -419.0 -2059.0
 60.1430 15.9333  994   0.50  -1.80  35.00  -423.0 -2057.0
 60.1430 15.9333  995   0.50  -1.80  35.00  -423.0 -2060.0
 60.1430 15.9334  996   0.50  -1.80  35.00  -427.0 -2055.0
 60.1430 15.9334  997   0.50  -1.80  35.00  -423.0 -2055.0
 60.1429 15.9333  998   0.50  -1.80  35.00  -423.0 -2063.0
 60.1429 15.9333  999   0.50  -1.80  35.00  -416.0 -2055.0
