 55.7828 18.3061    0   0.20  -4.40  39.00  -855.0 -3095.0
 55.7828 18.3061    1   0.20  -4.40  39.00  -851.0 -3091.0
 55.7828 18.3062    2   0.20  -4.40  39.00  -851.0 -3097.0
 55.7828 18.3061    3   0.20  -4.40  39.00  -851.0 -3091.0
 55.7828 18.3061    4   0.20  -4.40  39.00  -860.0 -3089.0
 55.7828 18.3061    5   0.20  -4.40  39.00  -855.0 -3093.0
 55.7828 18.3061    6   0.20  -4.40  39.00  -859.0 -3087.0
 55.7828 18.3061    7   0.20  -4.40  39.00  -851.0 -3091.0
 55.7828 18.3061    8   0.20  -4.40  39.00  -859.0 -3089.0
 55.7828 18.3061    9   0.20  -4.40  39.00  -851.0 -3095.0
 55.7828 18.3061   10   0.20  -4.40  39.00  -851.0 -3091.0
 55.7828 18.3061   11   0.20  -4.40  39.00  -855.0 -3091.0
 55.7828 18.3061   12   0.20  -4.40  39.00  -851.0 -3095.0
 55.7828 18.3061   13   0.20  -4.40  39.00  -851.0 -3077.0
 55.7828 18.3061   14   0.20  -4.40  39.00  -847.0 -3091.0
 55.7828 18.3061   15   0.20  -4.40  39.00  -855.0 -3093.0
 55.7828 18.3061   16   0.20  -4.40  39.00  -857.0 -3099.0
 55.7828 18.3061   17   0.20  -4.40  39.00  -855.0 -3105.0
 55.7828 18.3061   18   0.20  -4.40  39.00  -855.0 -3091.0
 55.7828 18.3061   19   0.20  -4.40  39.00  -853.0 -3092.0
 55.7828 18.3061   20   0.20  -4.40  39.00  -856.0 -3095.0
 55.7828 18.3061   21   0.20  -4.40  39.00  -851.0 -3092.0
 55.7828 18.3061   22   0.20  -4.40  39.00  -855.0 -3091.0
 55.7828 18.3061   23   0.20  -4.40  39.00  -855.0 -3099.0
 55.7828 18.3061   24   0.20  -4.40  39.00  -852.0 -3091.0
 55.7828 18.3061   25   0.20  -4.40  39.00  -855.0 -3091.0
 55.7828 18.3061   26   0.20  -4.40  39.00  -859.0 -3091.0
 55.7828 18.3061   27   0.20  -4.40  39.00  -851.0 -3094.0
 55.7828 18.3061   28   0.20  -4.40  39.00  -853.0 -3095.0
 55.7828 18.3061   29   0.20  -4.40  39.00  -859.0 -3085.0
 55.7828 18.3061   30   0.20  -4.40  39.00  -855.0 -3091.0
 55.7828 18.3061   31   0.20  -4.40  39.00  -859.0 -3091.0
 55.7828 18.3061   32   0.20  -4.40  39.00  -852.0 -3103.0
 55.7828 18.3061   33   0.20  -4.40  39.00  -851.0 -3095.0
 55.7828 18.3061   34   0.20  -4.40  39.00  -859.0 -3093.0
 55.7828 18.3061   35   0.20  -4.40  39.00  -855.0 -3096.0
 55.7828 18.3061   36   0.20  -4.40  39.00  -859.0 -3096.0
 55.7828 18.3061   37   0.20  -4.40  39.00  -851.0 -3095.0
 55.7828 18.3061   38   0.20  -4.40  39.00  -853.0 -3094.0
 55.7828 18.3061   39   0.20  -4.40  39.00  -865.0 -3094.0
 55.7828 18.3061   40   0.20  -4.40  39.00  -857.0 -3096.0
 55.7828 18.3061   41   0.20  -4.40  39.00  -861.0 -3097.0
 55.7828 18.3061   42   0.20  -4.40  39.00  -855.0 -3087.0
 55.7828 18.3061   43   0.20  -4.40  39.00  -884.0 -3081.0
 55.7828 18.3061   44   0.20  -4.40  39.00  -887.0 -2751.0
 55.7828 18.3061   45   0.20  -4.40  39.00  -895.0 -2747.0
 55.7828 18.3061   46   0.20  -4.40  39.00  -888.0 -2745.0
 55.7828 18.3061   47   0.20  -4.40  39.00  -889.0 -2755.0
 55.7828 18.3061   48   0.20  -4.40  39.00  -895.0 -2750.0
 55.7828 18.3061   49   0.20  -4.40  39.00  -889.0 -2747.0
 55.7828 18.3061   50   0.20  -4.40  39.00  -890.0 -2747.0
 55.7828 18.3061   51   0.20  -4.40  39.00  -891.0 -2759.0
 55.7828 18.3061   52   0.20  -4.40  39.00  -885.0 -2751.0
 55.7828 18.3061   53   0.20  -4.40  39.00  -895.0 -2752.0
 55.7828 18.3061   54   0.20  -4.40  39.00  -884.0 -2751.0
 55.7828 18.3061   55   0.20  -4.40  39.00  -895.0 -2749.0
 55.7828 18.3061   56   0.20  -4.40  39.00  -887.0 -2747.0
 55.7828 18.3061   57   0.20  -4.40  39.00  -888.0 -2749.0
 55.7828 18.3061   58   0.20  -4.40  39.00  -891.0 -2747.0
 55.7828 18.3061   59   0.20  -4.40  39.00  -891.0 -2743.0
 55.7828 18.3061   60   0.20  -4.40  39.00  -887.0 -2747.0
 55.7828 18.3061   61   0.20  -4.40  39.00  -885.0 -2759.0
 55.7828 18.3061   62   0.20  -4.40  39.00  -891.0 -2747.0
 55.7828 18.3061   63   0.20  -4.40  39.00  -891.0 -2761.0
 55.7828 18.3061   64   0.20  -4.40  39.00  -887.0 -2747.0
 55.7828 18.3061   65   0.20  -4.40  39.00  -887.0 -2743.0
 55.7828 18.3061   66   0.20  -4.40  39.00  -883.0 -2751.0
 55.7828 18.3061   67   0.20  -4.40  39.00  -891.0 -2749.0
 55.7828 18.3061   68   0.20  -4.40  39.00  -889.0 -2751.0
 55.7828 18.3061   69   0.20  -4.40  39.00  -885.0 -2745.0
 55.7828 18.3062   70   0.20  -4.40  39.00  -899.0 -2760.0
 55.7828 18.3062   71   0.20  -4.40  39.00  -881.0 -2755.0
 55.7828 18.3061   72   0.20  -4.40  39.00  -893.0 -2755.0
 55.7828 18.3061   73   0.20  -4.40  39.00  -891.0 -2743.0
 55.7828 18.3061   74   0.20  -4.40  39.00  -887.0 -2751.0
 55.7828 18.3061   75   0.20  -4.40  39.00  -891.0 -2755.0
 55.7828 18.3061   76   0.20  -4.40  39.00  -895.0 -2753.0
 55.7828 18.3061   77   0.20  -4.40  39.00  -893.0 -2743.0
 55.7827 18.3061   78   0.20  -4.40  39.00  -895.0 -2747.0
 55.7827 18.3061   79   0.20  -4.40  39.00  -891.0 -2751.0
 55.7828 18.3061   80   0.20  -4.40  39.00  -889.0 -2748.0
 55.7828 18.3061   81   0.20  -4.40  39.00  -887.0 -2755.0
 55.7828 18.3061   82   0.20  -4.40  39.00  -895.0 -2755.0
 55.7828 18.3061   83   0.20  -4.40  39.00  -883.0 -2747.0
 55.7828 18.3061   84   0.20  -4.40  39.00  -887.0 -2755.0
 55.7828 18.3061   85   0.20  -4.40  39.00  -883.0 -2751.0
 55.7828 18.3061   86   0.20  -4.40  39.00  -889.0 -2746.0
 55.7828 18.3061   87   0.20  -4.40  39.00  -891.0 -2755.0
 55.7828 18.3061   88   0.20  -4.40  39.00  -891.0 -2747.0
 55.7828 18.3061   89   0.20  -4.40  39.00  -973.0 -1413.0
 55.7828 18.3061   90   0.20  -4.40  39.00  -972.0 -1410.0
 55.7828 18.3061   91   0.20  -4.40  39.00  -967.0 -1419.0
 55.7828 18.3061   92   0.20  -4.40  39.00  -971.0 -1419.0
 55.7828 18.3061   93   0.20  -4.40  39.00  -971.0 -1421.0
 55.7828 18.3061   94   0.20  -4.40  39.00  -973.0 -1413.0
 55.7828 18.3061   95   0.20  -4.40  39.00  -974.0 -1419.0
 55.7828 18.3061   96   0.20  -4.40  39.00  -979.0 -1419.0
 55.7828 18.3061   97   0.20  -4.40  39.00  -971.0 -1415.0
 55.7828 18.3061   98   0.20  -4.40  39.00  -974.0 -1423.0
 55.7828 18.3061   99   0.20  -4.40  39.00  -971.0 -1423.0
 55.7828 18.3061  100   0.20  -4.40  39.00  -973.0 -1415.0
 55.7828 18.3061  101   0.20  -4.40  39.00  -972.0 -1427.0
 55.7828 18.3061  102   0.20  -4.40  39.00  -979.0 -1417.0
 55.7828 18.3061  103   0.20  -4.40  39.00  -972.0 -1411.0
 55.7828 18.3061  104   0.20  -4.40  39.00  -975.0 -1424.0
 55.7828 18.3061  105   0.20  -4.40  39.00  -970.0 -1416.0
 55.7828 18.3061  106   0.20  -4.40  39.00  -971.0 -1411.0
 55.7828 18.3061  107   0.20  -4.40  39.00  -975.0 -1427.0
 55.7828 18.3061  108   0.20  -4.40  39.00  -971.0 -1419.0
 55.7828 18.3061  109   0.20  -4.40  39.00  -980.0 -1417.0
 55.7828 18.3061  110   0.20  -4.40  39.00  -979.0 -1415.0
 55.7828 18.3061  111   0.20  -4.40  39.00  -971.0 -1413.0
 55.7828 18.3061  112   0.20  -4.40  39.00  -979.0 -1423.0
 55.7828 18.3061  113   0.20  -4.40  39.00  -983.0 -1423.0
 55.7828 18.3061  114   0.20  -4.40  39.00  -963.0 -1423.0
 55.7828 18.3061  115   0.20  -4.40  39.00  -979.0 -1419.0
 55.7828 18.3061  116   0.20  -4.40  39.00  -969.0 -1415.0
 55.7828 18.3061  117   0.20  -4.40  39.00  -976.0 -1411.0
 55.7828 18.3061  118   0.20  -4.40  39.00  -972.0 -1425.0
 55.7828 18.3061  119   0.20  -4.40  39.00  -975.0 -1423.0
 55.7828 18.3061  120   0.20  -4.40  39.00  -977.0 -1417.0
 55.7828 18.3061  121   0.20  -4.40  39.00  -979.0 -1431.0
 55.7828 18.3061  122   0.20  -4.40  39.00  -981.0 -1419.0
 55.7828 18.3061  123   0.20  -4.40  39.00  -971.0 -1419.0
 55.7828 18.3061  124   0.20  -4.40  39.00  -973.0 -1415.0
 55.7828 18.3061  125   0.20  -4.40  39.00  -975.0 -1416.0
 55.7828 18.3061  126   0.20  -4.40  39.00  -979.0 -1427.0
 55.7828 18.3061  127   0.20  -4.40  39.00  -974.0 -1423.0
 55.7828 18.3061  128   0.20  -4.40  39.00  -977.0 -1426.0
 55.7828 18.3061  129   0.20  -4.40  39.00  -971.0 -1419.0
 55.7828 18.3061  130   0.20  -4.40  39.00  -972.0 -1421.0
 55.7828 18.3061  131   0.20  -4.40  39.00  -965.0 -1421.0
 55.7828 18.3061  132   0.20  -4.40  39.00  -983.0 -1423.0
 55.7828 18.3061  133   0.20  -4.40  39.00  -975.0 -1419.0
 55.7828 18.3061  134   0.20  -4.40  39.00  -979.0 -1419.0
 55.7828 18.3061  135   0.20  -4.40  39.00  -977.0 -1419.0
 55.7828 18.3061  136   0.20  -4.40  39.00  -967.0 -1409.0
 55.7828 18.3061  137   0.20  -4.40  39.00  -972.0 -1419.0
 55.7828 18.3061  138   0.20  -4.40  39.00  -971.0 -1416.0
 55.7828 18.3061  139   0.20  -4.40  39.00  -975.0 -1420.0
 55.7828 18.3061  140   0.20  -4.40  39.00  -979.0 -1419.0
 55.7828 18.3061  141   0.20  -4.40  39.00  -971.0 -1417.0
 55.7828 18.3061  142   0.20  -4.40  39.00  -976.0 -1423.0
 55.7828 18.3061  143   0.20  -4.40  39.00  -979.0 -1420.0
 55.7828 18.3061  144   0.20  -4.40  39.00  -976.0 -1417.0
 55.7828 18.3061  145   0.20  -4.40  39.00  -975.0 -1415.0
 55.7828 18.3061  146   0.20  -4.40  39.00  -977.0 -1415.0
 55.7828 18.3061  147   0.20  -4.40  39.00  -980.0 -1419.0
 55.7828 18.3061  148   0.20  -4.40  39.00  -979.0 -1425.0
 55.7828 18.3061  149   0.20  -4.40  39.00  -979.0 -1417.0
 55.7828 18.3061  150   0.20  -4.40  39.00  -972.0 -1424.0
 55.7828 18.3061  151   0.20  -4.40  39.00  -969.0 -1419.0
 55.7827 18.3062  152   0.20  -4.40  39.00  -975.0 -1423.0
 55.7828 18.3061  153   0.20  -4.40  39.00  -981.0 -1420.0
 55.7828 18.3061  154   0.20  -4.40  39.00  -976.0 -1419.0
 55.7828 18.3061  155   0.20  -4.40  39.00  -971.0 -1422.0
 55.7828 18.3061  156   0.20  -4.40  39.00  -971.0 -1421.0
 55.7828 18.3061  157   0.20  -4.40  39.00  -972.0 -1414.0
 55.7828 18.3060  158   0.20  -4.40  39.00  -969.0 -1416.0
 55.7828 18.3062  159   0.20  -4.40  39.00  -975.0 -1417.0
 55.7828 18.3061  160   0.20  -4.40  39.00  -979.0 -1421.0
 55.7828 18.3061  161   0.20  -4.40  39.00  -975.0 -1425.0
 55.7828 18.3061  162   0.20  -4.40  39.00  -987.0 -1416.0
 55.7828 18.3061  163   0.20  -4.40  39.00  -977.0 -1425.0
 55.7828 18.3061  164   0.20  -4.40  39.00 -1036.0 -1421.0
 55.7828 18.3061  165   0.20  -4.40  39.00 -1035.0 -2243.0
 55.7828 18.3061  166   0.20  -4.40  39.00 -1035.0 -2239.0
 55.7828 18.3061  167   0.20  -4.40  39.00 -1045.0 -2236.0
 55.7828 18.3061  168   0.20  -4.40  39.00 -1035.0 -2235.0
 55.7828 18.3061  169   0.20  -4.40  39.00 -1035.0 -2240.0
 55.7828 18.3061  170   0.20  -4.40  39.00 -1040.0 -2239.0
 55.7828 18.3061  171   0.20  -4.40  39.00 -1035.0 -2243.0
 55.7828 18.3061  172   0.20  -4.40  39.00 -1039.0 -2237.0
 55.7828 18.3061  173   0.20  -4.40  39.00 -1041.0 -2239.0
 55.7828 18.3061  174   0.20  -4.40  39.00 -1048.0 -2115.0
 55.7828 18.3061  175   0.20  -4.40  39.00 -1055.0 -2119.0
 55.7828 18.3061  176   0.20  -4.40  39.00 -1045.0 -2119.0
 55.7828 18.3061  177   0.20  -4.40  39.00 -1051.0 -2120.0
 55.7828 18.3061  178   0.20  -4.40  39.00 -1049.0 -2119.0
 55.7828 18.3061  179   0.20  -4.40  39.00 -1047.0 -2124.0
 55.7828 18.3061  180   0.20  -4.40  39.00 -1051.0 -2123.0
 55.7828 18.3061  181   0.20  -4.40  39.00 -1047.0 -2111.0
 55.7828 18.3061  182   0.20  -4.40  39.00 -1047.0 -2119.0
 55.7828 18.3061  183   0.20  -4.40  39.00 -1045.0 -2119.0
 55.7828 18.3061  184   0.20  -4.40  39.00 -1041.0 -2112.0
 55.7828 18.3061  185   0.20  -4.40  39.00 -1047.0 -2115.0
 55.7828 18.3061  186   0.20  -4.40  39.00 -1045.0 -2111.0
 55.7828 18.3061  187   0.20  -4.40  39.00 -1052.0 -2123.0
 55.7828 18.3061  188   0.20  -4.40  39.00 -1059.0 -2111.0
 55.7828 18.3061  189   0.20  -4.40  39.00 -1051.0 -2117.0
 55.7828 18.3061  190   0.20  -4.40  39.00 -1051.0 -2117.0
 55.7828 18.3061  191   0.20  -4.40  39.00 -1051.0 -2117.0
 55.7828 18.3061  192   0.20  -4.40  39.00 -1043.0 -2115.0
 55.7828 18.3061  193   0.20  -4.40  39.00 -1047.0 -2115.0
 55.7828 18.3061  194   0.20  -4.40  39.00 -1048.0 -2127.0
 55.7828 18.3061  195   0.20  -4.40  39.00 -1051.0 -2116.0
 55.7828 18.3061  196   0.20  -4.40  39.00 -1047.0 -2117.0
 55.7829 18.3060  197   0.20  -4.40  39.00 -1051.0 -2107.0
 55.7829 18.3060  198   0.20  -4.40  39.00 -1047.0 -2115.0
 55.7828 18.3061  199   0.20  -4.40  39.00 -1051.0 -2117.0
 55.7828 18.3061  200   0.20  -4.40  39.00 -1043.0 -2123.0
 55.7828 18.3061  201   0.20  -4.40  39.00 -1048.0 -2123.0
 55.7828 18.3061  202   0.20  -4.40  39.00 -1043.0 -2109.0
 55.7828 18.3061  203   0.20  -4.40  39.00 -1063.0 -2111.0
 55.7828 18.3061  204   0.20  -4.40  39.00 -1069.0  5091.0
 55.7828 18.3061  205   0.20  -4.40  39.00 -1067.0  5081.0
 55.7828 18.3061  206   0.20  -4.40  39.00 -1071.0  5088.0
 55.7828 18.3061  207   0.20  -4.40  39.00 -1067.0  5087.0
 55.7828 18.3061  208   0.20  -4.40  39.00 -1068.0  5074.0
 55.7828 18.3061  209   0.20  -4.40  39.00 -1067.0  5090.0
 55.7828 18.3061  210   0.20  -4.40  39.00 -1062.0  5082.0
 55.7828 18.3061  211   0.20  -4.40  39.00 -1068.0  5083.0
 55.7828 18.3061  212   0.20  -4.40  39.00 -1067.0  5079.0
 55.7828 18.3061  213   0.20  -4.40  39.00 -1068.0  5076.0
 55.7828 18.3061  214   0.20  -4.40  39.00 -1067.0  5081.0
 55.7828 18.3061  215   0.20  -4.40  39.00 -1068.0  5085.0
 55.7828 18.3061  216   0.20  -4.40  39.00 -1060.0  5071.0
 55.7828 18.3061  217   0.20  -4.40  39.00 -1069.0  5069.0
 55.7828 18.3061  218   0.20  -4.40  39.00 -1071.0  5079.0
 55.7828 18.3061  219   0.20  -4.40  39.00 -1063.0  5076.0
 55.7828 18.3061  220   0.20  -4.40  39.00 -1069.0  5068.0
 55.7828 18.3061  221   0.20  -4.40  39.00 -1067.0  5071.0
 55.7828 18.3061  222   0.20  -4.40  39.00 -1063.0  5075.0
 55.7828 18.3061  223   0.20  -4.40  39.00 -1067.0  5073.0
 55.7828 18.3061  224   0.20  -4.40  39.00 -1072.0  5071.0
 55.7828 18.3061  225   0.20  -4.40  39.00 -1076.0  5073.0
 55.7828 18.3061  226   0.20  -4.40  39.00 -1067.0  5069.0
 55.7828 18.3061  227   0.20  -4.40  39.00 -1059.0  5076.0
 55.7828 18.3061  228   0.20  -4.40  39.00 -1070.0  5069.0
 55.7828 18.3061  229   0.20  -4.40  39.00 -1067.0  5077.0
 55.7828 18.3061  230   0.20  -4.40  39.00 -1079.0  5077.0
 55.7828 18.3061  231   0.20  -4.40  39.00 -1071.0  5069.0
 55.7828 18.3061  232   0.20  -4.40  39.00 -1065.0  5067.0
 55.7828 18.3061  233   0.20  -4.40  39.00 -1068.0  5061.0
 55.7828 18.3061  234   0.20  -4.40  39.00 -1061.0  5067.0
 55.7828 18.3061  235   0.20  -4.40  39.00 -1067.0  5069.0
 55.7828 18.3061  236   0.20  -4.40  39.00 -1071.0  5066.0
 55.7828 18.3061  237   0.20  -4.40  39.00 -1063.0  5069.0
 55.7828 18.3061  238   0.20  -4.40  39.00 -1063.0  5069.0
 55.7828 18.3061  239   0.20  -4.40  39.00 -1063.0  5073.0
 55.7828 18.3061  240   0.20  -4.40  39.00 -1069.0  5070.0
 55.7828 18.3061  241   0.20  -4.40  39.00 -1067.0  5073.0
 55.7828 18.3061  242   0.20  -4.40  39.00 -1068.0  5066.0
 55.7828 18.3061  243   0.20  -4.40  39.00  -817.0 -3028.0
 55.7828 18.3061  244   0.20  -4.40  39.00  -821.0 -3027.0
 55.7828 18.3060  245   0.20  -4.40  39.00  -807.0 -3035.0
 55.7828 18.3062  246   0.20  -4.40  39.00  -811.0 -3037.0
 55.7828 18.3062  247   0.20  -4.40  39.00  -819.0 -3032.0
 55.7828 18.3060  248   0.20  -4.40  39.00  -815.0 -3025.0
 55.7828 18.3060  249   0.20  -4.40  39.00  -819.0 -3027.0
 55.7827 18.3061  250   0.20  -4.40  39.00  -811.0 -3025.0
 55.7827 18.3061  251   0.20  -4.40  39.00  -811.0 -3032.0
 55.7828 18.3061  252   0.20  -4.40  39.00  -815.0 -3028.0
 55.7828 18.3061  253   0.20  -4.40  39.00  -821.0 -3021.0
 55.7828 18.3061  254   0.20  -4.40  39.00  -812.0 -3023.0
 55.7828 18.3061  255   0.20  -4.40  39.00  -813.0 -3028.0
 55.7828 18.3061  256   0.20  -4.40  39.00  -811.0 -3027.0
 55.7828 18.3061  257   0.20  -4.40  39.00  -819.0 -3031.0
 55.7828 18.3061  258   0.20  -4.40  39.00  -814.0 -3029.0
 55.7828 18.3061  259   0.20  -4.40  39.00  -831.0 -3025.0
 55.7828 18.3061  260   0.20  -4.40  39.00  -813.0 -3026.0
 55.7828 18.3061  261   0.20  -4.40  39.00  -815.0 -3027.0
 55.7828 18.3061  262   0.20  -4.40  39.00  -819.0 -3024.0
 55.7828 18.3061  263   0.20  -4.40  39.00  -812.0 -3027.0
 55.7828 18.3061  264   0.20  -4.40  39.00  -813.0 -3023.0
 55.7828 18.3061  265   0.20  -4.40  39.00  -819.0 -3027.0
 55.7828 18.3061  266   0.20  -4.40  39.00  -875.0 -3031.0
 55.7828 18.3061  267   0.20  -4.40  39.00  -864.0 -3804.0
 55.7828 18.3061  268   0.20  -4.40  39.00  -871.0 -4267.0
 55.7828 18.3061  269   0.20  -4.40  39.00  -862.0 -4247.0
 55.7828 18.3061  270   0.20  -4.40  39.00  -875.0 -4268.0
 55.7828 18.3061  271   0.20  -4.40  39.00  -867.0 -4259.0
 55.7828 18.3061  272   0.20  -4.40  39.00  -865.0 -4271.0
 55.7828 18.3061  273   0.20  -4.40  39.00  -863.0 -4253.0
 55.7828 18.3061  274   0.20  -4.40  39.00  -873.0 -4255.0
 55.7828 18.3061  275   0.20  -4.40  39.00  -873.0 -4259.0
 55.7828 18.3061  276   0.20  -4.40  39.00  -872.0 -4267.0
 55.7828 18.3061  277   0.20  -4.40  39.00  -867.0 -4254.0
 55.7828 18.3061  278   0.20  -4.40  39.00  -867.0 -4255.0
 55.7828 18.3061  279   0.20  -4.40  39.00  -867.0 -4243.0
 55.7828 18.3061  280   0.20  -4.40  39.00  -875.0 -4259.0
 55.7828 18.3061  281   0.20  -4.40  39.00  -860.0 -4248.0
 55.7828 18.3061  282   0.20  -4.40  39.00  -879.0 -4261.0
 55.7828 18.3061  283   0.20  -4.40  39.00  -875.0 -4268.0
 55.7828 18.3061  284   0.20  -4.40  39.00  -864.0 -4255.0
 55.7828 18.3061  285   0.20  -4.40  39.00  -863.0 -4259.0
 55.7828 18.3061  286   0.20  -4.40  39.00  -871.0 -4259.0
 55.7828 18.3061  287   0.20  -4.40  39.00  -871.0 -4251.0
 55.7828 18.3061  288   0.20  -4.40  39.00  -871.0 -4255.0
 55.7828 18.3061  289   0.20  -4.40  39.00  -867.0 -4256.0
 55.7828 18.3061  290   0.20  -4.40  39.00  -868.0 -4255.0
 55.7828 18.3061  291   0.20  -4.40  39.00  -867.0 -4260.0
 55.7828 18.3061  292   0.20  -4.40  39.00  -865.0 -4255.0
 55.7828 18.3061  293   0.20  -4.40  39.00  -869.0 -4255.0
 55.7828 18.3061  294   0.20  -4.40  39.00  -867.0 -4249.0
 55.7828 18.3061  295   0.20  -4.40  39.00  -871.0 -4252.0
 55.7828 18.3061  296   0.20  -4.40  39.00  -868.0 -4253.0
 55.7828 18.3061  297   0.20  -4.40  39.00  -867.0 -4251.0
 55.7828 18.3061  298   0.20  -4.40  39.00  -860.0 -4256.0
 55.7828 18.3061  299   0.20  -4.40  39.00  -863.0 -4252.0
 55.7828 18.3061  300   0.20  -4.40  39.00  -871.0 -4255.0
 55.7828 18.3061  301   0.20  -4.40  39.00  -868.0 -4255.0
 55.7828 18.3061  302   0.20  -4.40  39.00  -867.0 -4251.0
 55.7828 18.3061  303   0.20  -4.40  39.00  -867.0 -4263.0
 55.7828 18.3061  304   0.20  -4.40  39.00  -871.0 -4252.0
 55.7828 18.3061  305   0.20  -4.40  39.00  -868.0 -4247.0
 55.7828 18.3061  306   0.20  -4.40  39.00  -869.0 -4249.0
 55.7828 18.3061  307   0.20  -4.40  39.00  -831.0 -4251.0
 55.7828 18.3061  308   0.20  -4.40  39.00  -819.0 -5230.0
 55.7828 18.3061  309   0.20  -4.40  39.00  -831.0 -5227.0
 55.7828 18.3061  310   0.20  -4.40  39.00  -828.0 -5227.0
 55.7828 18.3061  311   0.20  -4.40  39.00  -829.0 -5227.0
 55.7828 18.3061  312   0.20  -4.40  39.00  -832.0 -5223.0
 55.7828 18.3061  313   0.20  -4.40  39.00  -827.0 -5231.0
 55.7828 18.3061  314   0.20  -4.40  39.00  -828.0 -5231.0
 55.7828 18.3061  315   0.20  -4.40  39.00  -823.0 -5229.0
 55.7828 18.3061  316   0.20  -4.40  39.00  -827.0 -5229.0
 55.7828 18.3061  317   0.20  -4.40  39.00  -827.0 -5229.0
 55.7827 18.3061  318   0.20  -4.40  39.00  -827.0 -5228.0
 55.7827 18.3061  319   0.20  -4.40  39.00  -831.0 -5223.0
 55.7828 18.3061  320   0.20  -4.40  39.00  -827.0 -5225.0
 55.7828 18.3061  321   0.20  -4.40  39.00  -828.0 -5227.0
 55.7828 18.3061  322   0.20  -4.40  39.00  -827.0 -5231.0
 55.7828 18.3061  323   0.20  -4.40  39.00  -827.0 -5227.0
 55.7828 18.3061  324   0.20  -4.40  39.00  -823.0 -5235.0
 55.7828 18.3061  325   0.20  -4.40  39.00  -821.0 -5224.0
 55.7827 18.3061  326   0.20  -4.40  39.00  -827.0 -5235.0
 55.7827 18.3061  327   0.20  -4.40  39.00  -831.0 -5228.0
 55.7827 18.3061  328   0.20  -4.40  39.00  -823.0 -5231.0
 55.7828 18.3061  329   0.20  -4.40  39.00  -820.0 -5227.0
 55.7828 18.3061  330   0.20  -4.40  39.00  -821.0 -5233.0
 55.7828 18.3061  331   0.20  -4.40  39.00  -823.0 -5228.0
 55.7828 18.3061  332   0.20  -4.40  39.00  -828.0 -5235.0
 55.7828 18.3061  333   0.20  -4.40  39.00  -831.0 -5227.0
 55.7828 18.3061  334   0.20  -4.40  39.00  -827.0 -5223.0
 55.7828 18.3061  335   0.20  -4.40  39.00  -829.0 -5223.0
 55.7828 18.3061  336   0.20  -4.40  39.00  -827.0 -5232.0
 55.7828 18.3061  337   0.20  -4.40  39.00  -825.0 -5228.0
 55.7828 18.3061  338   0.20  -4.40  39.00  -831.0 -5225.0
 55.7828 18.3061  339   0.20  -4.40  39.00  -827.0 -5228.0
 55.7828 18.3061  340   0.20  -4.40  39.00  -833.0 -5235.0
 55.7828 18.3061  341   0.20  -4.40  39.00  -827.0 -5233.0
 55.7828 18.3061  342   0.20  -4.40  39.00  -827.0 -5227.0
 55.7828 18.3061  343   0.20  -4.40  39.00  -825.0 -5227.0
 55.7828 18.3061  344   0.20  -4.40  39.00  -824.0 -5219.0
 55.7828 18.3061  345   0.20  -4.40  39.00  -831.0 -5228.0
 55.7828 18.3061  346   0.20  -4.40  39.00  -827.0 -5219.0
 55.7828 18.3061  347   0.20  -4.40  39.00  -823.0 -5221.0
 55.7828 18.3061  348   0.20  -4.40  39.00  -823.0 -5223.0
 55.7828 18.3061  349   0.20  -4.40  39.00  -825.0 -5227.0
 55.7828 18.3061  350   0.20  -4.40  39.00  -835.0 -5221.0
 55.7828 18.3061  351   0.20  -4.40  39.00  -823.0 -5219.0
 55.7828 18.3061  352   0.20  -4.40  39.00  -831.0 -5229.0
 55.7828 18.3061  353   0.20  -4.40  39.00  -829.0 -5227.0
 55.7828 18.3061  354   0.20  -4.40  39.00  -831.0 -5230.0
 55.7828 18.3061  355   0.20  -4.40  39.00  -751.0 -5223.0
 55.7828 18.3061  356   0.20  -4.40  39.00  -763.0 -5343.0
 55.7828 18.3061  357   0.20  -4.40  39.00  -755.0 -5333.0
 55.7828 18.3061  358   0.20  -4.40  39.00  -755.0 -5355.0
 55.7828 18.3061  359   0.20  -4.40  39.00  -755.0 -5337.0
 55.7828 18.3061  360   0.20  -4.40  39.00  -747.0 -5345.0
 55.7828 18.3061  361   0.20  -4.40  39.00  -761.0 -5339.0
 55.7828 18.3061  362   0.20  -4.40  39.00  -751.0 -5345.0
 55.7828 18.3061  363   0.20  -4.40  39.00  -755.0 -5339.0
 55.7828 18.3061  364   0.20  -4.40  39.00  -771.0 -5343.0
 55.7828 18.3061  365   0.20  -4.40  39.00  -751.0 -5335.0
 55.7828 18.3061  366   0.20  -4.40  39.00  -755.0 -5340.0
 55.7828 18.3061  367   0.20  -4.40  39.00  -756.0 -5343.0
 55.7828 18.3061  368   0.20  -4.40  39.00  -750.0 -5337.0
 55.7828 18.3061  369   0.20  -4.40  39.00  -759.0 -5347.0
 55.7828 18.3061  370   0.20  -4.40  39.00  -759.0 -5339.0
 55.7828 18.3061  371   0.20  -4.40  39.00  -750.0 -5332.0
 55.7828 18.3061  372   0.20  -4.40  39.00  -755.0 -5339.0
 55.7828 18.3061  373   0.20  -4.40  39.00  -757.0 -5339.0
 55.7828 18.3061  374   0.20  -4.40  39.00  -758.0 -5335.0
 55.7828 18.3061  375   0.20  -4.40  39.00  -759.0 -5347.0
 55.7828 18.3061  376   0.20  -4.40  39.00  -747.0 -5339.0
 55.7828 18.3061  377   0.20  -4.40  39.00  -756.0 -5337.0
 55.7828 18.3061  378   0.20  -4.40  39.00  -755.0 -5335.0
 55.7828 18.3061  379   0.20  -4.40  39.00  -755.0 -5343.0
 55.7828 18.3061  380   0.20  -4.40  39.00  -762.0 -5343.0
 55.7828 18.3061  381   0.20  -4.40  39.00  -759.0 -5335.0
 55.7828 18.3061  382   0.20  -4.40  39.00  -751.0 -5339.0
 55.7828 18.3061  383   0.20  -4.40  39.00  -756.0 -5339.0
 55.7828 18.3061  384   0.20  -4.40  39.00  -759.0 -5339.0
 55.7828 18.3061  385   0.20  -4.40  39.00  -752.0 -5331.0
 55.7828 18.3061  386   0.20  -4.40  39.00  -752.0 -5337.0
 55.7828 18.3061  387   0.20  -4.40  39.00  -759.0 -5335.0
 55.7828 18.3061  388   0.20  -4.40  39.00  -759.0 -5339.0
 55.7828 18.3061  389   0.20  -4.40  39.00  -750.0 -5328.0
 55.7828 18.3061  390   0.20  -4.40  39.00  -757.0 -5331.0
 55.7828 18.3061  391   0.20  -4.40  39.00  -751.0 -5333.0
 55.7828 18.3061  392   0.20  -4.40  39.00  -753.0 -5335.0
 55.7828 18.3061  393   0.20  -4.40  39.00  -753.0 -5341.0
 55.7828 18.3062  394   0.20  -4.40  39.00  -763.0 -5335.0
 55.7828 18.3060  395   0.20  -4.40  39.00  -759.0 -5335.0
 55.7828 18.3060  396   0.20  -4.40  39.00  -755.0 -5339.0
 55.7828 18.3060  397   0.20  -4.40  39.00  -760.0 -5331.0
 55.7828 18.3061  398   0.20  -4.40  39.00  -761.0 -5339.0
 55.7828 18.3061  399   0.20  -4.40  39.00  -755.0 -5333.0
 55.7827 18.3061  400   0.20  -4.40  39.00  -751.0 -5343.0
 55.7827 18.3061  401   0.20  -4.40  39.00  -635.0 -5339.0
 55.7828 18.3062  402   0.20  -4.40  39.00  -641.0 -5331.0
 55.7828 18.3062  403   0.20  -4.40  39.00  -639.0  4925.0
 55.7828 18.3061  404   0.20  -4.40  39.00  -635.0  4925.0
 55.7828 18.3061  405   0.20  -4.40  39.00  -631.0  4925.0
 55.7828 18.3061  406   0.20  -4.40  39.00  -628.0  4917.0
 55.7828 18.3061  407   0.20  -4.40  39.00  -633.0  4915.0
 55.7828 18.3061  408   0.20  -4.40  39.00  -631.0  4917.0
 55.7828 18.3061  409   0.20  -4.40  39.00  -635.0  4919.0
 55.7828 18.3061  410   0.20  -4.40  39.00  -635.0  4917.0
 55.7828 18.3061  411   0.20  -4.40  39.00  -639.0  4911.0
 55.7828 18.3061  412   0.20  -4.40  39.00  -635.0  4911.0
 55.7827 18.3061  413   0.20  -4.40  39.00  -631.0  4916.0
 55.7827 18.3061  414   0.20  -4.40  39.00  -633.0  4919.0
 55.7828 18.3061  415   0.20  -4.40  39.00  -631.0  4903.0
 55.7828 18.3061  416   0.20  -4.40  39.00  -631.0  4909.0
 55.7828 18.3061  417   0.20  -4.40  39.00  -627.0  4905.0
 55.7828 18.3061  418   0.20  -4.40  39.00  -639.0  4909.0
 55.7828 18.3061  419   0.20  -4.40  39.00  -635.0  4913.0
 55.7828 18.3061  420   0.20  -4.40  39.00  -635.0  4911.0
 55.7828 18.3061  421   0.20  -4.40  39.00  -629.0  4907.0
 55.7828 18.3061  422   0.20  -4.40  39.00  -640.0  4906.0
 55.7828 18.3061  423   0.20  -4.40  39.00  -635.0  4910.0
 55.7828 18.3061  424   0.20  -4.40  39.00  -639.0  4908.0
 55.7828 18.3061  425   0.20  -4.40  39.00  -637.0  4909.0
 55.7828 18.3061  426   0.20  -4.40  39.00  -637.0  4905.0
 55.7828 18.3061  427   0.20  -4.40  39.00  -639.0  4909.0
 55.7828 18.3061  428   0.20  -4.40  39.00  -636.0  4905.0
 55.7828 18.3061  429   0.20  -4.40  39.00  -629.0  4905.0
 55.7827 18.3061  430   0.20  -4.40  39.00  -635.0  4909.0
 55.7827 18.3061  431   0.20  -4.40  39.00  -633.0  4908.0
 55.7828 18.3061  432   0.20  -4.40  39.00  -635.0  4909.0
 55.7827 18.3061  433   0.20  -4.40  39.00  -635.0  4897.0
 55.7827 18.3061  434   0.20  -4.40  39.00  -635.0  4901.0
 55.7828 18.3061  435   0.20  -4.40  39.00  -637.0  4897.0
 55.7828 18.3061  436   0.20  -4.40  39.00  -634.0  4901.0
 55.7828 18.3061  437   0.20  -4.40  39.00  -635.0  4905.0
 55.7828 18.3061  438   0.20  -4.40  39.00  -630.0  4891.0
 55.7828 18.3061  439   0.20  -4.40  39.00  -637.0  4897.0
 55.7828 18.3061  440   0.20  -4.40  39.00  -635.0  4896.0
 55.7828 18.3061  441   0.20  -4.40  39.00  -643.0  4893.0
 55.7828 18.3061  442   0.20  -4.40  39.00  -572.0  4897.0
 55.7828 18.3061  443   0.20  -4.40  39.00  -576.0  4911.0
 55.7828 18.3061  444   0.20  -4.40  39.00  -563.0  4915.0
 55.7828 18.3061  445   0.20  -4.40  39.00  -579.0  4908.0
 55.7828 18.3061  446   0.20  -4.40  39.00  -571.0  4913.0
 55.7828 18.3061  447   0.20  -4.40  39.00  -572.0  4908.0
 55.7828 18.3061  448   0.20  -4.40  39.00  -567.0  4910.0
 55.7828 18.3061  449   0.20  -4.40  39.00  -571.0  4906.0
 55.7828 18.3061  450   0.20  -4.40  39.00  -581.0  4911.0
 55.7828 18.3061  451   0.20  -4.40  39.00  -579.0  4909.0
 55.7828 18.3061  452   0.20  -4.40  39.00  -571.0  4905.0
 55.7828 18.3061  453   0.20  -4.40  39.00  -575.0  4907.0
 55.7828 18.3061  454   0.20  -4.40  39.00  -580.0  4913.0
 55.7828 18.3061  455   0.20  -4.40  39.00  -579.0  4909.0
 55.7828 18.3061  456   0.20  -4.40  39.00  -567.0  4913.0
 55.7828 18.3061  457   0.20  -4.40  39.00  -572.0  4909.0
 55.7828 18.3061  458   0.20  -4.40  39.00  -581.0  4901.0
 55.7828 18.3061  459   0.20  -4.40  39.00  -571.0  4905.0
 55.7828 18.3061  460   0.20  -4.40  39.00  -567.0  4905.0
 55.7828 18.3061  461   0.20  -4.40  39.00  -571.0  4901.0
 55.7828 18.3061  462   0.20  -4.40  39.00  -575.0  4909.0
 55.7828 18.3061  463   0.20  -4.40  39.00  -571.0  4905.0
 55.7827 18.3061  464   0.20  -4.40  39.00  -573.0  4911.0
 55.7827 18.3062  465   0.20  -4.40  39.00  -571.0  4905.0
 55.7828 18.3062  466   0.20  -4.40  39.00  -567.0  4909.0
 55.7828 18.3062  467   0.20  -4.40  39.00  -585.0  4903.0
 55.7828 18.3061  468   0.20  -4.40  39.00  -571.0  4901.0
 55.7828 18.3061  469   0.20  -4.40  39.00  -571.0  4898.0
 55.7828 18.3061  470   0.20  -4.40  39.00  -559.0  4905.0
 55.7828 18.3060  471   0.20  -4.40  39.00  -571.0  4905.0
 55.7828 18.3060  472   0.20  -4.40  39.00  -571.0  4901.0
 55.7827 18.3061  473   0.20  -4.40  39.00  -575.0  4901.0
 55.7827 18.3061  474   0.20  -4.40  39.00  -571.0  4909.0
 55.7827 18.3061  475   0.20  -4.40  39.00  -572.0  4906.0
 55.7827 18.3061  476   0.20  -4.40  39.00  -571.0  4909.0
 55.7828 18.3061  477   0.20  -4.40  39.00  -567.0  4907.0
 55.7828 18.3061  478   0.20  -4.40  39.00  -607.0 -5705.0
 55.7828 18.3061  479   0.20  -4.40  39.00  -615.0 -5705.0
 55.7828 18.3061  480   0.20  -4.40  39.00  -599.0 -5709.0
 55.7828 18.3061  481   0.20  -4.40  39.00  -619.0 -5699.0
 55.7828 18.3061  482   0.20  -4.40  39.00  -611.0 -5699.0
 55.7828 18.3061  483   0.20  -4.40  39.00  -609.0 -5699.0
 55.7828 18.3061  484   0.20  -4.40  39.00  -608.0 -5695.0
 55.7828 18.3061  485   0.20  -4.40  39.00  -609.0 -5711.0
 55.7828 18.3061  486   0.20  -4.40  39.00  -608.0 -5697.0
 55.7828 18.3061  487   0.20  -4.40  39.00  -607.0 -5699.0
 55.7828 18.3061  488   0.20  -4.40  39.00  -604.0 -5698.0
 55.7828 18.3061  489   0.20  -4.40  39.00  -605.0 -5695.0
 55.7828 18.3061  490   0.20  -4.40  39.00  -611.0 -5707.0
 55.7828 18.3061  491   0.20  -4.40  39.00  -615.0 -5703.0
 55.7828 18.3061  492   0.20  -4.40  39.00  -614.0 -5707.0
 55.7828 18.3061  493   0.20  -4.40  39.00  -619.0 -5699.0
 55.7828 18.3061  494   0.20  -4.40  39.00  -707.0 -5711.0
 55.7828 18.3061  495   0.20  -4.40  39.00  -709.0  4849.0
 55.7828 18.3061  496   0.20  -4.40  39.00  -705.0  4839.0
 55.7828 18.3061  497   0.20  -4.40  39.00  -695.0  4845.0
 55.7828 18.3061  498   0.20  -4.40  39.00  -702.0  4844.0
 55.7828 18.3061  499   0.20  -4.40  39.00  -703.0  4839.0
 55.7828 18.3061  500   0.20  -4.40  39.00  -709.0  4837.0
 55.7828 18.3061  501   0.20  -4.40  39.00  -707.0  4836.0
 55.7828 18.3061  502   0.20  -4.40  39.00  -704.0  4833.0
 55.7828 18.3061  503   0.20  -4.40  39.00  -703.0  4843.0
 55.7828 18.3061  504   0.20  -4.40  39.00  -707.0  4839.0
 55.7828 18.3061  505   0.20  -4.40  39.00  -707.0  4833.0
 55.7828 18.3061  506   0.20  -4.40  39.00  -703.0  4837.0
 55.7828 18.3061  507   0.20  -4.40  39.00  -703.0  4829.0
 55.7828 18.3061  508   0.20  -4.40  39.00  -701.0  4833.0
 55.7828 18.3061  509   0.20  -4.40  39.00  -708.0  4833.0
 55.7828 18.3061  510   0.20  -4.40  39.00  -707.0  4829.0
 55.7828 18.3061  511   0.20  -4.40  39.00  -707.0  4833.0
 55.7828 18.3061  512   0.20  -4.40  39.00  -707.0  4825.0
 55.7828 18.3061  513   0.20  -4.40  39.00  -704.0  4833.0
 55.7828 18.3061  514   0.20  -4.40  39.00  -704.0  4829.0
 55.7827 18.3061  515   0.20  -4.40  39.00  -707.0  4827.0
 55.7827 18.3060  516   0.20  -4.40  39.00  -703.0  4829.0
 55.7828 18.3061  517   0.20  -4.40  39.00  -715.0  4825.0
 55.7828 18.3061  518   0.20  -4.40  39.00  -707.0  4826.0
 55.7828 18.3061  519   0.20  -4.40  39.00  -707.0  4825.0
 55.7828 18.3059  520   0.20  -4.40  39.00  -711.0  4821.0
 55.7828 18.3059  521   0.20  -4.40  39.00  -704.0  4825.0
 55.7827 18.3061  522   0.20  -4.40  39.00  -703.0  4821.0
 55.7828 18.3061  523   0.20  -4.40  39.00  -699.0  4823.0
 55.7828 18.3061  524   0.20  -4.40  39.00  -707.0  4825.0
 55.7828 18.3061  525   0.20  -4.40  39.00  -707.0  4831.0
 55.7828 18.3061  526   0.20  -4.40  39.00  -719.0  4837.0
 55.7828 18.3061  527   0.20  -4.40  39.00  -707.0  4809.0
 55.7828 18.3061  528   0.20  -4.40  39.00  -711.0  4820.0
 55.7828 18.3061  529   0.20  -4.40  39.00  -744.0  4821.0
 55.7828 18.3061  530   0.20  -4.40  39.00  -745.0  4061.0
 55.7828 18.3061  531   0.20  -4.40  39.00  -745.0  4053.0
 55.7828 18.3061  532   0.20  -4.40  39.00  -747.0  4053.0
 55.7828 18.3061  533   0.20  -4.40  39.00  -755.0  4055.0
 55.7828 18.3061  534   0.20  -4.40  39.00  -747.0  4053.0
 55.7828 18.3061  535   0.20  -4.40  39.00  -746.0  4047.0
 55.7828 18.3061  536   0.20  -4.40  39.00  -751.0  4059.0
 55.7828 18.3061  537   0.20  -4.40  39.00  -749.0  4051.0
 55.7828 18.3061  538   0.20  -4.40  39.00  -746.0  4052.0
 55.7828 18.3061  539   0.20  -4.40  39.00  -741.0  4053.0
 55.7828 18.3061  540   0.20  -4.40  39.00  -745.0  4053.0
 55.7828 18.3061  541   0.20  -4.40  39.00  -747.0  4053.0
 55.7828 18.3061  542   0.20  -4.40  39.00  -743.0  4053.0
 55.7828 18.3061  543   0.20  -4.40  39.00  -748.0  4059.0
 55.7828 18.3061  544   0.20  -4.40  39.00  -747.0  4057.0
 55.7828 18.3061  545   0.20  -4.40  39.00  -751.0  4053.0
 55.7828 18.3061  546   0.20  -4.40  39.00  -755.0  4053.0
 55.7828 18.3061  547   0.20  -4.40  39.00  -745.0  4055.0
 55.7828 18.3061  548   0.20  -4.40  39.00  -747.0  4053.0
 55.7828 18.3061  549   0.20  -4.40  39.00  -751.0  4052.0
 55.7828 18.3061  550   0.20  -4.40  39.00  -749.0  4052.0
 55.7828 18.3061  551   0.20  -4.40  39.00  -743.0  4051.0
 55.7828 18.3061  552   0.20  -4.40  39.00  -753.0  4057.0
 55.7828 18.3061  553   0.20  -4.40  39.00  -747.0  4053.0
 55.7828 18.3061  554   0.20  -4.40  39.00  -755.0  4061.0
 55.7828 18.3061  555   0.20  -4.40  39.00  -753.0  4057.0
 55.7828 18.3061  556   0.20  -4.40  39.00  -753.0  4055.0
 55.7828 18.3061  557   0.20  -4.40  39.00  -745.0  4049.0
 55.7828 18.3061  558   0.20  -4.40  39.00  -755.0  4045.0
 55.7828 18.3061  559   0.20  -4.40  39.00  -751.0  4060.0
 55.7828 18.3061  560   0.20  -4.40  39.00  -747.0  4049.0
 55.7828 18.3061  561   0.20  -4.40  39.00  -736.0  4049.0
 55.7828 18.3061  562   0.20  -4.40  39.00  -747.0  4045.0
 55.7828 18.3061  563   0.20  -4.40  39.00  -753.0  4057.0
 55.7828 18.3061  564   0.20  -4.40  39.00  -745.0  4057.0
 55.7828 18.3061  565   0.20  -4.40  39.00  -751.0  4051.0
 55.7828 18.3061  566   0.20  -4.40  39.00  -743.0  4045.0
 55.7828 18.3061  567   0.20  -4.40  39.00  -743.0  4053.0
 55.7828 18.3061  568   0.20  -4.40  39.00  -749.0  4040.0
 55.7828 18.3061  569   0.20  -4.40  39.00  -747.0  4050.0
 55.7828 18.3061  570   0.20  -4.40  39.00  -751.0  4043.0
 55.7828 18.3061  571   0.20  -4.40  39.00  -747.0  4047.0
 55.7828 18.3061  572   0.20  -4.40  39.00  -747.0  4049.0
 55.7828 18.3061  573   0.20  -4.40  39.00  -749.0  4052.0
 55.7828 18.3061  574   0.20  -4.40  39.00  -715.0  4049.0
 55.7828 18.3061  575   0.20  -4.40  39.00  -719.0  2447.0
 55.7828 18.3061  576   0.20  -4.40  39.00  -713.0  2453.0
 55.7828 18.3061  577   0.20  -4.40  39.00  -715.0  2445.0
 55.7828 18.3061  578   0.20  -4.40  39.00  -715.0  2443.0
 55.7828 18.3061  579   0.20  -4.40  39.00  -707.0  2447.0
 55.7828 18.3061  580   0.20  -4.40  39.00  -719.0  2449.0
 55.7828 18.3061  581   0.20  -4.40  39.00  -719.0  2453.0
 55.7827 18.3061  582   0.20  -4.40  39.00  -711.0  2449.0
 55.7827 18.3061  583   0.20  -4.40  39.00  -725.0  2447.0
 55.7828 18.3060  584   0.20  -4.40  39.00  -715.0  2447.0
 55.7828 18.3060  585   0.20  -4.40  39.00  -711.0  2452.0
 55.7827 18.3061  586   0.20  -4.40  39.00  -719.0  2437.0
 55.7827 18.3061  587   0.20  -4.40  39.00  -727.0  2445.0
 55.7827 18.3060  588   0.20  -4.40  39.00  -709.0  2445.0
 55.7828 18.3062  589   0.20  -4.40  39.00  -707.0  2445.0
 55.7828 18.3060  590   0.20  -4.40  39.00  -715.0  2445.0
 55.7828 18.3060  591   0.20  -4.40  39.00  -715.0  2454.0
 55.7828 18.3060  592   0.20  -4.40  39.00  -711.0  2443.0
 55.7828 18.3061  593   0.20  -4.40  39.00  -720.0  2464.0
 55.7828 18.3061  594   0.20  -4.40  39.00  -720.0  2441.0
 55.7827 18.3060  595   0.20  -4.40  39.00  -717.0  2453.0
 55.7827 18.3061  596   0.20  -4.40  39.00  -719.0  2441.0
 55.7827 18.3061  597   0.20  -4.40  39.00  -715.0  2445.0
 55.7828 18.3061  598   0.20  -4.40  39.00  -716.0  2459.0
 55.7828 18.3061  599   0.20  -4.40  39.00  -719.0  2444.0
 55.7828 18.3061  600   0.20  -4.40  39.00  -720.0  2445.0
 55.7828 18.3061  601   0.20  -4.40  39.00  -713.0  2447.0
 55.7828 18.3061  602   0.20  -4.40  39.00  -715.0  2445.0
 55.7828 18.3061  603   0.20  -4.40  39.00  -715.0  2447.0
 55.7828 18.3061  604   0.20  -4.40  39.00  -719.0  2457.0
 55.7828 18.3061  605   0.20  -4.40  39.00  -719.0  2453.0
 55.7828 18.3061  606   0.20  -4.40  39.00  -719.0  2445.0
 55.7828 18.3061  607   0.20  -4.40  39.00  -723.0  2452.0
 55.7828 18.3061  608   0.20  -4.40  39.00  -709.0  2445.0
 55.7827 18.3061  609   0.20  -4.40  39.00  -723.0  2452.0
 55.7827 18.3061  610   0.20  -4.40  39.00  -715.0  2443.0
 55.7828 18.3061  611   0.20  -4.40  39.00  -719.0  2449.0
 55.7828 18.3061  612   0.20  -4.40  39.00  -725.0  2449.0
 55.7828 18.3061  613   0.20  -4.40  39.00  -707.0  2455.0
 55.7828 18.3061  614   0.20  -4.40  39.00  -719.0  2449.0
 55.7828 18.3061  615   0.20  -4.40  39.00  -713.0  2443.0
 55.7828 18.3061  616   0.20  -4.40  39.00  -713.0  2447.0
 55.7828 18.3061  617   0.20  -4.40  39.00  -723.0  2445.0
 55.7828 18.3061  618   0.20  -4.40  39.00  -715.0  2445.0
 55.7828 18.3061  619   0.20  -4.40  39.00  -645.0  2448.0
 55.7828 18.3061  620   0.20  -4.40  39.00  -643.0   561.0
 55.7828 18.3061  621   0.20  -4.40  39.00  -636.0   553.0
 55.7828 18.3061  622   0.20  -4.40  39.00  -631.0   557.0
 55.7828 18.3061  623   0.20  -4.40  39.00  -635.0   553.0
 55.7828 18.3061  624   0.20  -4.40  39.00  -639.0   563.0
 55.7828 18.3061  625   0.20  -4.40  39.00  -641.0   565.0
 55.7828 18.3061  626   0.20  -4.40  39.00  -647.0   556.0
 55.7828 18.3061  627   0.20  -4.40  39.00  -651.0   553.0
 55.7828 18.3061  628   0.20  -4.40  39.00  -635.0   557.0
 55.7828 18.3061  629   0.20  -4.40  39.00  -639.0   555.0
 55.7828 18.3061  630   0.20  -4.40  39.00  -643.0   561.0
 55.7828 18.3061  631   0.20  -4.40  39.00  -636.0   557.0
 55.7828 18.3061  632   0.20  -4.40  39.00  -641.0   553.0
 55.7828 18.3061  633   0.20  -4.40  39.00  -645.0   564.0
 55.7828 18.3061  634   0.20  -4.40  39.00  -643.0   565.0
 55.7828 18.3061  635   0.20  -4.40  39.00  -643.0   565.0
 55.7828 18.3061  636   0.20  -4.40  39.00  -643.0   559.0
 55.7828 18.3061  637   0.20  -4.40  39.00  -639.0   561.0
 55.7828 18.3061  638   0.20  -4.40  39.00  -639.0   561.0
 55.7828 18.3061  639   0.20  -4.40  39.00  -643.0   559.0
 55.7828 18.3061  640   0.20  -4.40  39.00  -636.0   561.0
 55.7828 18.3061  641   0.20  -4.40  39.00  -643.0   557.0
 55.7828 18.3061  642   0.20  -4.40  39.00  -639.0   559.0
 55.7828 18.3061  643   0.20  -4.40  39.00  -638.0   554.0
 55.7828 18.3061  644   0.20  -4.40  39.00  -643.0   557.0
 55.7828 18.3061  645   0.20  -4.40  39.00  -641.0   565.0
 55.7828 18.3061  646   0.20  -4.40  39.00  -643.0   561.0
 55.7828 18.3061  647   0.20  -4.40  39.00  -639.0   561.0
 55.7828 18.3061  648   0.20  -4.40  39.00  -640.0   561.0
 55.7828 18.3061  649   0.20  -4.40  39.00  -640.0   549.0
 55.7828 18.3061  650   0.20  -4.40  39.00  -643.0   561.0
 55.7828 18.3061  651   0.20  -4.40  39.00  -631.0   561.0
 55.7828 18.3061  652   0.20  -4.40  39.00  -640.0   561.0
 55.7828 18.3061  653   0.20  -4.40  39.00  -640.0   564.0
 55.7828 18.3061  654   0.20  -4.40  39.00  -639.0   559.0
 55.7828 18.3061  655   0.20  -4.40  39.00  -645.0   567.0
 55.7828 18.3061  656   0.20  -4.40  39.00  -635.0   561.0
 55.7827 18.3061  657   0.20  -4.40  39.00  -651.0   561.0
 55.7827 18.3061  658   0.20  -4.40  39.00  -643.0   557.0
 55.7828 18.3060  659   0.20  -4.40  39.00  -644.0   565.0
 55.7828 18.3060  660   0.20  -4.40  39.00  -647.0   568.0
 55.7827 18.3061  661   0.20  -4.40  39.00  -655.0   -12.0
 55.7827 18.3061  662   0.20  -4.40  39.00  -663.0    -4.0
 55.7827 18.3061  663   0.20  -4.40  39.00  -661.0    -7.0
 55.7827 18.3061  664   0.20  -4.40  39.00  -655.0   -19.0
 55.7827 18.3061  665   0.20  -4.40  39.00  -652.0   -19.0
 55.7828 18.3061  666   0.20  -4.40  39.00  -655.0   -15.0
 55.7828 18.3061  667   0.20  -4.40  39.00  -661.0   -13.0
 55.7828 18.3061  668   0.20  -4.40  39.00  -651.0   -11.0
 55.7828 18.3061  669   0.20  -4.40  39.00  -651.0   -15.0
 55.7828 18.3061  670   0.20  -4.40  39.00  -653.0    -3.0
 55.7828 18.3061  671   0.20  -4.40  39.00  -660.0    -9.0
 55.7828 18.3061  672   0.20  -4.40  39.00  -661.0   -16.0
 55.7828 18.3061  673   0.20  -4.40  39.00  -655.0   -10.0
 55.7828 18.3061  674   0.20  -4.40  39.00  -659.0   -13.0
 55.7828 18.3061  675   0.20  -4.40  39.00  -670.0   -12.0
 55.7827 18.3061  676   0.20  -4.40  39.00  -655.0   -12.0
 55.7827 18.3061  677   0.20  -4.40  39.00  -651.0   -11.0
 55.7828 18.3061  678   0.20  -4.40  39.00  -666.0   -19.0
 55.7828 18.3061  679   0.20  -4.40  39.00  -661.0   -17.0
 55.7828 18.3061  680   0.20  -4.40  39.00  -659.0   -11.0
 55.7828 18.3061  681   0.20  -4.40  39.00  -657.0   -11.0
 55.7828 18.3061  682   0.20  -4.40  39.00  -659.0   -23.0
 55.7828 18.3061  683   0.20  -4.40  39.00  -659.0    -9.0
 55.7828 18.3061  684   0.20  -4.40  39.00  -655.0   -11.0
 55.7828 18.3061  685   0.20  -4.40  39.00  -651.0   -11.0
 55.7828 18.3061  686   0.20  -4.40  39.00  -655.0   -23.0
 55.7828 18.3061  687   0.20  -4.40  39.00  -652.0   -15.0
 55.7828 18.3061  688   0.20  -4.40  39.00  -659.0   -19.0
 55.7828 18.3061  689   0.20  -4.40  39.00  -651.0   -11.0
 55.7828 18.3061  690   0.20  -4.40  39.00  -660.0    -3.0
 55.7828 18.3061  691   0.20  -4.40  39.00  -663.0   -15.0
 55.7828 18.3061  692   0.20  -4.40  39.00  -657.0    -7.0
 55.7828 18.3061  693   0.20  -4.40  39.00  -663.0   -11.0
 55.7828 18.3061  694   0.20  -4.40  39.00  -661.0   -15.0
 55.7828 18.3061  695   0.20  -4.40  39.00  -657.0   -11.0
 55.7828 18.3061  696   0.20  -4.40  39.00  -655.0    -7.0
 55.7828 18.3061  697   0.20  -4.40  39.00  -659.0   -13.0
 55.7828 18.3061  698   0.20  -4.40  39.00  -652.0    -7.0
 55.7828 18.3061  699   0.20  -4.40  39.00  -655.0   -11.0
 55.7828 18.3061  700   0.20  -4.40  39.00  -651.0  -103.0
 55.7828 18.3061  701   0.20  -4.40  39.00  -659.0   -98.0
 55.7828 18.3061  702   0.20  -4.40  39.00  -652.0   -95.0
 55.7828 18.3061  703   0.20  -4.40  39.00  -572.0  3197.0
 55.7828 18.3061  704   0.20  -4.40  39.00  -579.0  3193.0
 55.7828 18.3061  705   0.20  -4.40  39.00  -575.0  3197.0
 55.7828 18.3061  706   0.20  -4.40  39.00  -571.0  3189.0
 55.7828 18.3061  707   0.20  -4.40  39.00  -571.0  3197.0
 55.7828 18.3061  708   0.20  -4.40  39.00  -571.0  3198.0
 55.7828 18.3061  709   0.20  -4.40  39.00  -571.0  3197.0
 55.7828 18.3061  710   0.20  -4.40  39.00  -571.0  3193.0
 55.7828 18.3061  711   0.20  -4.40  39.00  -575.0  3197.0
 55.7828 18.3061  712   0.20  -4.40  39.00  -567.0  3197.0
 55.7828 18.3061  713   0.20  -4.40  39.00  -568.0  3200.0
 55.7828 18.3061  714   0.20  -4.40  39.00  -569.0  3189.0
 55.7828 18.3061  715   0.20  -4.40  39.00  -572.0  3193.0
 55.7828 18.3061  716   0.20  -4.40  39.00  -567.0  3201.0
 55.7828 18.3061  717   0.20  -4.40  39.00  -571.0  3193.0
 55.7828 18.3061  718   0.20  -4.40  39.00  -572.0  3193.0
 55.7828 18.3061  719   0.20  -4.40  39.00  -573.0  3200.0
 55.7828 18.3061  720   0.20  -4.40  39.00  -572.0  3201.0
 55.7828 18.3061  721   0.20  -4.40  39.00  -560.0  3377.0
 55.7828 18.3061  722   0.20  -4.40  39.00  -555.0  3373.0
 55.7828 18.3061  723   0.20  -4.40  39.00  -567.0  3380.0
 55.7828 18.3061  724   0.20  -4.40  39.00  -559.0  3381.0
 55.7828 18.3061  725   0.20  -4.40  39.00  -563.0  3373.0
 55.7828 18.3061  726   0.20  -4.40  39.00  -563.0  3377.0
 55.7828 18.3061  727   0.20  -4.40  39.00  -567.0  3373.0
 55.7828 18.3061  728   0.20  -4.40  39.00  -557.0  3380.0
 55.7828 18.3061  729   0.20  -4.40  39.00  -563.0  3373.0
 55.7828 18.3061  730   0.20  -4.40  39.00  -563.0  3380.0
 55.7828 18.3061  731   0.20  -4.40  39.00  -561.0  3381.0
 55.7828 18.3061  732   0.20  -4.40  39.00  -561.0  3385.0
 55.7828 18.3061  733   0.20  -4.40  39.00  -567.0  3381.0
 55.7828 18.3061  734   0.20  -4.40  39.00  -567.0  3379.0
 55.7828 18.3061  735   0.20  -4.40  39.00  -567.0  3371.0
 55.7828 18.3061  736   0.20  -4.40  39.00  -565.0  3379.0
 55.7828 18.3061  737   0.20  -4.40  39.00  -563.0  3377.0
 55.7828 18.3061  738   0.20  -4.40  39.00  -563.0  3373.0
 55.7828 18.3061  739   0.20  -4.40  39.00  -539.0  2565.0
 55.7827 18.3060  740   0.20  -4.40  39.00  -539.0  2576.0
 55.7827 18.3060  741   0.20  -4.40  39.00  -535.0  2564.0
 55.7828 18.3061  742   0.20  -4.40  39.00  -539.0  2573.0
 55.7828 18.3061  743   0.20  -4.40  39.00  -534.0  2564.0
 55.7828 18.3061  744   0.20  -4.40  39.00  -535.0  2575.0
 55.7828 18.3061  745   0.20  -4.40  39.00  -544.0  2569.0
 55.7828 18.3061  746   0.20  -4.40  39.00  -539.0  2572.0
 55.7828 18.3061  747   0.20  -4.40  39.00  -547.0  2563.0
 55.7828 18.3060  748   0.20  -4.40  39.00  -537.0  2568.0
 55.7828 18.3061  749   0.20  -4.40  39.00  -541.0  2569.0
 55.7828 18.3061  750   0.20  -4.40  39.00  -539.0  2569.0
 55.7828 18.3061  751   0.20  -4.40  39.00  -547.0  2573.0
 55.7828 18.3061  752   0.20  -4.40  39.00  -539.0  2565.0
 55.7828 18.3061  753   0.20  -4.40  39.00  -542.0  2573.0
 55.7828 18.3061  754   0.20  -4.40  39.00  -540.0  2564.0
 55.7828 18.3061  755   0.20  -4.40  39.00  -536.0  2569.0
 55.7828 18.3061  756   0.20  -4.40  39.00  -543.0  2569.0
 55.7828 18.3061  757   0.20  -4.40  39.00  -527.0  2561.0
 55.7828 18.3061  758   0.20  -4.40  39.00  -544.0  2565.0
 55.7828 18.3061  759   0.20  -4.40  39.00  -543.0  2571.0
 55.7828 18.3061  760   0.20  -4.40  39.00  -539.0  2568.0
 55.7828 18.3061  761   0.20  -4.40  39.00  -539.0  2564.0
 55.7828 18.3061  762   0.20  -4.40  39.00  -539.0  2567.0
 55.7828 18.3061  763   0.20  -4.40  39.00  -541.0  2561.0
 55.7828 18.3061  764   0.20  -4.40  39.00  -529.0  2568.0
 55.7828 18.3061  765   0.20  -4.40  39.00  -543.0  2571.0
 55.7828 18.3061  766   0.20  -4.40  39.00  -535.0  2569.0
 55.7828 18.3061  767   0.20  -4.40  39.00  -511.0  2560.0
 55.7828 18.3061  768   0.20  -4.40  39.00  -519.0  1805.0
 55.7828 18.3061  769   0.20  -4.40  39.00  -519.0  1809.0
 55.7828 18.3061  770   0.20  -4.40  39.00  -515.0  1801.0
 55.7828 18.3061  771   0.20  -4.40  39.00  -521.0  1803.0
 55.7828 18.3061  772   0.20  -4.40  39.00  -515.0  1802.0
 55.7828 18.3061  773   0.20  -4.40  39.00  -511.0  1801.0
 55.7828 18.3061  774   0.20  -4.40  39.00  -513.0  1812.0
 55.7828 18.3061  775   0.20  -4.40  39.00  -516.0  1809.0
 55.7828 18.3061  776   0.20  -4.40  39.00  -516.0  1797.0
 55.7828 18.3061  777   0.20  -4.40  39.00  -515.0  1801.0
 55.7828 18.3061  778   0.20  -4.40  39.00  -519.0  1802.0
 55.7828 18.3061  779   0.20  -4.40  39.00  -515.0  1813.0
 55.7828 18.3061  780   0.20  -4.40  39.00  -515.0  1801.0
 55.7828 18.3061  781   0.20  -4.40  39.00  -519.0  1811.0
 55.7828 18.3061  782   0.20  -4.40  39.00  -512.0  1807.0
 55.7828 18.3061  783   0.20  -4.40  39.00  -522.0  1801.0
 55.7828 18.3061  784   0.20  -4.40  39.00  -516.0  1807.0
 55.7828 18.3061  785   0.20  -4.40  39.00  -519.0  1809.0
 55.7828 18.3061  786   0.20  -4.40  39.00  -519.0  1805.0
 55.7828 18.3061  787   0.20  -4.40  39.00  -511.0  1807.0
 55.7828 18.3061  788   0.20  -4.40  39.00  -512.0  1809.0
 55.7828 18.3061  789   0.20  -4.40  39.00  -511.0  1797.0
 55.7828 18.3061  790   0.20  -4.40  39.00  -515.0  1799.0
 55.7828 18.3061  791   0.20  -4.40  39.00  -515.0  1797.0
 55.7828 18.3061  792   0.20  -4.40  39.00  -515.0  1804.0
 55.7828 18.3061  793   0.20  -4.40  39.00  -515.0  1809.0
 55.7828 18.3061  794   0.20  -4.40  39.00  -519.0  1807.0
 55.7828 18.3061  795   0.20  -4.40  39.00  -508.0  1807.0
 55.7828 18.3061  796   0.20  -4.40  39.00  -519.0  1807.0
 55.7828 18.3061  797   0.20  -4.40  39.00  -513.0  1805.0
 55.7828 18.3061  798   0.20  -4.40  39.00  -519.0  1813.0
 55.7828 18.3061  799   0.20  -4.40  39.00  -513.0  1807.0
 55.7828 18.3061  800   0.20  -4.40  39.00  -513.0  1801.0
 55.7828 18.3061  801   0.20  -4.40  39.00  -523.0  1807.0
 55.7828 18.3061  802   0.20  -4.40  39.00  -519.0  1796.0
 55.7829 18.3061  803   0.20  -4.40  39.00  -521.0  1803.0
 55.7829 18.3061  804   0.20  -4.40  39.00  -519.0  1801.0
 55.7829 18.3061  805   0.20  -4.40  39.00  -511.0  1806.0
 55.7829 18.3061  806   0.20  -4.40  39.00  -519.0  1792.0
 55.7828 18.3060  807   0.20  -4.40  39.00  -519.0  1805.0
 55.7828 18.3060  808   0.20  -4.40  39.00  -515.0  1813.0
 55.7827 18.3061  809   0.20  -4.40  39.00  -501.0  1819.0
 55.7828 18.3061  810   0.20  -4.40  39.00  -491.0  1307.0
 55.7828 18.3061  811   0.20  -4.40  39.00  -491.0  1313.0
 55.7828 18.3061  812   0.20  -4.40  39.00  -476.0  1313.0
 55.7828 18.3061  813   0.20  -4.40  39.00  -503.0  1315.0
 55.7828 18.3061  814   0.20  -4.40  39.00  -491.0  1317.0
 55.7828 18.3061  815   0.20  -4.40  39.00  -495.0  1309.0
 55.7828 18.3061  816   0.20  -4.40  39.00  -495.0  1318.0
 55.7828 18.3061  817   0.20  -4.40  39.00  -495.0  1309.0
 55.7828 18.3061  818   0.20  -4.40  39.00  -496.0  1305.0
 55.7828 18.3061  819   0.20  -4.40  39.00  -497.0  1315.0
 55.7828 18.3061  820   0.20  -4.40  39.00  -503.0  1319.0
 55.7828 18.3061  821   0.20  -4.40  39.00  -495.0  1313.0
 55.7828 18.3061  822   0.20  -4.40  39.00  -483.0  1305.0
 55.7828 18.3061  823   0.20  -4.40  39.00  -483.0  1325.0
 55.7828 18.3061  824   0.20  -4.40  39.00  -488.0  1309.0
 55.7828 18.3061  825   0.20  -4.40  39.00  -497.0  1311.0
 55.7828 18.3061  826   0.20  -4.40  39.00  -491.0  1312.0
 55.7828 18.3061  827   0.20  -4.40  39.00  -507.0  1317.0
 55.7828 18.3061  828   0.20  -4.40  39.00  -491.0  1309.0
 55.7828 18.3061  829   0.20  -4.40  39.00  -492.0  1313.0
 55.7828 18.3061  830   0.20  -4.40  39.00  -502.0  1309.0
 55.7828 18.3061  831   0.20  -4.40  39.00  -495.0  1317.0
 55.7828 18.3061  832   0.20  -4.40  39.00  -495.0  1309.0
 55.7828 18.3061  833   0.20  -4.40  39.00  -499.0  1309.0
 55.7828 18.3061  834   0.20  -4.40  39.00  -495.0  1308.0
 55.7828 18.3061  835   0.20  -4.40  39.00  -503.0  1317.0
 55.7828 18.3061  836   0.20  -4.40  39.00  -495.0  1310.0
 55.7828 18.3061  837   0.20  -4.40  39.00  -499.0  1309.0
 55.7828 18.3061  838   0.20  -4.40  39.00  -495.0  1313.0
 55.7828 18.3061  839   0.20  -4.40  39.00  -499.0  1305.0
 55.7828 18.3061  840   0.20  -4.40  39.00  -499.0  1312.0
 55.7828 18.3061  841   0.20  -4.40  39.00  -495.0  1313.0
 55.7828 18.3061  842   0.20  -4.40  39.00  -500.0  1312.0
 55.7828 18.3061  843   0.20  -4.40  39.00  -501.0  1317.0
 55.7828 18.3061  844   0.20  -4.40  39.00  -493.0  1317.0
 55.7828 18.3061  845   0.20  -4.40  39.00  -491.0  1305.0
 55.7828 18.3061  846   0.20  -4.40  39.00  -495.0  1317.0
 55.7828 18.3061  847   0.20  -4.40  39.00  -503.0  1312.0
 55.7828 18.3061  848   0.20  -4.40  39.00  -499.0  1313.0
 55.7828 18.3061  849   0.20  -4.40  39.00  -492.0  1312.0
 55.7828 18.3061  850   0.20  -4.40  39.00  -491.0  1321.0
 55.7828 18.3061  851   0.20  -4.40  39.00  -677.0  2833.0
 55.7828 18.3061  852   0.20  -4.40  39.00  -681.0  2825.0
 55.7828 18.3061  853   0.20  -4.40  39.00  -679.0  2837.0
 55.7828 18.3060  854   0.20  -4.40  39.00  -675.0  2831.0
 55.7828 18.3061  855   0.20  -4.40  39.00  -680.0  2825.0
 55.7828 18.3061  856   0.20  -4.40  39.00  -683.0  2825.0
 55.7827 18.3061  857   0.20  -4.40  39.00  -677.0  2821.0
 55.7827 18.3061  858   0.20  -4.40  39.00  -748.0  2827.0
 55.7828 18.3061  859   0.20  -4.40  39.00  -749.0  3617.0
 55.7828 18.3061  860   0.20  -4.40  39.00  -757.0  3621.0
 55.7828 18.3061  861   0.20  -4.40  39.00  -756.0  3620.0
 55.7828 18.3060  862   0.20  -4.40  39.00  -747.0  3619.0
 55.7828 18.3060  863   0.20  -4.40  39.00  -753.0  3619.0
 55.7827 18.3061  864   0.20  -4.40  39.00  -747.0  3621.0
 55.7827 18.3061  865   0.20  -4.40  39.00  -749.0  3625.0
 55.7827 18.3061  866   0.20  -4.40  39.00  -748.0  3625.0
 55.7827 18.3061  867   0.20  -4.40  39.00  -748.0  3620.0
 55.7828 18.3061  868   0.20  -4.40  39.00  -751.0  3617.0
 55.7828 18.3061  869   0.20  -4.40  39.00  -753.0  3616.0
 55.7828 18.3061  870   0.20  -4.40  39.00  -745.0  3621.0
 55.7828 18.3061  871   0.20  -4.40  39.00  -757.0  3613.0
 55.7828 18.3060  872   0.20  -4.40  39.00  -744.0  3621.0
 55.7828 18.3061  873   0.20  -4.40  39.00  -756.0  3617.0
 55.7828 18.3061  874   0.20  -4.40  39.00  -748.0  3617.0
 55.7828 18.3061  875   0.20  -4.40  39.00  -753.0  3621.0
 55.7828 18.3061  876   0.20  -4.40  39.00  -752.0  3616.0
 55.7828 18.3061  877   0.20  -4.40  39.00  -747.0  3625.0
 55.7828 18.3061  878   0.20  -4.40  39.00  -751.0  3617.0
 55.7828 18.3061  879   0.20  -4.40  39.00  -747.0  3618.0
 55.7828 18.3061  880   0.20  -4.40  39.00  -745.0  3612.0
 55.7828 18.3061  881   0.20  -4.40  39.00  -751.0  3617.0
 55.7828 18.3061  882   0.20  -4.40  39.00  -747.0  3624.0
 55.7828 18.3061  883   0.20  -4.40  39.00  -751.0  3621.0
 55.7828 18.3061  884   0.20  -4.40  39.00  -753.0  3620.0
 55.7828 18.3061  885   0.20  -4.40  39.00  -748.0  3617.0
 55.7828 18.3061  886   0.20  -4.40  39.00  -743.0  3617.0
 55.7828 18.3061  887   0.20  -4.40  39.00  -743.0  3617.0
 55.7828 18.3061  888   0.20  -4.40  39.00  -756.0  3617.0
 55.7828 18.3061  889   0.20  -4.40  39.00  -747.0  3616.0
 55.7828 18.3061  890   0.20  -4.40  39.00  -763.0  3625.0
 55.7828 18.3061  891   0.20  -4.40  39.00  -748.0  3621.0
 55.7828 18.3061  892   0.20  -4.40  39.00  -751.0  3621.0
 55.7828 18.3061  893   0.20  -4.40  39.00  -747.0  3629.0
 55.7828 18.3061  894   0.20  -4.40  39.00  -747.0  3620.0
 55.7828 18.3061  895   0.20  -4.40  39.00  -743.0  3625.0
 55.7828 18.3061  896   0.20  -4.40  39.00  -751.0  3621.0
 55.7828 18.3061  897   0.20  -4.40  39.00  -743.0  3611.0
 55.7828 18.3061  898   0.20  -4.40  39.00  -743.0  3620.0
 55.7828 18.3061  899   0.20  -4.40  39.00  -769.0  3621.0
 55.7828 18.3061  900   0.20  -4.40  39.00  -768.0  3141.0
 55.7828 18.3061  901   0.20  -4.40  39.00  -763.0  3141.0
 55.7828 18.3061  902   0.20  -4.40  39.00  -771.0  3136.0
 55.7828 18.3061  903   0.20  -4.40  39.00  -766.0  3144.0
 55.7828 18.3061  904   0.20  -4.40  39.00  -773.0  3143.0
 55.7828 18.3061  905   0.20  -4.40  39.00  -768.0  3137.0
 55.7828 18.3061  906   0.20  -4.40  39.00  -759.0  3137.0
 55.7828 18.3061  907   0.20  -4.40  39.00  -771.0  3141.0
 55.7828 18.3061  908   0.20  -4.40  39.00  -763.0  3147.0
 55.7828 18.3061  909   0.20  -4.40  39.00  -763.0  3141.0
 55.7828 18.3061  910   0.20  -4.40  39.00  -767.0  3150.0
 55.7828 18.3061  911   0.20  -4.40  39.00  -765.0  3141.0
 55.7828 18.3061  912   0.20  -4.40  39.00  -771.0  3141.0
 55.7828 18.3061  913   0.20  -4.40  39.00  -759.0  3135.0
 55.7828 18.3061  914   0.20  -4.40  39.00  -765.0  3145.0
 55.7828 18.3061  915   0.20  -4.40  39.00  -768.0  3140.0
 55.7828 18.3061  916   0.20  -4.40  39.00  -775.0  3141.0
 55.7828 18.3061  917   0.20  -4.40  39.00  -767.0  3136.0
 55.7828 18.3061  918   0.20  -4.40  39.00  -763.0  3133.0
 55.7828 18.3061  919   0.20  -4.40  39.00  -764.0  3141.0
 55.7828 18.3061  920   0.20  -4.40  39.00  -768.0  3144.0
 55.7828 18.3061  921   0.20  -4.40  39.00  -768.0  3140.0
 55.7828 18.3061  922   0.20  -4.40  39.00  -768.0  3131.0
 55.7828 18.3061  923   0.20  -4.40  39.00  -767.0  3137.0
 55.7828 18.3061  924   0.20  -4.40  39.00  -764.0  3141.0
 55.7827 18.3060  925   0.20  -4.40  39.00  -769.0  3137.0
 55.7827 18.3060  926   0.20  -4.40  39.00  -777.0  3145.0
 55.7827 18.3060  927   0.20  -4.40  39.00  -772.0  3137.0
 55.7828 18.3061  928   0.20  -4.40  39.00  -771.0  3144.0
 55.7828 18.3061  929   0.20  -4.40  39.00  -771.0  3141.0
 55.7828 18.3061  930   0.20  -4.40  39.00  -767.0  3141.0
 55.7828 18.3061  931   0.20  -4.40  39.00  -771.0  3141.0
 55.7828 18.3061  932   0.20  -4.40  39.00  -763.0  3141.0
 55.7828 18.3060  933   0.20  -4.40  39.00  -767.0  3143.0
 55.7828 18.3060  934   0.20  -4.40  39.00  -767.0  3145.0
 55.7828 18.3061  935   0.20  -4.40  39.00  -767.0  3141.0
 55.7828 18.3061  936   0.20  -4.40  39.00  -772.0  3141.0
 55.7828 18.3061  937   0.20  -4.40  39.00  -725.0  3137.0
 55.7828 18.3061  938   0.20  -4.40  39.00  -727.0  2161.0
 55.7828 18.3061  939   0.20  -4.40  39.00  -723.0  2173.0
 55.7828 18.3061  940   0.20  -4.40  39.00  -727.0  2173.0
 55.7828 18.3061  941   0.20  -4.40  39.00  -725.0  2173.0
 55.7828 18.3061  942   0.20  -4.40  39.00  -727.0  2172.0
 55.7828 18.3061  943   0.20  -4.40  39.00  -727.0  2165.0
 55.7828 18.3061  944   0.20  -4.40  39.00  -727.0  2173.0
 55.7828 18.3061  945   0.20  -4.40  39.00  -723.0  2169.0
 55.7828 18.3061  946   0.20  -4.40  39.00  -535.0  3013.0
 55.7828 18.3061  947   0.20  -4.40  39.00  -543.0  3017.0
 55.7828 18.3061  948   0.20  -4.40  39.00  -541.0  3013.0
 55.7828 18.3061  949   0.20  -4.40  39.00  -539.0  3017.0
 55.7828 18.3061  950   0.20  -4.40  39.00  -535.0  3021.0
 55.7828 18.3061  951   0.20  -4.40  39.00  -537.0  3021.0
 55.7828 18.3061  952   0.20  -4.40  39.00  -535.0  3021.0
 55.7828 18.3061  953   0.20  -4.40  39.00  -539.0  3013.0
 55.7828 18.3061  954   0.20  -4.40  39.00  -539.0  3014.0
 55.7828 18.3061  955   0.20  -4.40  39.00  -539.0  3016.0
 55.7828 18.3061  956   0.20  -4.40  39.00  -531.0  3021.0
 55.7828 18.3060  957   0.20  -4.40  39.00  -543.0  3021.0
 55.7828 18.3061  958   0.20  -4.40  39.00  -539.0  3019.0
 55.7828 18.3061  959   0.20  -4.40  39.00  -539.0  3020.0
 55.7828 18.3061  960   0.20  -4.40  39.00  -544.0  3029.0
 55.7828 18.3061  961   0.20  -4.40  39.00  -525.0  3021.0
 55.7828 18.3061  962   0.20  -4.40  39.00  -531.0  3013.0
 55.7828 18.3061  963   0.20  -4.40  39.00  -539.0  3021.0
 55.7828 18.3061  964   0.20  -4.40  39.00  -539.0  3025.0
 55.7828 18.3061  965   0.20  -4.40  39.00  -537.0  3013.0
 55.7828 18.3061  966   0.20  -4.40  39.00  -543.0  3025.0
 55.7827 18.3061  967   0.20  -4.40  39.00  -535.0  3025.0
 55.7827 18.3061  968   0.20  -4.40  39.00  -539.0  3021.0
 55.7827 18.3061  969   0.20  -4.40  39.00  -539.0  3009.0
 55.7828 18.3061  970   0.20  -4.40  39.00  -537.0  3013.0
 55.7828 18.3061  971   0.20  -4.40  39.00  -539.0  3013.0
 55.7828 18.3060  972   0.20  -4.40  39.00  -533.0  3013.0
 55.7828 18.3061  973   0.20  -4.40  39.00  -535.0  3025.0
 55.7827 18.3061  974   0.20  -4.40  39.00  -539.0  3015.0
 55.7828 18.3062  975   0.20  -4.40  39.00  -515.0  3023.0
 55.7828 18.3062  976   0.20  -4.40  39.00  -511.0  3673.0
 55.7827 18.3061  977   0.20  -4.40  39.00  -503.0  3677.0
 55.7827 18.3061  978   0.20  -4.40  39.00  -515.0  3672.0
 55.7828 18.3061  979   0.20  -4.40  39.00  -515.0  3673.0
 55.7828 18.3061  980   0.20  -4.40  39.00  -508.0  3677.0
 55.7828 18.3061  981   0.20  -4.40  39.00  -511.0  3669.0
 55.7828 18.3061  982   0.20  -4.40  39.00  -511.0  3673.0
 55.7828 18.3061  983   0.20  -4.40  39.00  -508.0  3665.0
 55.7828 18.3061  984   0.20  -4.40  39.00  -511.0  3675.0
 55.7828 18.3061  985   0.20  -4.40  39.00  -519.0  3676.0
 55.7828 18.3061  986   0.20  -4.40  39.00  -507.0  3673.0
 55.7828 18.3061  987   0.20  -4.40  39.00  -515.0  3681.0
 55.7828 18.3061  988   0.20  -4.40  39.00  -520.0  3680.0
 55.7828 18.3061  989   0.20  -4.40  39.00  -511.0  3681.0
 55.7828 18.3061  990   0.20  -4.40  39.00  -512.0  3669.0
 55.7828 18.3061  991   0.20  -4.40  39.00  -512.0  3669.0
 55.7828 18.3061  992   0.20  -4.40  39.00  -511.0  3676.0
 55.7828 18.3061  993   0.20  -4.40  39.00  -517.0  3672.0
 55.7828 18.3061  994   0.20  -4.40  39.00  -515.0  3669.0
 55.7828 18.3061  995   0.20  -4.40  39.00  -519.0  3659.0
 55.7828 18.3061  996   0.20  -4.40  39.00  -512.0  3661.0
 55.7828 18.3061  997   0.20  -4.40  39.00  -512.0  3673.0
 55.7828 18.3061  998   0.20  -4.40  39.00  -515.0  3673.0
 55.7828 18.3061  999   0.20  -4.40  39.00  -515.0  3669.0
