 60.1432 15.9333    0   0.50  -1.80  35.00  -435.0 -2141.0
 60.1431 15.9333    1   0.50  -1.80  35.00  -443.0 -2139.0
 60.1431 15.9333    2   0.50  -1.80  35.00  -441.0 -2148.0
 60.1431 15.9333    3   0.50  -1.80  35.00  -437.0 -2143.0
 60.1431 15.9333    4   0.50  -1.80  35.00  -447.0 -2145.0
 60.1431 15.9333    5   0.50  -1.80  35.00  -443.0 -2149.0
 60.1431 15.9333    6   0.50  -1.80  35.00  -447.0 -2143.0
 60.1431 15.9333    7   0.50  -1.80  35.00  -435.0 -2145.0
 60.1431 15.9333    8   0.50  -1.80  35.00  -445.0 -2140.0
 60.1431 15.9333    9   0.50  -1.80  35.00  -447.0 -2140.0
 60.1431 15.9333   10   0.50  -1.80  35.00  -441.0 -2140.0
 60.1431 15.9333   11   0.50  -1.80  35.00  -445.0 -2145.0
 60.1431 15.9333   12   0.50  -1.80  35.00  -444.0 -2143.0
 60.1431 15.9333   13   0.50  -1.80  35.00  -443.0 -2151.0
 60.1431 15.9333   14   0.50  -1.80  35.00  -433.0 -2148.0
 60.1431 15.9333   15   0.50  -1.80  35.00  -435.0 -2139.0
 60.1431 15.9333   16   0.50  -1.80  35.00  -441.0 -2139.0
 60.1431 15.9333   17   0.50  -1.80  35.00  -443.0 -2143.0
 60.1431 15.9333   18   0.50  -1.80  35.00  -447.0 -2139.0
 60.1431 15.9333   19   0.50  -1.80  35.00  -440.0 -2139.0
 60.1431 15.9333   20   0.50  -1.80  35.00  -443.0 -2143.0
 60.1431 15.9333   21   0.50  -1.80  35.00  -440.0 -2136.0
 60.1431 15.9333   22   0.50  -1.80  35.00  -435.0 -2155.0
 60.1431 15.9333   23   0.50  -1.80  35.00  -435.0 -2139.0
 60.1431 15.9333   24   0.50  -1.80  35.00  -447.0 -2143.0
 60.1431 15.9333   25   0.50  -1.80  35.00  -439.0 -2147.0
 60.1431 15.9333   26   0.50  -1.80  35.00  -445.0 -2145.0
 60.1431 15.9333   27   0.50  -1.80  35.00  -433.0 -2142.0
 60.1431 15.9333   28   0.50  -1.80  35.00  -439.0 -2144.0
 60.1431 15.9333   29   0.50  -1.80  35.00  -445.0 -2142.0
 60.1431 15.9333   30   0.50  -1.80  35.00  -441.0 -2140.0
 60.1431 15.9333   31   0.50  -1.80  35.00  -443.0 -2151.0
 60.1431 15.9333   32   0.50  -1.80  35.00  -435.0 -2143.0
 60.1431 15.9333   33   0.50  -1.80  35.00  -436.0 -1984.0
 60.1431 15.9333   34   0.50  -1.80  35.00  -437.0 -1987.0
 60.1431 15.9333   35   0.50  -1.80  35.00  -423.0 -1984.0
 60.1431 15.9333   36   0.50  -1.80  35.00  -429.0 -1992.0
 60.1431 15.9333   37   0.50  -1.80  35.00  -433.0 -1982.0
 60.1431 15.9333   38   0.50  -1.80  35.00  -435.0 -1987.0
 60.1431 15.9333   39   0.50  -1.80  35.00  -433.0 -1987.0
 60.1431 15.9333   40   0.50  -1.80  35.00  -433.0 -1988.0
 60.1431 15.9333   41   0.50  -1.80  35.00  -441.0 -1989.0
 60.1431 15.9333   42   0.50  -1.80  35.00  -435.0 -1985.0
 60.1431 15.9333   43   0.50  -1.80  35.00  -439.0 -1987.0
 60.1431 15.9333   44   0.50  -1.80  35.00  -441.0 -1988.0
 60.1431 15.9333   45   0.50  -1.80  35.00  -428.0 -1991.0
 60.1431 15.9333   46   0.50  -1.80  35.00  -433.0 -1991.0
 60.1431 15.9333   47   0.50  -1.80  35.00  -433.0 -1991.0
 60.1431 15.9333   48   0.50  -1.80  35.00  -433.0 -1983.0
 60.1431 15.9333   49   0.50  -1.80  35.00  -441.0 -1989.0
 60.1431 15.9333   50   0.50  -1.80  35.00  -429.0 -1981.0
 60.1431 15.9333   51   0.50  -1.80  35.00  -431.0 -1990.0
 60.1431 15.9333   52   0.50  -1.80  35.00  -433.0 -1985.0
 60.1431 15.9333   53   0.50  -1.80  35.00  -433.0 -1982.0
 60.1431 15.9333   54   0.50  -1.80  35.00  -435.0 -1989.0
 60.1431 15.9333   55   0.50  -1.80  35.00  -435.0 -1989.0
 60.1431 15.9333   56   0.50  -1.80  35.00  -431.0 -1983.0
 60.1431 15.9333   57   0.50  -1.80  35.00  -427.0 -1989.0
 60.1431 15.9333   58   0.50  -1.80  35.00  -433.0 -1987.0
 60.1431 15.9333   59   0.50  -1.80  35.00  -439.0 -1991.0
 60.1431 15.9333   60   0.50  -1.80  35.00  -431.0 -1989.0
 60.1431 15.9333   61   0.50  -1.80  35.00  -433.0 -1987.0
 60.1431 15.9333   62   0.50  -1.80  35.00  -433.0 -1987.0
 60.1431 15.9333   63   0.50  -1.80  35.00  -433.0 -1980.0
 60.1431 15.9333   64   0.50  -1.80  35.00  -438.0 -1989.0
 60.1431 15.9333   65   0.50  -1.80  35.00  -433.0 -1980.0
 60.1431 15.9333   66   0.50  -1.80  35.00  -428.0 -1995.0
 60.1432 15.9333   67   0.50  -1.80  35.00  -443.0 -1983.0
 60.1432 15.9333   68   0.50  -1.80  35.00  -435.0 -1995.0
 60.1431 15.9333   69   0.50  -1.80  35.00  -429.0 -1988.0
 60.1431 15.9333   70   0.50  -1.80  35.00  -435.0 -1985.0
 60.1431 15.9333   71   0.50  -1.80  35.00  -435.0 -1991.0
 60.1431 15.9333   72   0.50  -1.80  35.00  -437.0 -1984.0
 60.1430 15.9333   73   0.50  -1.80  35.00  -431.0 -2713.0
 60.1430 15.9333   74   0.50  -1.80  35.00  -431.0 -2705.0
 60.1431 15.9333   75   0.50  -1.80  35.00  -427.0 -2713.0
 60.1431 15.9333   76   0.50  -1.80  35.00  -427.0 -2707.0
 60.1431 15.9333   77   0.50  -1.80  35.00  -427.0 -2700.0
 60.1431 15.9333   78   0.50  -1.80  35.00  -432.0 -2705.0
 60.1431 15.9333   79   0.50  -1.80  35.00  -427.0 -2711.0
 60.1431 15.9333   80   0.50  -1.80  35.00  -431.0 -2700.0
 60.1431 15.9333   81   0.50  -1.80  35.00  -431.0 -2703.0
 60.1431 15.9333   82   0.50  -1.80  35.00  -432.0 -2719.0
 60.1431 15.9333   83   0.50  -1.80  35.00  -430.0 -2705.0
 60.1431 15.9333   84   0.50  -1.80  35.00  -427.0 -2699.0
 60.1431 15.9333   85   0.50  -1.80  35.00  -427.0 -2707.0
 60.1431 15.9333   86   0.50  -1.80  35.00  -426.0 -2707.0
 60.1431 15.9333   87   0.50  -1.80  35.00  -429.0 -2700.0
 60.1431 15.9333   88   0.50  -1.80  35.00  -430.0 -2701.0
 60.1431 15.9333   89   0.50  -1.80  35.00  -429.0 -2707.0
 60.1431 15.9333   90   0.50  -1.80  35.00  -427.0 -2711.0
 60.1431 15.9333   91   0.50  -1.80  35.00  -424.0 -2707.0
 60.1431 15.9333   92   0.50  -1.80  35.00  -423.0 -2709.0
 60.1431 15.9333   93   0.50  -1.80  35.00  -427.0 -2705.0
 60.1431 15.9333   94   0.50  -1.80  35.00  -427.0 -2707.0
 60.1431 15.9333   95   0.50  -1.80  35.00  -427.0 -2719.0
 60.1431 15.9333   96   0.50  -1.80  35.00  -431.0 -2708.0
 60.1431 15.9333   97   0.50  -1.80  35.00  -427.0 -2708.0
 60.1431 15.9333   98   0.50  -1.80  35.00  -419.0 -2715.0
 60.1431 15.9333   99   0.50  -1.80  35.00  -429.0 -2697.0
 60.1431 15.9333  100   0.50  -1.80  35.00  -427.0 -2707.0
 60.1431 15.9333  101   0.50  -1.80  35.00  -427.0 -2706.0
 60.1431 15.9333  102   0.50  -1.80  35.00  -425.0 -2707.0
 60.1431 15.9333  103   0.50  -1.80  35.00  -427.0 -2705.0
 60.1431 15.9333  104   0.50  -1.80  35.00  -425.0 -2715.0
 60.1431 15.9333  105   0.50  -1.80  35.00  -424.0 -2707.0
 60.1431 15.9333  106   0.50  -1.80  35.00  -433.0 -2705.0
 60.1431 15.9333  107   0.50  -1.80  35.00  -425.0 -2699.0
 60.1431 15.9333  108   0.50  -1.80  35.00  -427.0 -2703.0
 60.1431 15.9333  109   0.50  -1.80  35.00  -429.0 -2703.0
 60.1431 15.9333  110   0.50  -1.80  35.00  -431.0 -2719.0
 60.1431 15.9333  111   0.50  -1.80  35.00  -435.0 -2705.0
 60.1431 15.9333  112   0.50  -1.80  35.00  -440.0 -2699.0
 60.1431 15.9333  113   0.50  -1.80  35.00  -407.0 -2699.0
 60.1431 15.9333  114   0.50  -1.80  35.00  -411.0 -3145.0
 60.1431 15.9333  115   0.50  -1.80  35.00  -416.0 -3148.0
 60.1431 15.9333  116   0.50  -1.80  35.00  -413.0 -3136.0
 60.1431 15.9333  117   0.50  -1.80  35.00  -415.0 -3151.0
 60.1431 15.9333  118   0.50  -1.80  35.00  -407.0 -3144.0
 60.1431 15.9333  119   0.50  -1.80  35.00  -411.0 -3147.0
 60.1431 15.9333  120   0.50  -1.80  35.00  -421.0 -3141.0
 60.1431 15.9333  121   0.50  -1.80  35.00  -407.0 -3143.0
 60.1431 15.9333  122   0.50  -1.80  35.00  -419.0 -3143.0
 60.1431 15.9333  123   0.50  -1.80  35.00  -411.0 -3135.0
 60.1431 15.9333  124   0.50  -1.80  35.00  -417.0 -3141.0
 60.1431 15.9333  125   0.50  -1.80  35.00  -418.0 -3144.0
 60.1431 15.9333  126   0.50  -1.80  35.00  -421.0 -3141.0
 60.1431 15.9333  127   0.50  -1.80  35.00  -411.0 -3139.0
 60.1431 15.9333  128   0.50  -1.80  35.00  -433.0 -3143.0
 60.1431 15.9333  129   0.50  -1.80  35.00  -407.0 -3139.0
 60.1431 15.9333  130   0.50  -1.80  35.00  -412.0 -3139.0
 60.1431 15.9333  131   0.50  -1.80  35.00  -411.0 -3147.0
 60.1431 15.9333  132   0.50  -1.80  35.00  -401.0 -3148.0
 60.1431 15.9333  133   0.50  -1.80  35.00  -409.0 -3147.0
 60.1431 15.9333  134   0.50  -1.80  35.00  -411.0 -3150.0
 60.1431 15.9333  135   0.50  -1.80  35.00  -431.0 -3136.0
 60.1431 15.9333  136   0.50  -1.80  35.00  -413.0 -3140.0
 60.1431 15.9333  137   0.50  -1.80  35.00  -413.0 -3143.0
 60.1431 15.9333  138   0.50  -1.80  35.00  -411.0 -3141.0
 60.1431 15.9333  139   0.50  -1.80  35.00  -420.0 -3136.0
 60.1431 15.9333  140   0.50  -1.80  35.00  -415.0 -3133.0
 60.1431 15.9333  141   0.50  -1.80  35.00  -411.0 -3144.0
 60.1431 15.9333  142   0.50  -1.80  35.00  -417.0 -3139.0
 60.1431 15.9333  143   0.50  -1.80  35.00  -411.0 -3141.0
 60.1431 15.9333  144   0.50  -1.80  35.00  -411.0 -3143.0
 60.1431 15.9333  145   0.50  -1.80  35.00  -415.0 -3137.0
 60.1431 15.9333  146   0.50  -1.80  35.00  -411.0 -3143.0
 60.1431 15.9333  147   0.50  -1.80  35.00  -409.0 -3142.0
 60.1431 15.9333  148   0.50  -1.80  35.00  -416.0 -3139.0
 60.1431 15.9333  149   0.50  -1.80  35.00  -414.0 -3141.0
 60.1431 15.9333  150   0.50  -1.80  35.00  -411.0 -3143.0
 60.1431 15.9333  151   0.50  -1.80  35.00  -411.0 -3147.0
 60.1431 15.9333  152   0.50  -1.80  35.00  -414.0 -3143.0
 60.1431 15.9333  153   0.50  -1.80  35.00  -416.0 -3147.0
 60.1431 15.9333  154   0.50  -1.80  35.00  -415.0 -3139.0
 60.1431 15.9333  155   0.50  -1.80  35.00  -419.0 -3145.0
 60.1431 15.9333  156   0.50  -1.80  35.00  -407.0 -3141.0
 60.1431 15.9333  157   0.50  -1.80  35.00  -411.0 -2451.0
 60.1431 15.9333  158   0.50  -1.80  35.00  -409.0 -2455.0
 60.1431 15.9333  159   0.50  -1.80  35.00  -406.0 -2451.0
 60.1431 15.9333  160   0.50  -1.80  35.00  -405.0 -2451.0
 60.1431 15.9333  161   0.50  -1.80  35.00  -407.0 -2459.0
 60.1431 15.9333  162   0.50  -1.80  35.00  -409.0 -2459.0
 60.1431 15.9333  163   0.50  -1.80  35.00  -415.0 -2452.0
 60.1431 15.9333  164   0.50  -1.80  35.00  -409.0 -2460.0
 60.1431 15.9333  165   0.50  -1.80  35.00  -409.0 -2449.0
 60.1431 15.9333  166   0.50  -1.80  35.00  -407.0 -2451.0
 60.1431 15.9333  167   0.50  -1.80  35.00  -411.0 -2453.0
 60.1431 15.9333  168   0.50  -1.80  35.00  -415.0 -2457.0
 60.1431 15.9333  169   0.50  -1.80  35.00  -409.0 -2465.0
 60.1431 15.9333  170   0.50  -1.80  35.00  -407.0 -2459.0
 60.1431 15.9333  171   0.50  -1.80  35.00  -411.0 -2451.0
 60.1431 15.9333  172   0.50  -1.80  35.00  -411.0 -2455.0
 60.1431 15.9333  173   0.50  -1.80  35.00  -404.0 -2445.0
 60.1431 15.9333  174   0.50  -1.80  35.00  -409.0 -2464.0
 60.1431 15.9333  175   0.50  -1.80  35.00  -414.0 -2452.0
 60.1431 15.9333  176   0.50  -1.80  35.00  -412.0 -2447.0
 60.1431 15.9333  177   0.50  -1.80  35.00  -415.0 -2453.0
 60.1431 15.9333  178   0.50  -1.80  35.00  -413.0 -2451.0
 60.1431 15.9333  179   0.50  -1.80  35.00  -408.0 -2459.0
 60.1431 15.9333  180   0.50  -1.80  35.00  -402.0 -2455.0
 60.1431 15.9333  181   0.50  -1.80  35.00  -411.0 -2467.0
 60.1431 15.9333  182   0.50  -1.80  35.00  -412.0 -2449.0
 60.1431 15.9333  183   0.50  -1.80  35.00  -411.0 -2456.0
 60.1431 15.9333  184   0.50  -1.80  35.00  -408.0 -2459.0
 60.1431 15.9333  185   0.50  -1.80  35.00  -403.0 -2452.0
 60.1431 15.9333  186   0.50  -1.80  35.00  -409.0 -2460.0
 60.1431 15.9333  187   0.50  -1.80  35.00  -415.0 -2459.0
 60.1431 15.9333  188   0.50  -1.80  35.00  -407.0 -2454.0
 60.1431 15.9333  189   0.50  -1.80  35.00  -409.0 -2443.0
 60.1431 15.9333  190   0.50  -1.80  35.00  -416.0 -2458.0
 60.1431 15.9333  191   0.50  -1.80  35.00  -407.0 -2440.0
 60.1431 15.9333  192   0.50  -1.80  35.00  -411.0 -2459.0
 60.1431 15.9333  193   0.50  -1.80  35.00  -405.0 -2457.0
 60.1431 15.9333  194   0.50  -1.80  35.00  -412.0 -2456.0
 60.1431 15.9333  195   0.50  -1.80  35.00  -405.0 -2451.0
 60.1431 15.9333  196   0.50  -1.80  35.00  -399.0 -2643.0
 60.1431 15.9333  197   0.50  -1.80  35.00  -406.0 -2630.0
 60.1431 15.9333  198   0.50  -1.80  35.00  -411.0 -2641.0
 60.1431 15.9333  199   0.50  -1.80  35.00  -405.0 -2631.0
 60.1431 15.9333  200   0.50  -1.80  35.00  -410.0 -2629.0
 60.1431 15.9333  201   0.50  -1.80  35.00  -391.0 -2637.0
 60.1431 15.9333  202   0.50  -1.80  35.00  -412.0 -2635.0
 60.1431 15.9333  203   0.50  -1.80  35.00  -403.0 -2635.0
 60.1431 15.9333  204   0.50  -1.80  35.00  -411.0 -2649.0
 60.1431 15.9333  205   0.50  -1.80  35.00  -407.0 -2631.0
 60.1431 15.9333  206   0.50  -1.80  35.00  -403.0 -2632.0
 60.1431 15.9333  207   0.50  -1.80  35.00  -405.0 -2640.0
 60.1431 15.9333  208   0.50  -1.80  35.00  -403.0 -2639.0
 60.1431 15.9333  209   0.50  -1.80  35.00  -408.0 -2639.0
 60.1431 15.9333  210   0.50  -1.80  35.00  -405.0 -2630.0
 60.1431 15.9333  211   0.50  -1.80  35.00  -395.0 -2641.0
 60.1430 15.9333  212   0.50  -1.80  35.00  -407.0 -2639.0
 60.1430 15.9333  213   0.50  -1.80  35.00  -403.0 -2635.0
 60.1431 15.9333  214   0.50  -1.80  35.00  -403.0 -2639.0
 60.1430 15.9333  215   0.50  -1.80  35.00  -403.0 -2651.0
 60.1430 15.9333  216   0.50  -1.80  35.00  -401.0 -2635.0
 60.1430 15.9333  217   0.50  -1.80  35.00  -411.0 -2633.0
 60.1431 15.9333  218   0.50  -1.80  35.00  -410.0 -2637.0
 60.1431 15.9333  219   0.50  -1.80  35.00  -408.0 -2636.0
 60.1431 15.9333  220   0.50  -1.80  35.00  -408.0 -2643.0
 60.1431 15.9333  221   0.50  -1.80  35.00  -412.0 -2627.0
 60.1431 15.9333  222   0.50  -1.80  35.00  -407.0 -2630.0
 60.1431 15.9333  223   0.50  -1.80  35.00  -398.0 -2629.0
 60.1431 15.9333  224   0.50  -1.80  35.00  -401.0 -2635.0
 60.1431 15.9333  225   0.50  -1.80  35.00  -410.0 -2639.0
 60.1431 15.9333  226   0.50  -1.80  35.00  -407.0 -2636.0
 60.1431 15.9333  227   0.50  -1.80  35.00  -399.0 -2635.0
 60.1431 15.9333  228   0.50  -1.80  35.00  -408.0 -2629.0
 60.1431 15.9333  229   0.50  -1.80  35.00  -401.0 -2641.0
 60.1431 15.9333  230   0.50  -1.80  35.00  -398.0 -2641.0
 60.1431 15.9333  231   0.50  -1.80  35.00  -406.0 -2647.0
 60.1431 15.9333  232   0.50  -1.80  35.00  -399.0 -2635.0
 60.1431 15.9333  233   0.50  -1.80  35.00  -403.0 -2641.0
 60.1431 15.9333  234   0.50  -1.80  35.00  -405.0 -2639.0
 60.1431 15.9333  235   0.50  -1.80  35.00  -405.0 -2639.0
 60.1431 15.9333  236   0.50  -1.80  35.00  -401.0 -2632.0
 60.1431 15.9333  237   0.50  -1.80  35.00  -399.0 -2635.0
 60.1431 15.9333  238   0.50  -1.80  35.00  -405.0 -2731.0
 60.1431 15.9333  239   0.50  -1.80  35.00  -411.0 -2731.0
 60.1431 15.9333  240   0.50  -1.80  35.00  -401.0 -2732.0
 60.1431 15.9333  241   0.50  -1.80  35.00  -408.0 -2723.0
 60.1431 15.9333  242   0.50  -1.80  35.00  -420.0 -2735.0
 60.1431 15.9333  243   0.50  -1.80  35.00  -411.0 -2734.0
 60.1431 15.9333  244   0.50  -1.80  35.00  -411.0 -2731.0
 60.1431 15.9333  245   0.50  -1.80  35.00  -407.0 -2728.0
 60.1431 15.9333  246   0.50  -1.80  35.00  -407.0 -2736.0
 60.1431 15.9333  247   0.50  -1.80  35.00  -405.0 -2731.0
 60.1431 15.9333  248   0.50  -1.80  35.00  -405.0 -2731.0
 60.1431 15.9333  249   0.50  -1.80  35.00  -404.0 -2735.0
 60.1431 15.9333  250   0.50  -1.80  35.00  -403.0 -2731.0
 60.1431 15.9333  251   0.50  -1.80  35.00  -411.0 -2731.0
 60.1431 15.9333  252   0.50  -1.80  35.00  -403.0 -2739.0
 60.1431 15.9333  253   0.50  -1.80  35.00  -399.0 -2735.0
 60.1431 15.9333  254   0.50  -1.80  35.00  -403.0 -2733.0
 60.1431 15.9333  255   0.50  -1.80  35.00  -403.0 -2725.0
 60.1431 15.9333  256   0.50  -1.80  35.00  -411.0 -2735.0
 60.1431 15.9333  257   0.50  -1.80  35.00  -411.0 -2731.0
 60.1431 15.9333  258   0.50  -1.80  35.00  -409.0 -2728.0
 60.1431 15.9333  259   0.50  -1.80  35.00  -409.0 -2731.0
 60.1431 15.9333  260   0.50  -1.80  35.00  -407.0 -2731.0
 60.1431 15.9333  261   0.50  -1.80  35.00  -401.0 -2732.0
 60.1431 15.9333  262   0.50  -1.80  35.00  -407.0 -2727.0
 60.1431 15.9333  263   0.50  -1.80  35.00  -401.0 -2737.0
 60.1431 15.9333  264   0.50  -1.80  35.00  -395.0 -2735.0
 60.1431 15.9333  265   0.50  -1.80  35.00  -399.0 -2717.0
 60.1431 15.9333  266   0.50  -1.80  35.00  -399.0 -2732.0
 60.1431 15.9333  267   0.50  -1.80  35.00  -398.0 -2735.0
 60.1431 15.9333  268   0.50  -1.80  35.00  -408.0 -2731.0
 60.1431 15.9333  269   0.50  -1.80  35.00  -405.0 -2732.0
 60.1431 15.9333  270   0.50  -1.80  35.00  -401.0 -2734.0
 60.1431 15.9333  271   0.50  -1.80  35.00  -393.0 -2735.0
 60.1431 15.9333  272   0.50  -1.80  35.00  -403.0 -2727.0
 60.1431 15.9333  273   0.50  -1.80  35.00  -403.0 -2731.0
 60.1431 15.9333  274   0.50  -1.80  35.00  -409.0 -2733.0
 60.1430 15.9333  275   0.50  -1.80  35.00  -407.0 -2739.0
 60.1430 15.9333  276   0.50  -1.80  35.00  -405.0 -2723.0
 60.1430 15.9333  277   0.50  -1.80  35.00  -403.0 -2739.0
 60.1431 15.9333  278   0.50  -1.80  35.00  -411.0 -2673.0
 60.1431 15.9333  279   0.50  -1.80  35.00  -409.0 -2679.0
 60.1431 15.9333  280   0.50  -1.80  35.00  -406.0 -2675.0
 60.1431 15.9333  281   0.50  -1.80  35.00  -408.0 -2675.0
 60.1431 15.9333  282   0.50  -1.80  35.00  -401.0 -2676.0
 60.1431 15.9333  283   0.50  -1.80  35.00  -407.0 -2667.0
 60.1431 15.9333  284   0.50  -1.80  35.00  -409.0 -2670.0
 60.1431 15.9333  285   0.50  -1.80  35.00  -406.0 -2674.0
 60.1431 15.9333  286   0.50  -1.80  35.00  -407.0 -2669.0
 60.1431 15.9333  287   0.50  -1.80  35.00  -403.0 -2679.0
 60.1431 15.9333  288   0.50  -1.80  35.00  -412.0 -2674.0
 60.1431 15.9333  289   0.50  -1.80  35.00  -408.0 -2667.0
 60.1431 15.9333  290   0.50  -1.80  35.00  -409.0 -2671.0
 60.1431 15.9333  291   0.50  -1.80  35.00  -403.0 -2671.0
 60.1431 15.9333  292   0.50  -1.80  35.00  -407.0 -2679.0
 60.1431 15.9333  293   0.50  -1.80  35.00  -409.0 -2683.0
 60.1431 15.9333  294   0.50  -1.80  35.00  -407.0 -2677.0
 60.1431 15.9333  295   0.50  -1.80  35.00  -407.0 -2673.0
 60.1431 15.9333  296   0.50  -1.80  35.00  -401.0 -2676.0
 60.1431 15.9333  297   0.50  -1.80  35.00  -411.0 -2678.0
 60.1431 15.9333  298   0.50  -1.80  35.00  -394.0 -2680.0
 60.1431 15.9334  299   0.50  -1.80  35.00  -409.0 -2677.0
 60.1431 15.9334  300   0.50  -1.80  35.00  -403.0 -2675.0
 60.1431 15.9333  301   0.50  -1.80  35.00  -410.0 -2679.0
 60.1431 15.9333  302   0.50  -1.80  35.00  -407.0 -2675.0
 60.1431 15.9333  303   0.50  -1.80  35.00  -406.0 -2683.0
 60.1431 15.9333  304   0.50  -1.80  35.00  -416.0 -2676.0
 60.1431 15.9334  305   0.50  -1.80  35.00  -409.0 -2683.0
 60.1431 15.9334  306   0.50  -1.80  35.00  -405.0 -2683.0
 60.1431 15.9333  307   0.50  -1.80  35.00  -411.0 -2664.0
 60.1431 15.9333  308   0.50  -1.80  35.00  -415.0 -2679.0
 60.1431 15.9333  309   0.50  -1.80  35.00  -407.0 -2671.0
 60.1431 15.9333  310   0.50  -1.80  35.00  -416.0 -2667.0
 60.1431 15.9333  311   0.50  -1.80  35.00  -411.0 -2675.0
 60.1431 15.9333  312   0.50  -1.80  35.00  -408.0 -2671.0
 60.1431 15.9333  313   0.50  -1.80  35.00  -411.0 -2673.0
 60.1431 15.9333  314   0.50  -1.80  35.00  -403.0 -2680.0
 60.1431 15.9333  315   0.50  -1.80  35.00  -407.0 -2676.0
 60.1431 15.9333  316   0.50  -1.80  35.00  -404.0 -2675.0
 60.1431 15.9333  317   0.50  -1.80  35.00  -409.0 -2671.0
 60.1431 15.9333  318   0.50  -1.80  35.00  -411.0 -2680.0
 60.1431 15.9333  319   0.50  -1.80  35.00  -407.0 -2668.0
 60.1431 15.9333  320   0.50  -1.80  35.00  -411.0 -2683.0
 60.1431 15.9333  321   0.50  -1.80  35.00  -407.0 -2670.0
 60.1431 15.9333  322   0.50  -1.80  35.00  -407.0 -2680.0
 60.1431 15.9333  323   0.50  -1.80  35.00  -411.0 -2679.0
 60.1431 15.9333  324   0.50  -1.80  35.00  -407.0 -2673.0
 60.1431 15.9333  325   0.50  -1.80  35.00  -415.0 -2671.0
 60.1431 15.9333  326   0.50  -1.80  35.00  -408.0 -2677.0
 60.1431 15.9333  327   0.50  -1.80  35.00  -417.0 -2675.0
 60.1431 15.9333  328   0.50  -1.80  35.00  -412.0 -2679.0
 60.1431 15.9333  329   0.50  -1.80  35.00  -403.0 -2675.0
 60.1431 15.9333  330   0.50  -1.80  35.00  -405.0 -2671.0
 60.1431 15.9333  331   0.50  -1.80  35.00  -407.0 -2679.0
 60.1431 15.9333  332   0.50  -1.80  35.00  -407.0 -2676.0
 60.1431 15.9333  333   0.50  -1.80  35.00  -407.0 -2679.0
 60.1431 15.9333  334   0.50  -1.80  35.00  -412.0 -2671.0
 60.1431 15.9333  335   0.50  -1.80  35.00  -407.0 -2679.0
 60.1431 15.9333  336   0.50  -1.80  35.00  -415.0 -2673.0
 60.1431 15.9333  337   0.50  -1.80  35.00  -407.0 -2673.0
 60.1431 15.9333  338   0.50  -1.80  35.00  -412.0 -2683.0
 60.1431 15.9333  339   0.50  -1.80  35.00  -405.0 -2675.0
 60.1431 15.9333  340   0.50  -1.80  35.00  -412.0 -2677.0
 60.1431 15.9333  341   0.50  -1.80  35.00  -407.0 -2677.0
 60.1431 15.9333  342   0.50  -1.80  35.00  -412.0 -2673.0
 60.1431 15.9333  343   0.50  -1.80  35.00  -399.0 -2673.0
 60.1431 15.9333  344   0.50  -1.80  35.00  -403.0 -2675.0
 60.1431 15.9333  345   0.50  -1.80  35.00  -411.0 -2671.0
 60.1431 15.9333  346   0.50  -1.80  35.00  -406.0 -2677.0
 60.1431 15.9333  347   0.50  -1.80  35.00  -407.0 -2680.0
 60.1431 15.9333  348   0.50  -1.80  35.00  -413.0 -2679.0
 60.1431 15.9333  349   0.50  -1.80  35.00  -403.0 -2669.0
 60.1431 15.9333  350   0.50  -1.80  35.00  -410.0 -2667.0
 60.1431 15.9333  351   0.50  -1.80  35.00  -403.0 -2677.0
 60.1431 15.9333  352   0.50  -1.80  35.00  -407.0 -2679.0
 60.1431 15.9333  353   0.50  -1.80  35.00  -411.0 -2675.0
 60.1431 15.9333  354   0.50  -1.80  35.00  -403.0 -2679.0
 60.1431 15.9333  355   0.50  -1.80  35.00  -412.0 -2667.0
 60.1431 15.9333  356   0.50  -1.80  35.00  -411.0 -2675.0
 60.1431 15.9333  357   0.50  -1.80  35.00  -411.0 -2677.0
 60.1431 15.9333  358   0.50  -1.80  35.00  -405.0 -2679.0
 60.1431 15.9333  359   0.50  -1.80  35.00  -409.0 -2676.0
 60.1431 15.9333  360   0.50  -1.80  35.00  -411.0 -2680.0
 60.1431 15.9333  361   0.50  -1.80  35.00  -401.0 -2227.0
 60.1431 15.9333  362   0.50  -1.80  35.00  -411.0 -2221.0
 60.1431 15.9333  363   0.50  -1.80  35.00  -405.0 -2223.0
 60.1431 15.9333  364   0.50  -1.80  35.00  -401.0 -2232.0
 60.1431 15.9333  365   0.50  -1.80  35.00  -407.0 -2219.0
 60.1431 15.9333  366   0.50  -1.80  35.00  -401.0 -2225.0
 60.1431 15.9333  367   0.50  -1.80  35.00  -407.0 -2225.0
 60.1431 15.9333  368   0.50  -1.80  35.00  -407.0 -2216.0
 60.1431 15.9333  369   0.50  -1.80  35.00  -409.0 -2219.0
 60.1431 15.9333  370   0.50  -1.80  35.00  -407.0 -2227.0
 60.1431 15.9333  371   0.50  -1.80  35.00  -407.0 -2227.0
 60.1431 15.9333  372   0.50  -1.80  35.00  -411.0 -2233.0
 60.1431 15.9333  373   0.50  -1.80  35.00  -408.0 -2223.0
 60.1431 15.9333  374   0.50  -1.80  35.00  -411.0 -2220.0
 60.1430 15.9333  375   0.50  -1.80  35.00  -407.0 -2237.0
 60.1430 15.9333  376   0.50  -1.80  35.00  -401.0 -2225.0
 60.1431 15.9333  377   0.50  -1.80  35.00  -403.0 -2227.0
 60.1431 15.9333  378   0.50  -1.80  35.00  -407.0 -2235.0
 60.1431 15.9333  379   0.50  -1.80  35.00  -396.0 -2231.0
 60.1431 15.9333  380   0.50  -1.80  35.00  -401.0 -2227.0
 60.1431 15.9333  381   0.50  -1.80  35.00  -403.0 -2229.0
 60.1431 15.9333  382   0.50  -1.80  35.00  -407.0 -2223.0
 60.1431 15.9333  383   0.50  -1.80  35.00  -405.0 -2229.0
 60.1431 15.9333  384   0.50  -1.80  35.00  -403.0 -2229.0
 60.1431 15.9333  385   0.50  -1.80  35.00  -412.0 -2232.0
 60.1431 15.9333  386   0.50  -1.80  35.00  -403.0 -2225.0
 60.1431 15.9333  387   0.50  -1.80  35.00  -403.0 -2229.0
 60.1431 15.9333  388   0.50  -1.80  35.00  -405.0 -2227.0
 60.1431 15.9333  389   0.50  -1.80  35.00  -399.0 -2225.0
 60.1431 15.9333  390   0.50  -1.80  35.00  -401.0 -2228.0
 60.1431 15.9333  391   0.50  -1.80  35.00  -404.0 -2231.0
 60.1431 15.9333  392   0.50  -1.80  35.00  -399.0 -2235.0
 60.1431 15.9333  393   0.50  -1.80  35.00  -406.0 -2231.0
 60.1431 15.9333  394   0.50  -1.80  35.00  -407.0 -2219.0
 60.1431 15.9333  395   0.50  -1.80  35.00  -412.0 -2230.0
 60.1431 15.9333  396   0.50  -1.80  35.00  -407.0 -2227.0
 60.1431 15.9333  397   0.50  -1.80  35.00  -407.0 -2227.0
 60.1431 15.9333  398   0.50  -1.80  35.00  -407.0 -2225.0
 60.1431 15.9333  399   0.50  -1.80  35.00  -407.0 -2223.0
 60.1431 15.9333  400   0.50  -1.80  35.00  -405.0 -2227.0
 60.1431 15.9333  401   0.50  -1.80  35.00  -408.0 -2229.0
 60.1431 15.9333  402   0.50  -1.80  35.00  -404.0 -2225.0
 60.1431 15.9333  403   0.50  -1.80  35.00  -421.0 -2229.0
 60.1431 15.9333  404   0.50  -1.80  35.00  -419.0 -1795.0
 60.1431 15.9333  405   0.50  -1.80  35.00  -412.0 -1796.0
 60.1431 15.9333  406   0.50  -1.80  35.00  -423.0 -1783.0
 60.1431 15.9333  407   0.50  -1.80  35.00  -420.0 -1787.0
 60.1431 15.9333  408   0.50  -1.80  35.00  -423.0 -1797.0
 60.1431 15.9333  409   0.50  -1.80  35.00  -420.0 -1791.0
 60.1431 15.9333  410   0.50  -1.80  35.00  -423.0 -1783.0
 60.1431 15.9333  411   0.50  -1.80  35.00  -424.0 -1787.0
 60.1431 15.9333  412   0.50  -1.80  35.00  -423.0 -1791.0
 60.1431 15.9333  413   0.50  -1.80  35.00  -419.0 -1795.0
 60.1431 15.9333  414   0.50  -1.80  35.00  -427.0 -1792.0
 60.1431 15.9333  415   0.50  -1.80  35.00  -420.0 -1787.0
 60.1431 15.9333  416   0.50  -1.80  35.00  -419.0 -1787.0
 60.1431 15.9333  417   0.50  -1.80  35.00  -421.0 -1789.0
 60.1431 15.9333  418   0.50  -1.80  35.00  -419.0 -1793.0
 60.1431 15.9333  419   0.50  -1.80  35.00  -427.0 -1781.0
 60.1431 15.9333  420   0.50  -1.80  35.00  -421.0 -1785.0
 60.1431 15.9333  421   0.50  -1.80  35.00  -425.0 -1784.0
 60.1431 15.9333  422   0.50  -1.80  35.00  -423.0 -1795.0
 60.1431 15.9333  423   0.50  -1.80  35.00  -421.0 -1786.0
 60.1431 15.9333  424   0.50  -1.80  35.00  -423.0 -1792.0
 60.1431 15.9333  425   0.50  -1.80  35.00  -419.0 -1789.0
 60.1431 15.9333  426   0.50  -1.80  35.00  -419.0 -1791.0
 60.1431 15.9333  427   0.50  -1.80  35.00  -423.0 -1803.0
 60.1431 15.9333  428   0.50  -1.80  35.00  -420.0 -1787.0
 60.1431 15.9333  429   0.50  -1.80  35.00  -421.0 -1795.0
 60.1431 15.9333  430   0.50  -1.80  35.00  -415.0 -1787.0
 60.1431 15.9333  431   0.50  -1.80  35.00  -423.0 -1789.0
 60.1431 15.9333  432   0.50  -1.80  35.00  -423.0 -1793.0
 60.1431 15.9333  433   0.50  -1.80  35.00  -421.0 -1795.0
 60.1431 15.9333  434   0.50  -1.80  35.00  -419.0 -1800.0
 60.1431 15.9333  435   0.50  -1.80  35.00  -419.0 -1793.0
 60.1431 15.9333  436   0.50  -1.80  35.00  -420.0 -1789.0
 60.1431 15.9333  437   0.50  -1.80  35.00  -424.0 -1789.0
 60.1431 15.9333  438   0.50  -1.80  35.00  -416.0 -1790.0
 60.1431 15.9333  439   0.50  -1.80  35.00  -421.0 -1791.0
 60.1431 15.9333  440   0.50  -1.80  35.00  -421.0 -1785.0
 60.1431 15.9333  441   0.50  -1.80  35.00  -419.0 -1791.0
 60.1431 15.9333  442   0.50  -1.80  35.00  -414.0 -1789.0
 60.1431 15.9333  443   0.50  -1.80  35.00  -423.0 -1785.0
 60.1431 15.9333  444   0.50  -1.80  35.00  -421.0 -1793.0
 60.1431 15.9333  445   0.50  -1.80  35.00  -419.0 -1791.0
 60.1431 15.9333  446   0.50  -1.80  35.00  -427.0 -1790.0
 60.1431 15.9333  447   0.50  -1.80  35.00  -430.0 -1599.0
 60.1431 15.9333  448   0.50  -1.80  35.00  -415.0 -1599.0
 60.1431 15.9333  449   0.50  -1.80  35.00  -423.0 -1608.0
 60.1430 15.9333  450   0.50  -1.80  35.00  -433.0 -1599.0
 60.1430 15.9333  451   0.50  -1.80  35.00  -431.0 -1599.0
 60.1431 15.9333  452   0.50  -1.80  35.00  -424.0 -1598.0
 60.1431 15.9333  453   0.50  -1.80  35.00  -425.0 -1591.0
 60.1430 15.9333  454   0.50  -1.80  35.00  -423.0 -1600.0
 60.1430 15.9333  455   0.50  -1.80  35.00  -425.0 -1596.0
 60.1431 15.9333  456   0.50  -1.80  35.00  -427.0 -1596.0
 60.1431 15.9333  457   0.50  -1.80  35.00  -425.0 -1601.0
 60.1431 15.9333  458   0.50  -1.80  35.00  -427.0 -1603.0
 60.1431 15.9333  459   0.50  -1.80  35.00  -427.0 -1597.0
 60.1431 15.9333  460   0.50  -1.80  35.00  -431.0 -1597.0
 60.1431 15.9333  461   0.50  -1.80  35.00  -425.0 -1605.0
 60.1431 15.9333  462   0.50  -1.80  35.00  -427.0 -1600.0
 60.1431 15.9333  463   0.50  -1.80  35.00  -429.0 -1596.0
 60.1431 15.9333  464   0.50  -1.80  35.00  -427.0 -1595.0
 60.1431 15.9333  465   0.50  -1.80  35.00  -426.0 -1599.0
 60.1431 15.9333  466   0.50  -1.80  35.00  -424.0 -1600.0
 60.1431 15.9333  467   0.50  -1.80  35.00  -427.0 -1605.0
 60.1431 15.9333  468   0.50  -1.80  35.00  -427.0 -1597.0
 60.1431 15.9333  469   0.50  -1.80  35.00  -424.0 -1603.0
 60.1431 15.9333  470   0.50  -1.80  35.00  -427.0 -1600.0
 60.1431 15.9333  471   0.50  -1.80  35.00  -423.0 -1603.0
 60.1431 15.9333  472   0.50  -1.80  35.00  -427.0 -1599.0
 60.1431 15.9333  473   0.50  -1.80  35.00  -431.0 -1603.0
 60.1431 15.9333  474   0.50  -1.80  35.00  -420.0 -1594.0
 60.1431 15.9333  475   0.50  -1.80  35.00  -416.0 -1599.0
 60.1431 15.9333  476   0.50  -1.80  35.00  -421.0 -1596.0
 60.1431 15.9333  477   0.50  -1.80  35.00  -423.0 -1599.0
 60.1431 15.9333  478   0.50  -1.80  35.00  -423.0 -1601.0
 60.1431 15.9333  479   0.50  -1.80  35.00  -423.0 -1603.0
 60.1431 15.9333  480   0.50  -1.80  35.00  -428.0 -1588.0
 60.1431 15.9333  481   0.50  -1.80  35.00  -424.0 -1606.0
 60.1431 15.9333  482   0.50  -1.80  35.00  -422.0 -1603.0
 60.1431 15.9333  483   0.50  -1.80  35.00  -424.0 -1607.0
 60.1431 15.9333  484   0.50  -1.80  35.00  -426.0 -1595.0
 60.1431 15.9333  485   0.50  -1.80  35.00  -425.0 -1599.0
 60.1431 15.9333  486   0.50  -1.80  35.00  -419.0 -2147.0
 60.1431 15.9333  487   0.50  -1.80  35.00  -427.0 -2139.0
 60.1431 15.9333  488   0.50  -1.80  35.00  -423.0 -2146.0
 60.1431 15.9333  489   0.50  -1.80  35.00  -425.0 -2140.0
 60.1431 15.9333  490   0.50  -1.80  35.00  -427.0 -2139.0
 60.1431 15.9333  491   0.50  -1.80  35.00  -423.0 -2139.0
 60.1431 15.9333  492   0.50  -1.80  35.00  -427.0 -2148.0
 60.1431 15.9333  493   0.50  -1.80  35.00  -421.0 -2147.0
 60.1431 15.9333  494   0.50  -1.80  35.00  -427.0 -2141.0
 60.1431 15.9333  495   0.50  -1.80  35.00  -421.0 -2143.0
 60.1431 15.9333  496   0.50  -1.80  35.00  -427.0 -2139.0
 60.1431 15.9333  497   0.50  -1.80  35.00  -423.0 -2143.0
 60.1431 15.9333  498   0.50  -1.80  35.00  -418.0 -2143.0
 60.1431 15.9333  499   0.50  -1.80  35.00  -420.0 -2141.0
 60.1431 15.9333  500   0.50  -1.80  35.00  -429.0 -2143.0
 60.1431 15.9333  501   0.50  -1.80  35.00  -419.0 -2143.0
 60.1431 15.9333  502   0.50  -1.80  35.00  -423.0 -2135.0
 60.1431 15.9333  503   0.50  -1.80  35.00  -421.0 -2148.0
 60.1431 15.9333  504   0.50  -1.80  35.00  -425.0 -2144.0
 60.1431 15.9333  505   0.50  -1.80  35.00  -419.0 -2143.0
 60.1431 15.9333  506   0.50  -1.80  35.00  -431.0 -2147.0
 60.1431 15.9333  507   0.50  -1.80  35.00  -425.0 -2143.0
 60.1431 15.9333  508   0.50  -1.80  35.00  -419.0 -2139.0
 60.1431 15.9333  509   0.50  -1.80  35.00  -432.0 -2142.0
 60.1431 15.9333  510   0.50  -1.80  35.00  -423.0 -2144.0
 60.1431 15.9333  511   0.50  -1.80  35.00  -415.0 -2139.0
 60.1431 15.9333  512   0.50  -1.80  35.00  -431.0 -2143.0
 60.1431 15.9333  513   0.50  -1.80  35.00  -415.0 -2140.0
 60.1431 15.9333  514   0.50  -1.80  35.00  -427.0 -2142.0
 60.1431 15.9333  515   0.50  -1.80  35.00  -422.0 -2139.0
 60.1431 15.9333  516   0.50  -1.80  35.00  -422.0 -2151.0
 60.1431 15.9333  517   0.50  -1.80  35.00  -423.0 -2141.0
 60.1431 15.9333  518   0.50  -1.80  35.00  -425.0 -2144.0
 60.1431 15.9333  519   0.50  -1.80  35.00  -423.0 -2143.0
 60.1431 15.9333  520   0.50  -1.80  35.00  -425.0 -2147.0
 60.1431 15.9333  521   0.50  -1.80  35.00  -419.0 -2149.0
 60.1431 15.9333  522   0.50  -1.80  35.00  -423.0 -2139.0
 60.1431 15.9333  523   0.50  -1.80  35.00  -421.0 -2181.0
 60.1431 15.9333  524   0.50  -1.80  35.00  -415.0 -2172.0
 60.1431 15.9333  525   0.50  -1.80  35.00  -415.0 -2181.0
 60.1431 15.9333  526   0.50  -1.80  35.00  -415.0 -2183.0
 60.1431 15.9333  527   0.50  -1.80  35.00  -419.0 -2181.0
 60.1431 15.9333  528   0.50  -1.80  35.00  -419.0 -2185.0
 60.1431 15.9333  529   0.50  -1.80  35.00  -423.0 -2175.0
 60.1431 15.9333  530   0.50  -1.80  35.00  -420.0 -2187.0
 60.1431 15.9334  531   0.50  -1.80  35.00  -415.0 -2181.0
 60.1431 15.9334  532   0.50  -1.80  35.00  -415.0 -2179.0
 60.1431 15.9333  533   0.50  -1.80  35.00  -421.0 -2181.0
 60.1431 15.9333  534   0.50  -1.80  35.00  -421.0 -2187.0
 60.1431 15.9333  535   0.50  -1.80  35.00  -419.0 -2187.0
 60.1431 15.9333  536   0.50  -1.80  35.00  -416.0 -2179.0
 60.1431 15.9333  537   0.50  -1.80  35.00  -415.0 -2187.0
 60.1431 15.9333  538   0.50  -1.80  35.00  -415.0 -2183.0
 60.1431 15.9333  539   0.50  -1.80  35.00  -414.0 -2185.0
 60.1431 15.9333  540   0.50  -1.80  35.00  -413.0 -2187.0
 60.1431 15.9333  541   0.50  -1.80  35.00  -426.0 -2187.0
 60.1431 15.9333  542   0.50  -1.80  35.00  -416.0 -2183.0
 60.1431 15.9333  543   0.50  -1.80  35.00  -421.0 -2179.0
 60.1431 15.9333  544   0.50  -1.80  35.00  -423.0 -2195.0
 60.1431 15.9333  545   0.50  -1.80  35.00  -422.0 -2183.0
 60.1431 15.9333  546   0.50  -1.80  35.00  -409.0 -2187.0
 60.1430 15.9333  547   0.50  -1.80  35.00  -422.0 -2179.0
 60.1431 15.9333  548   0.50  -1.80  35.00  -416.0 -2177.0
 60.1431 15.9333  549   0.50  -1.80  35.00  -419.0 -2181.0
 60.1431 15.9333  550   0.50  -1.80  35.00  -407.0 -2176.0
 60.1431 15.9333  551   0.50  -1.80  35.00  -419.0 -2179.0
 60.1431 15.9333  552   0.50  -1.80  35.00  -411.0 -2183.0
 60.1431 15.9333  553   0.50  -1.80  35.00  -419.0 -2177.0
 60.1431 15.9333  554   0.50  -1.80  35.00  -415.0 -2187.0
 60.1431 15.9333  555   0.50  -1.80  35.00  -412.0 -2183.0
 60.1431 15.9333  556   0.50  -1.80  35.00  -413.0 -2187.0
 60.1431 15.9333  557   0.50  -1.80  35.00  -416.0 -2187.0
 60.1431 15.9333  558   0.50  -1.80  35.00  -407.0 -2179.0
 60.1431 15.9333  559   0.50  -1.80  35.00  -416.0 -2185.0
 60.1431 15.9333  560   0.50  -1.80  35.00  -415.0 -2179.0
 60.1431 15.9333  561   0.50  -1.80  35.00  -424.0 -2191.0
 60.1431 15.9333  562   0.50  -1.80  35.00  -417.0 -2179.0
 60.1431 15.9333  563   0.50  -1.80  35.00  -415.0 -2176.0
 60.1431 15.9333  564   0.50  -1.80  35.00  -419.0 -2178.0
 60.1431 15.9333  565   0.50  -1.80  35.00  -411.0 -2183.0
 60.1431 15.9333  566   0.50  -1.80  35.00  -415.0 -2779.0
 60.1431 15.9333  567   0.50  -1.80  35.00  -415.0 -2788.0
 60.1431 15.9333  568   0.50  -1.80  35.00  -419.0 -2780.0
 60.1431 15.9333  569   0.50  -1.80  35.00  -417.0 -2794.0
 60.1431 15.9333  570   0.50  -1.80  35.00  -416.0 -2781.0
 60.1431 15.9333  571   0.50  -1.80  35.00  -419.0 -2784.0
 60.1431 15.9333  572   0.50  -1.80  35.00  -418.0 -2789.0
 60.1431 15.9333  573   0.50  -1.80  35.00  -415.0 -2786.0
 60.1431 15.9333  574   0.50  -1.80  35.00  -413.0 -2787.0
 60.1431 15.9333  575   0.50  -1.80  35.00  -415.0 -2783.0
 60.1431 15.9333  576   0.50  -1.80  35.00  -408.0 -2787.0
 60.1431 15.9333  577   0.50  -1.80  35.00  -413.0 -2793.0
 60.1431 15.9333  578   0.50  -1.80  35.00  -415.0 -2787.0
 60.1431 15.9333  579   0.50  -1.80  35.00  -415.0 -2795.0
 60.1431 15.9333  580   0.50  -1.80  35.00  -415.0 -2795.0
 60.1431 15.9333  581   0.50  -1.80  35.00  -406.0 -2787.0
 60.1431 15.9333  582   0.50  -1.80  35.00  -415.0 -2785.0
 60.1431 15.9333  583   0.50  -1.80  35.00  -419.0 -2791.0
 60.1431 15.9333  584   0.50  -1.80  35.00  -413.0 -2788.0
 60.1431 15.9333  585   0.50  -1.80  35.00  -419.0 -2784.0
 60.1431 15.9333  586   0.50  -1.80  35.00  -411.0 -2787.0
 60.1431 15.9333  587   0.50  -1.80  35.00  -404.0 -2789.0
 60.1431 15.9333  588   0.50  -1.80  35.00  -417.0 -2791.0
 60.1431 15.9333  589   0.50  -1.80  35.00  -415.0 -2786.0
 60.1431 15.9333  590   0.50  -1.80  35.00  -411.0 -2779.0
 60.1431 15.9333  591   0.50  -1.80  35.00  -412.0 -2795.0
 60.1431 15.9333  592   0.50  -1.80  35.00  -411.0 -2783.0
 60.1431 15.9333  593   0.50  -1.80  35.00  -416.0 -2792.0
 60.1431 15.9333  594   0.50  -1.80  35.00  -412.0 -2775.0
 60.1431 15.9333  595   0.50  -1.80  35.00  -415.0 -2791.0
 60.1431 15.9333  596   0.50  -1.80  35.00  -415.0 -2791.0
 60.1431 15.9333  597   0.50  -1.80  35.00  -423.0 -2781.0
 60.1431 15.9333  598   0.50  -1.80  35.00  -411.0 -2779.0
 60.1431 15.9333  599   0.50  -1.80  35.00  -419.0 -2779.0
 60.1431 15.9333  600   0.50  -1.80  35.00  -407.0 -2792.0
 60.1431 15.9333  601   0.50  -1.80  35.00  -415.0 -2787.0
 60.1431 15.9333  602   0.50  -1.80  35.00  -413.0 -2784.0
 60.1431 15.9333  603   0.50  -1.80  35.00  -419.0 -2784.0
 60.1431 15.9333  604   0.50  -1.80  35.00  -414.0 -2799.0
 60.1431 15.9333  605   0.50  -1.80  35.00  -409.0 -2787.0
 60.1431 15.9333  606   0.50  -1.80  35.00  -415.0 -2787.0
 60.1431 15.9333  607   0.50  -1.80  35.00  -419.0 -2789.0
 60.1431 15.9333  608   0.50  -1.80  35.00  -420.0 -2785.0
 60.1431 15.9333  609   0.50  -1.80  35.00  -419.0 -4023.0
 60.1431 15.9333  610   0.50  -1.80  35.00  -416.0 -4027.0
 60.1431 15.9333  611   0.50  -1.80  35.00  -418.0 -4029.0
 60.1431 15.9333  612   0.50  -1.80  35.00  -421.0 -4023.0
 60.1431 15.9333  613   0.50  -1.80  35.00  -416.0 -4025.0
 60.1431 15.9333  614   0.50  -1.80  35.00  -415.0 -4028.0
 60.1431 15.9333  615   0.50  -1.80  35.00  -423.0 -4021.0
 60.1431 15.9333  616   0.50  -1.80  35.00  -421.0 -4024.0
 60.1431 15.9333  617   0.50  -1.80  35.00  -421.0 -4027.0
 60.1431 15.9333  618   0.50  -1.80  35.00  -421.0 -4026.0
 60.1431 15.9333  619   0.50  -1.80  35.00  -415.0 -4031.0
 60.1431 15.9333  620   0.50  -1.80  35.00  -419.0 -4027.0
 60.1431 15.9333  621   0.50  -1.80  35.00  -423.0 -4021.0
 60.1431 15.9333  622   0.50  -1.80  35.00  -419.0 -4021.0
 60.1431 15.9333  623   0.50  -1.80  35.00  -403.0 -4021.0
 60.1431 15.9333  624   0.50  -1.80  35.00  -427.0 -4019.0
 60.1431 15.9333  625   0.50  -1.80  35.00  -433.0 -4019.0
 60.1431 15.9333  626   0.50  -1.80  35.00  -423.0 -4023.0
 60.1431 15.9333  627   0.50  -1.80  35.00  -415.0 -4025.0
 60.1431 15.9333  628   0.50  -1.80  35.00  -421.0 -4028.0
 60.1431 15.9333  629   0.50  -1.80  35.00  -419.0 -4019.0
 60.1431 15.9333  630   0.50  -1.80  35.00  -421.0 -4027.0
 60.1431 15.9333  631   0.50  -1.80  35.00  -422.0 -4024.0
 60.1431 15.9333  632   0.50  -1.80  35.00  -419.0 -4007.0
 60.1431 15.9333  633   0.50  -1.80  35.00  -416.0 -4019.0
 60.1431 15.9333  634   0.50  -1.80  35.00  -421.0 -4027.0
 60.1431 15.9333  635   0.50  -1.80  35.00  -427.0 -4019.0
 60.1431 15.9333  636   0.50  -1.80  35.00  -427.0 -4028.0
 60.1431 15.9333  637   0.50  -1.80  35.00  -421.0 -4026.0
 60.1431 15.9333  638   0.50  -1.80  35.00  -413.0 -4027.0
 60.1431 15.9333  639   0.50  -1.80  35.00  -419.0 -4024.0
 60.1431 15.9333  640   0.50  -1.80  35.00  -423.0 -4028.0
 60.1431 15.9333  641   0.50  -1.80  35.00  -427.0 -4027.0
 60.1431 15.9333  642   0.50  -1.80  35.00  -428.0 -4023.0
 60.1431 15.9333  643   0.50  -1.80  35.00  -422.0 -4029.0
 60.1431 15.9333  644   0.50  -1.80  35.00  -421.0 -4021.0
 60.1431 15.9333  645   0.50  -1.80  35.00  -420.0 -4019.0
 60.1431 15.9333  646   0.50  -1.80  35.00  -422.0 -4019.0
 60.1431 15.9333  647   0.50  -1.80  35.00  -419.0 -4019.0
 60.1431 15.9333  648   0.50  -1.80  35.00  -414.0 -4030.0
 60.1431 15.9333  649   0.50  -1.80  35.00  -412.0 -4027.0
 60.1431 15.9333  650   0.50  -1.80  35.00  -428.0 -4021.0
 60.1431 15.9333  651   0.50  -1.80  35.00  -420.0 -4020.0
 60.1431 15.9333  652   0.50  -1.80  35.00  -423.0 -4567.0
 60.1431 15.9333  653   0.50  -1.80  35.00  -420.0 -4781.0
 60.1431 15.9333  654   0.50  -1.80  35.00  -420.0 -4787.0
 60.1431 15.9333  655   0.50  -1.80  35.00  -421.0 -4779.0
 60.1431 15.9333  656   0.50  -1.80  35.00  -423.0 -4788.0
 60.1431 15.9333  657   0.50  -1.80  35.00  -415.0 -4783.0
 60.1431 15.9333  658   0.50  -1.80  35.00  -419.0 -4790.0
 60.1431 15.9333  659   0.50  -1.80  35.00  -417.0 -4775.0
 60.1431 15.9333  660   0.50  -1.80  35.00  -415.0 -4785.0
 60.1431 15.9333  661   0.50  -1.80  35.00  -416.0 -4787.0
 60.1431 15.9333  662   0.50  -1.80  35.00  -412.0 -4787.0
 60.1431 15.9333  663   0.50  -1.80  35.00  -419.0 -4788.0
 60.1431 15.9333  664   0.50  -1.80  35.00  -419.0 -4783.0
 60.1431 15.9333  665   0.50  -1.80  35.00  -424.0 -4782.0
 60.1431 15.9333  666   0.50  -1.80  35.00  -428.0 -4782.0
 60.1431 15.9333  667   0.50  -1.80  35.00  -427.0 -4783.0
 60.1431 15.9333  668   0.50  -1.80  35.00  -419.0 -4787.0
 60.1431 15.9333  669   0.50  -1.80  35.00  -417.0 -4788.0
 60.1431 15.9333  670   0.50  -1.80  35.00  -415.0 -4787.0
 60.1431 15.9333  671   0.50  -1.80  35.00  -411.0 -4791.0
 60.1431 15.9333  672   0.50  -1.80  35.00  -423.0 -4787.0
 60.1431 15.9333  673   0.50  -1.80  35.00  -411.0 -4789.0
 60.1431 15.9333  674   0.50  -1.80  35.00  -419.0 -4783.0
 60.1431 15.9333  675   0.50  -1.80  35.00  -416.0 -4779.0
 60.1431 15.9333  676   0.50  -1.80  35.00  -415.0 -4780.0
 60.1431 15.9333  677   0.50  -1.80  35.00  -415.0 -4783.0
 60.1431 15.9333  678   0.50  -1.80  35.00  -419.0 -4782.0
 60.1431 15.9333  679   0.50  -1.80  35.00  -415.0 -4779.0
 60.1431 15.9333  680   0.50  -1.80  35.00  -420.0 -4786.0
 60.1431 15.9333  681   0.50  -1.80  35.00  -419.0 -4780.0
 60.1431 15.9333  682   0.50  -1.80  35.00  -417.0 -4788.0
 60.1431 15.9333  683   0.50  -1.80  35.00  -419.0 -4793.0
 60.1431 15.9333  684   0.50  -1.80  35.00  -415.0 -4785.0
 60.1430 15.9333  685   0.50  -1.80  35.00  -414.0 -4781.0
 60.1430 15.9333  686   0.50  -1.80  35.00  -414.0 -4780.0
 60.1431 15.9333  687   0.50  -1.80  35.00  -417.0 -4785.0
 60.1430 15.9333  688   0.50  -1.80  35.00  -419.0 -4785.0
 60.1430 15.9333  689   0.50  -1.80  35.00  -419.0 -4777.0
 60.1431 15.9333  690   0.50  -1.80  35.00  -419.0 -4775.0
 60.1431 15.9333  691   0.50  -1.80  35.00  -415.0 -4780.0
 60.1431 15.9333  692   0.50  -1.80  35.00  -427.0 -5327.0
 60.1431 15.9333  693   0.50  -1.80  35.00  -427.0 -5334.0
 60.1431 15.9333  694   0.50  -1.80  35.00  -434.0 -5329.0
 60.1431 15.9333  695   0.50  -1.80  35.00  -431.0 -5334.0
 60.1431 15.9333  696   0.50  -1.80  35.00  -427.0 -5329.0
 60.1431 15.9333  697   0.50  -1.80  35.00  -435.0 -5334.0
 60.1431 15.9333  698   0.50  -1.80  35.00  -433.0 -5331.0
 60.1431 15.9333  699   0.50  -1.80  35.00  -423.0 -5331.0
 60.1431 15.9333  700   0.50  -1.80  35.00  -431.0 -5333.0
 60.1431 15.9333  701   0.50  -1.80  35.00  -435.0 -5336.0
 60.1431 15.9333  702   0.50  -1.80  35.00  -429.0 -5324.0
 60.1431 15.9333  703   0.50  -1.80  35.00  -431.0 -5331.0
 60.1431 15.9333  704   0.50  -1.80  35.00  -425.0 -5333.0
 60.1431 15.9333  705   0.50  -1.80  35.00  -429.0 -5331.0
 60.1431 15.9333  706   0.50  -1.80  35.00  -435.0 -5333.0
 60.1431 15.9333  707   0.50  -1.80  35.00  -434.0 -5333.0
 60.1431 15.9333  708   0.50  -1.80  35.00  -425.0 -5329.0
 60.1431 15.9333  709   0.50  -1.80  35.00  -421.0 -5330.0
 60.1431 15.9333  710   0.50  -1.80  35.00  -427.0 -5323.0
 60.1431 15.9333  711   0.50  -1.80  35.00  -433.0 -5333.0
 60.1431 15.9333  712   0.50  -1.80  35.00  -419.0 -5325.0
 60.1431 15.9333  713   0.50  -1.80  35.00  -443.0 -5326.0
 60.1431 15.9333  714   0.50  -1.80  35.00  -431.0 -5329.0
 60.1431 15.9333  715   0.50  -1.80  35.00  -431.0 -5325.0
 60.1431 15.9333  716   0.50  -1.80  35.00  -438.0 -5331.0
 60.1431 15.9333  717   0.50  -1.80  35.00  -423.0 -5324.0
 60.1431 15.9333  718   0.50  -1.80  35.00  -431.0 -5329.0
 60.1431 15.9333  719   0.50  -1.80  35.00  -427.0 -5331.0
 60.1431 15.9333  720   0.50  -1.80  35.00  -427.0 -5335.0
 60.1431 15.9333  721   0.50  -1.80  35.00  -425.0 -5331.0
 60.1431 15.9333  722   0.50  -1.80  35.00  -421.0 -5321.0
 60.1431 15.9333  723   0.50  -1.80  35.00  -426.0 -5330.0
 60.1431 15.9333  724   0.50  -1.80  35.00  -427.0 -5327.0
 60.1431 15.9333  725   0.50  -1.80  35.00  -435.0 -5327.0
 60.1431 15.9333  726   0.50  -1.80  35.00  -435.0 -5327.0
 60.1431 15.9333  727   0.50  -1.80  35.00  -427.0 -5324.0
 60.1431 15.9333  728   0.50  -1.80  35.00  -429.0 -5324.0
 60.1431 15.9333  729   0.50  -1.80  35.00  -441.0 -5331.0
 60.1431 15.9333  730   0.50  -1.80  35.00  -449.0 -5333.0
 60.1431 15.9333  731   0.50  -1.80  35.00  -443.0  5649.0
 60.1431 15.9333  732   0.50  -1.80  35.00  -445.0  5645.0
 60.1431 15.9333  733   0.50  -1.80  35.00  -443.0  5652.0
 60.1431 15.9333  734   0.50  -1.80  35.00  -439.0  5642.0
 60.1431 15.9333  735   0.50  -1.80  35.00  -447.0  5647.0
 60.1431 15.9333  736   0.50  -1.80  35.00  -443.0  5643.0
 60.1431 15.9333  737   0.50  -1.80  35.00  -433.0  5637.0
 60.1431 15.9333  738   0.50  -1.80  35.00  -443.0  5637.0
 60.1431 15.9333  739   0.50  -1.80  35.00  -447.0  5641.0
 60.1431 15.9333  740   0.50  -1.80  35.00  -443.0  5637.0
 60.1431 15.9333  741   0.50  -1.80  35.00  -445.0  5636.0
 60.1431 15.9333  742   0.50  -1.80  35.00  -437.0  5633.0
 60.1431 15.9333  743   0.50  -1.80  35.00  -439.0  5639.0
 60.1431 15.9333  744   0.50  -1.80  35.00  -441.0  5637.0
 60.1431 15.9333  745   0.50  -1.80  35.00  -447.0  5637.0
 60.1431 15.9333  746   0.50  -1.80  35.00  -443.0  5630.0
 60.1431 15.9333  747   0.50  -1.80  35.00  -443.0  5637.0
 60.1431 15.9333  748   0.50  -1.80  35.00  -437.0  5631.0
 60.1431 15.9333  749   0.50  -1.80  35.00  -443.0  5633.0
 60.1431 15.9333  750   0.50  -1.80  35.00  -444.0  5621.0
 60.1431 15.9333  751   0.50  -1.80  35.00  -441.0  5621.0
 60.1431 15.9333  752   0.50  -1.80  35.00  -445.0  5625.0
 60.1431 15.9333  753   0.50  -1.80  35.00  -455.0  5633.0
 60.1431 15.9333  754   0.50  -1.80  35.00  -448.0  5629.0
 60.1431 15.9333  755   0.50  -1.80  35.00  -439.0  5632.0
 60.1431 15.9333  756   0.50  -1.80  35.00  -443.0  5633.0
 60.1431 15.9333  757   0.50  -1.80  35.00  -439.0  5636.0
 60.1431 15.9333  758   0.50  -1.80  35.00  -445.0  5626.0
 60.1431 15.9333  759   0.50  -1.80  35.00  -446.0  5633.0
 60.1431 15.9333  760   0.50  -1.80  35.00  -439.0  5623.0
 60.1431 15.9333  761   0.50  -1.80  35.00  -443.0  5641.0
 60.1431 15.9333  762   0.50  -1.80  35.00  -451.0  5626.0
 60.1431 15.9333  763   0.50  -1.80  35.00  -443.0  5625.0
 60.1431 15.9333  764   0.50  -1.80  35.00  -439.0  5631.0
 60.1431 15.9333  765   0.50  -1.80  35.00  -444.0  5629.0
 60.1431 15.9333  766   0.50  -1.80  35.00  -443.0  5632.0
 60.1431 15.9333  767   0.50  -1.80  35.00  -446.0  5627.0
 60.1431 15.9333  768   0.50  -1.80  35.00  -435.0  5625.0
 60.1431 15.9333  769   0.50  -1.80  35.00  -443.0  5629.0
 60.1431 15.9333  770   0.50  -1.80  35.00  -445.0  5623.0
 60.1431 15.9333  771   0.50  -1.80  35.00  -439.0  5621.0
 60.1431 15.9333  772   0.50  -1.80  35.00  -447.0  5632.0
 60.1431 15.9333  773   0.50  -1.80  35.00  -452.0  5629.0
 60.1431 15.9333  774   0.50  -1.80  35.00  -447.0  5088.0
 60.1431 15.9333  775   0.50  -1.80  35.00  -447.0  5079.0
 60.1431 15.9333  776   0.50  -1.80  35.00  -455.0  5081.0
 60.1431 15.9333  777   0.50  -1.80  35.00  -463.0  5081.0
 60.1431 15.9333  778   0.50  -1.80  35.00  -444.0  5081.0
 60.1431 15.9333  779   0.50  -1.80  35.00  -453.0  5095.0
 60.1431 15.9333  780   0.50  -1.80  35.00  -459.0  5085.0
 60.1431 15.9333  781   0.50  -1.80  35.00  -458.0  5083.0
 60.1431 15.9333  782   0.50  -1.80  35.00  -459.0  5087.0
 60.1431 15.9333  783   0.50  -1.80  35.00  -457.0  5078.0
 60.1431 15.9333  784   0.50  -1.80  35.00  -443.0  5082.0
 60.1431 15.9333  785   0.50  -1.80  35.00  -458.0  5087.0
 60.1431 15.9333  786   0.50  -1.80  35.00  -455.0  5078.0
 60.1431 15.9333  787   0.50  -1.80  35.00  -450.0  5090.0
 60.1431 15.9333  788   0.50  -1.80  35.00  -459.0  5081.0
 60.1431 15.9333  789   0.50  -1.80  35.00  -457.0  5088.0
 60.1431 15.9333  790   0.50  -1.80  35.00  -455.0  5081.0
 60.1431 15.9333  791   0.50  -1.80  35.00  -451.0  5079.0
 60.1431 15.9333  792   0.50  -1.80  35.00  -459.0  5083.0
 60.1431 15.9333  793   0.50  -1.80  35.00  -455.0  5081.0
 60.1431 15.9333  794   0.50  -1.80  35.00  -455.0  5080.0
 60.1431 15.9333  795   0.50  -1.80  35.00  -443.0  5083.0
 60.1431 15.9333  796   0.50  -1.80  35.00  -455.0  5082.0
 60.1431 15.9333  797   0.50  -1.80  35.00  -447.0  5081.0
 60.1431 15.9333  798   0.50  -1.80  35.00  -454.0  5083.0
 60.1431 15.9333  799   0.50  -1.80  35.00  -457.0  5089.0
 60.1431 15.9333  800   0.50  -1.80  35.00  -455.0  5079.0
 60.1431 15.9333  801   0.50  -1.80  35.00  -451.0  5083.0
 60.1431 15.9333  802   0.50  -1.80  35.00  -459.0  5084.0
 60.1431 15.9333  803   0.50  -1.80  35.00  -455.0  5073.0
 60.1431 15.9333  804   0.50  -1.80  35.00  -454.0  5083.0
 60.1431 15.9333  805   0.50  -1.80  35.00  -456.0  5081.0
 60.1431 15.9333  806   0.50  -1.80  35.00  -459.0  5083.0
 60.1431 15.9333  807   0.50  -1.80  35.00  -455.0  5081.0
 60.1431 15.9333  808   0.50  -1.80  35.00  -451.0  5089.0
 60.1431 15.9333  809   0.50  -1.80  35.00  -455.0  5082.0
 60.1431 15.9333  810   0.50  -1.80  35.00  -449.0  5077.0
 60.1431 15.9333  811   0.50  -1.80  35.00  -467.0  5081.0
 60.1431 15.9333  812   0.50  -1.80  35.00  -457.0  5085.0
 60.1431 15.9333  813   0.50  -1.80  35.00  -452.0  5081.0
 60.1431 15.9333  814   0.50  -1.80  35.00  -445.0  5075.0
 60.1431 15.9333  815   0.50  -1.80  35.00  -461.0  5077.0
 60.1431 15.9333  816   0.50  -1.80  35.00  -459.0  5081.0
 60.1431 15.9333  817   0.50  -1.80  35.00  -457.0  4658.0
 60.1431 15.9333  818   0.50  -1.80  35.00  -459.0  4669.0
 60.1431 15.9333  819   0.50  -1.80  35.00  -461.0  4653.0
 60.1431 15.9333  820   0.50  -1.80  35.00  -466.0  4657.0
 60.1431 15.9333  821   0.50  -1.80  35.00  -451.0  4655.0
 60.1431 15.9333  822   0.50  -1.80  35.00  -459.0  4661.0
 60.1431 15.9333  823   0.50  -1.80  35.00  -460.0  4664.0
 60.1431 15.9333  824   0.50  -1.80  35.00  -455.0  4660.0
 60.1431 15.9333  825   0.50  -1.80  35.00  -459.0  4667.0
 60.1431 15.9333  826   0.50  -1.80  35.00  -457.0  4661.0
 60.1431 15.9333  827   0.50  -1.80  35.00  -451.0  4660.0
 60.1431 15.9333  828   0.50  -1.80  35.00  -459.0  4665.0
 60.1431 15.9333  829   0.50  -1.80  35.00  -461.0  4665.0
 60.1431 15.9333  830   0.50  -1.80  35.00  -460.0  4661.0
 60.1431 15.9333  831   0.50  -1.80  35.00  -459.0  4660.0
 60.1431 15.9333  832   0.50  -1.80  35.00  -447.0  4655.0
 60.1431 15.9333  833   0.50  -1.80  35.00  -459.0  4660.0
 60.1431 15.9333  834   0.50  -1.80  35.00  -453.0  4664.0
 60.1431 15.9333  835   0.50  -1.80  35.00  -463.0  4657.0
 60.1431 15.9333  836   0.50  -1.80  35.00  -455.0  4655.0
 60.1431 15.9333  837   0.50  -1.80  35.00  -455.0  4659.0
 60.1431 15.9333  838   0.50  -1.80  35.00  -463.0  4661.0
 60.1431 15.9333  839   0.50  -1.80  35.00  -461.0  4662.0
 60.1431 15.9333  840   0.50  -1.80  35.00  -460.0  4661.0
 60.1431 15.9333  841   0.50  -1.80  35.00  -443.0  4660.0
 60.1431 15.9333  842   0.50  -1.80  35.00  -453.0  4665.0
 60.1431 15.9333  843   0.50  -1.80  35.00  -460.0  4655.0
 60.1431 15.9333  844   0.50  -1.80  35.00  -454.0  4661.0
 60.1431 15.9333  845   0.50  -1.80  35.00  -459.0  4661.0
 60.1431 15.9333  846   0.50  -1.80  35.00  -459.0  4663.0
 60.1431 15.9333  847   0.50  -1.80  35.00  -460.0  4660.0
 60.1431 15.9333  848   0.50  -1.80  35.00  -462.0  4661.0
 60.1431 15.9333  849   0.50  -1.80  35.00  -459.0  4654.0
 60.1431 15.9333  850   0.50  -1.80  35.00  -459.0  4664.0
 60.1431 15.9333  851   0.50  -1.80  35.00  -460.0  4658.0
 60.1431 15.9333  852   0.50  -1.80  35.00  -460.0  4660.0
 60.1431 15.9334  853   0.50  -1.80  35.00  -459.0  4666.0
 60.1431 15.9334  854   0.50  -1.80  35.00  -451.0  4659.0
 60.1431 15.9333  855   0.50  -1.80  35.00  -465.0  4653.0
 60.1431 15.9333  856   0.50  -1.80  35.00  -455.0  4663.0
 60.1431 15.9333  857   0.50  -1.80  35.00  -455.0  4662.0
 60.1431 15.9333  858   0.50  -1.80  35.00  -455.0  4657.0
 60.1431 15.9333  859   0.50  -1.80  35.00  -461.0  4661.0
 60.1431 15.9333  860   0.50  -1.80  35.00  -437.0  4661.0
 60.1431 15.9333  861   0.50  -1.80  35.00  -439.0  4265.0
 60.1431 15.9333  862   0.50  -1.80  35.00  -441.0  4266.0
 60.1431 15.9333  863   0.50  -1.80  35.00  -439.0  4277.0
 60.1431 15.9333  864   0.50  -1.80  35.00  -448.0  4277.0
 60.1431 15.9333  865   0.50  -1.80  35.00  -436.0  4265.0
 60.1431 15.9333  866   0.50  -1.80  35.00  -433.0  4272.0
 60.1431 15.9333  867   0.50  -1.80  35.00  -435.0  4266.0
 60.1431 15.9333  868   0.50  -1.80  35.00  -437.0  4269.0
 60.1431 15.9333  869   0.50  -1.80  35.00  -443.0  4274.0
 60.1431 15.9333  870   0.50  -1.80  35.00  -439.0  4272.0
 60.1431 15.9333  871   0.50  -1.80  35.00  -443.0  4276.0
 60.1431 15.9333  872   0.50  -1.80  35.00  -439.0  4273.0
 60.1431 15.9333  873   0.50  -1.80  35.00  -440.0  4269.0
 60.1431 15.9333  874   0.50  -1.80  35.00  -439.0  4267.0
 60.1431 15.9333  875   0.50  -1.80  35.00  -443.0  4281.0
 60.1431 15.9333  876   0.50  -1.80  35.00  -439.0  4268.0
 60.1431 15.9333  877   0.50  -1.80  35.00  -444.0  4274.0
 60.1431 15.9333  878   0.50  -1.80  35.00  -439.0  4269.0
 60.1431 15.9333  879   0.50  -1.80  35.00  -441.0  4265.0
 60.1431 15.9333  880   0.50  -1.80  35.00  -435.0  4277.0
 60.1431 15.9333  881   0.50  -1.80  35.00  -433.0  4265.0
 60.1431 15.9333  882   0.50  -1.80  35.00  -447.0  4271.0
 60.1431 15.9333  883   0.50  -1.80  35.00  -439.0  4273.0
 60.1431 15.9333  884   0.50  -1.80  35.00  -439.0  4273.0
 60.1431 15.9333  885   0.50  -1.80  35.00  -439.0  4269.0
 60.1431 15.9333  886   0.50  -1.80  35.00  -437.0  4277.0
 60.1431 15.9333  887   0.50  -1.80  35.00  -440.0  4267.0
 60.1431 15.9333  888   0.50  -1.80  35.00  -443.0  4262.0
 60.1431 15.9333  889   0.50  -1.80  35.00  -444.0  4269.0
 60.1431 15.9333  890   0.50  -1.80  35.00  -435.0  4267.0
 60.1431 15.9333  891   0.50  -1.80  35.00  -441.0  4273.0
 60.1431 15.9333  892   0.50  -1.80  35.00  -441.0  4272.0
 60.1431 15.9333  893   0.50  -1.80  35.00  -439.0  4267.0
 60.1431 15.9333  894   0.50  -1.80  35.00  -443.0  4277.0
 60.1431 15.9333  895   0.50  -1.80  35.00  -443.0  4281.0
 60.1431 15.9333  896   0.50  -1.80  35.00  -439.0  4273.0
 60.1431 15.9333  897   0.50  -1.80  35.00  -443.0  4267.0
 60.1431 15.9333  898   0.50  -1.80  35.00  -436.0  4267.0
 60.1431 15.9334  899   0.50  -1.80  35.00  -447.0  3037.0
 60.1431 15.9333  900   0.50  -1.80  35.00  -431.0  3041.0
 60.1431 15.9333  901   0.50  -1.80  35.00  -441.0  3032.0
 60.1431 15.9333  902   0.50  -1.80  35.00  -443.0  3037.0
 60.1431 15.9333  903   0.50  -1.80  35.00  -443.0  3031.0
 60.1431 15.9333  904   0.50  -1.80  35.00  -443.0  3037.0
 60.1431 15.9333  905   0.50  -1.80  35.00  -447.0  3029.0
 60.1431 15.9333  906   0.50  -1.80  35.00  -438.0  3041.0
 60.1431 15.9333  907   0.50  -1.80  35.00  -443.0  3032.0
 60.1431 15.9333  908   0.50  -1.80  35.00  -441.0  3034.0
 60.1431 15.9333  909   0.50  -1.80  35.00  -443.0  3033.0
 60.1431 15.9333  910   0.50  -1.80  35.00  -439.0  3039.0
 60.1431 15.9333  911   0.50  -1.80  35.00  -437.0  3041.0
 60.1431 15.9333  912   0.50  -1.80  35.00  -435.0  3036.0
 60.1431 15.9333  913   0.50  -1.80  35.00  -437.0  3038.0
 60.1431 15.9333  914   0.50  -1.80  35.00  -444.0  3039.0
 60.1431 15.9333  915   0.50  -1.80  35.00  -435.0  3040.0
 60.1431 15.9333  916   0.50  -1.80  35.00  -436.0  3033.0
 60.1431 15.9333  917   0.50  -1.80  35.00  -444.0  3041.0
 60.1431 15.9333  918   0.50  -1.80  35.00  -436.0  3037.0
 60.1431 15.9333  919   0.50  -1.80  35.00  -439.0  3029.0
 60.1431 15.9333  920   0.50  -1.80  35.00  -437.0  3041.0
 60.1431 15.9333  921   0.50  -1.80  35.00  -444.0  3034.0
 60.1431 15.9333  922   0.50  -1.80  35.00  -435.0  3041.0
 60.1431 15.9333  923   0.50  -1.80  35.00  -439.0  3043.0
 60.1431 15.9333  924   0.50  -1.80  35.00  -437.0  3035.0
 60.1431 15.9333  925   0.50  -1.80  35.00  -444.0  3037.0
 60.1431 15.9333  926   0.50  -1.80  35.00  -448.0  3033.0
 60.1431 15.9334  927   0.50  -1.80  35.00  -444.0  3035.0
 60.1431 15.9334  928   0.50  -1.80  35.00  -433.0  3033.0
 60.1431 15.9333  929   0.50  -1.80  35.00  -449.0  3035.0
 60.1431 15.9333  930   0.50  -1.80  35.00  -435.0  3031.0
 60.1431 15.9333  931   0.50  -1.80  35.00  -441.0  3044.0
 60.1431 15.9333  932   0.50  -1.80  35.00  -443.0  3037.0
 60.1431 15.9333  933   0.50  -1.80  35.00  -440.0  3033.0
 60.1431 15.9333  934   0.50  -1.80  35.00  -443.0  3035.0
 60.1431 15.9333  935   0.50  -1.80  35.00  -440.0  3033.0
 60.1431 15.9333  936   0.50  -1.80  35.00  -428.0  3033.0
 60.1431 15.9333  937   0.50  -1.80  35.00  -433.0  3149.0
 60.1431 15.9333  938   0.50  -1.80  35.00  -433.0  3157.0
 60.1431 15.9333  939   0.50  -1.80  35.00  -435.0  3156.0
 60.1431 15.9333  940   0.50  -1.80  35.00  -433.0  3156.0
 60.1431 15.9333  941   0.50  -1.80  35.00  -435.0  3149.0
 60.1431 15.9333  942   0.50  -1.80  35.00  -428.0  3151.0
 60.1431 15.9333  943   0.50  -1.80  35.00  -429.0  3161.0
 60.1431 15.9333  944   0.50  -1.80  35.00  -431.0  3155.0
 60.1431 15.9333  945   0.50  -1.80  35.00  -439.0  3161.0
 60.1431 15.9333  946   0.50  -1.80  35.00  -435.0  3155.0
 60.1431 15.9333  947   0.50  -1.80  35.00  -435.0  3165.0
 60.1431 15.9333  948   0.50  -1.80  35.00  -435.0  3161.0
 60.1431 15.9333  949   0.50  -1.80  35.00  -435.0  3153.0
 60.1431 15.9333  950   0.50  -1.80  35.00  -433.0  3152.0
 60.1431 15.9333  951   0.50  -1.80  35.00  -439.0  3151.0
 60.1431 15.9333  952   0.50  -1.80  35.00  -429.0  3156.0
 60.1431 15.9333  953   0.50  -1.80  35.00  -423.0  3165.0
 60.1431 15.9333  954   0.50  -1.80  35.00  -433.0  3153.0
 60.1431 15.9333  955   0.50  -1.80  35.00  -431.0  3153.0
 60.1431 15.9333  956   0.50  -1.80  35.00  -431.0  3159.0
 60.1431 15.9333  957   0.50  -1.80  35.00  -431.0  3145.0
 60.1431 15.9333  958   0.50  -1.80  35.00  -433.0  3148.0
 60.1431 15.9333  959   0.50  -1.80  35.00  -431.0  3151.0
 60.1431 15.9333  960   0.50  -1.80  35.00  -433.0  3150.0
 60.1431 15.9333  961   0.50  -1.80  35.00  -433.0  3151.0
 60.1431 15.9333  962   0.50  -1.80  35.00  -435.0  3153.0
 60.1431 15.9333  963   0.50  -1.80  35.00  -423.0  3161.0
 60.1431 15.9333  964   0.50  -1.80  35.00  -431.0  3157.0
 60.1431 15.9333  965   0.50  -1.80  35.00  -424.0  3157.0
 60.1431 15.9333  966   0.50  -1.80  35.00  -435.0  3145.0
 60.1431 15.9333  967   0.50  -1.80  35.00  -427.0  3157.0
 60.1431 15.9333  968   0.50  -1.80  35.00  -427.0  3153.0
 60.1431 15.9333  969   0.50  -1.80  35.00  -427.0  3149.0
 60.1431 15.9333  970   0.50  -1.80  35.00  -433.0  3153.0
 60.1431 15.9333  971   0.50  -1.80  35.00  -433.0  3152.0
 60.1431 15.9333  972   0.50  -1.80  35.00  -433.0  3153.0
 60.1431 15.9333  973   0.50  -1.80  35.00  -427.0  3151.0
 60.1431 15.9333  974   0.50  -1.80  35.00  -424.0  3151.0
 60.1431 15.9333  975   0.50  -1.80  35.00  -436.0  3157.0
 60.1431 15.9333  976   0.50  -1.80  35.00  -427.0  3148.0
 60.1431 15.9333  977   0.50  -1.80  35.00  -433.0  3157.0
 60.1431 15.9333  978   0.50  -1.80  35.00  -429.0  3155.0
 60.1431 15.9333  979   0.50  -1.80  35.00  -406.0  3165.0
 60.1431 15.9333  980   0.50  -1.80  35.00  -412.0  3859.0
 60.1431 15.9333  981   0.50  -1.80  35.00  -406.0  3864.0
 60.1431 15.9333  982   0.50  -1.80  35.00  -395.0  3857.0
 60.1431 15.9333  983   0.50  -1.80  35.00  -406.0  3863.0
 60.1431 15.9333  984   0.50  -1.80  35.00  -420.0  3861.0
 60.1431 15.9333  985   0.50  -1.80  35.00  -401.0  3865.0
 60.1431 15.9333  986   0.50  -1.80  35.00  -407.0  3865.0
 60.1431 15.9333  987   0.50  -1.80  35.00  -413.0  3861.0
 60.1431 15.9333  988   0.50  -1.80  35.00  -415.0  3854.0
 60.1431 15.9333  989   0.50  -1.80  35.00  -404.0  3852.0
 60.1431 15.9333  990   0.50  -1.80  35.00  -407.0  3860.0
 60.1431 15.9333  991   0.50  -1.80  35.00  -407.0  3857.0
 60.1431 15.9333  992   0.50  -1.80  35.00  -412.0  3859.0
 60.1431 15.9333  993   0.50  -1.80  35.00  -406.0  3867.0
 60.1431 15.9333  994   0.50  -1.80  35.00  -407.0  3860.0
 60.1431 15.9333  995   0.50  -1.80  35.00  -406.0  3857.0
 60.1431 15.9333  996   0.50  -1.80  35.00  -403.0  3861.0
 60.1431 15.9334  997   0.50  -1.80  35.00  -411.0  3855.0
 60.1431 15.9334  998   0.50  -1.80  35.00  -411.0  3855.0
 60.1431 15.9333  999   0.50  -1.80  35.00  -403.0  3857.0
