 48.6194 20.5575    0   0.20  -4.40  39.06  4350.0   961.0
 48.3694 18.6289    1   0.20  -4.40  39.06  4401.0  1012.0
 48.3694 18.6289    2   0.20  -4.40  39.06  4410.0   658.0
 48.3694 18.6289    3   0.20  -4.40  39.06  4404.0   650.0
 48.3694 18.6289    4   0.20  -4.40  39.06  4379.0   917.0
 48.3694 18.6289    5   0.20  -4.40  39.06  4330.0   946.0
 48.3694 18.6289    6   0.20  -4.40  39.06  4387.0   684.0
 48.3694 18.6289    7   0.20  -4.40  39.06  4441.0   941.0
 48.3694 18.6289    8   0.20  -4.40  39.06  4391.0  1066.0
 48.3694 18.6289    9   0.20  -4.40  39.06  4387.0  1100.0
 48.3694 18.6289   10   0.20  -4.40  39.06  4409.0   883.0
 48.3694 18.6289   11   0.20  -4.40  39.06  4371.0   445.0
 48.3694 18.6289   12   0.20  -4.40  39.06  4359.0  1225.0
 48.3694 18.6289   13   0.20  -4.40  39.06  4346.0   759.0
 48.3694 18.6289   14   0.20  -4.40  39.06  4411.0   702.0
 48.3694 18.6289   15   0.20  -4.40  39.06  4408.0  2011.0
 48.3694 18.6289   16   0.20  -4.40  39.06  4299.0   119.0
 48.3694 18.6289   17   0.20  -4.40  39.06  4340.0   430.0
 48.3694 18.6289   18   0.20  -4.40  39.06  4327.0  1362.0
 48.3694 18.6289   19   0.20  -4.40  39.06  4378.0   421.0
 48.3694 18.6289   20   0.20  -4.40  39.06  4366.0   584.0
 48.3694 18.6289   21   0.20  -4.40  39.06  4370.0   922.0
 48.3694 18.6289   22   0.20  -4.40  39.06  4365.0   686.0
 48.3694 18.6289   23   0.20  -4.40  39.06  4470.0   834.0
 48.3694 18.6289   24   0.20  -4.40  39.06  4429.0  1204.0
 48.3694 18.6289   25   0.20  -4.40  39.06  4366.0   221.0
 48.3694 18.6289   26   0.20  -4.40  39.06  4386.0   267.0
 48.3694 18.6289   27   0.20  -4.40  39.06  4344.0  -230.0
 48.3694 18.6289   28   0.20  -4.40  39.06  4424.0    80.0
 48.3694 18.6289   29   0.20  -4.40  39.06  4352.0   786.0
 48.3694 18.6289   30   0.20  -4.40  39.06  4403.0   670.0
 48.3694 18.6289   31   0.20  -4.40  39.06  4417.0   553.0
 48.3694 18.6289   32   0.20  -4.40  39.06  4375.0   616.0
 48.3694 18.6289   33   0.20  -4.40  39.06  4411.0   684.0
 48.3694 18.6289   34   0.20  -4.40  39.06  4323.0   112.0
 48.3694 18.6289   35   0.20  -4.40  39.06  4425.0   888.0
 48.3694 18.6289   36   0.20  -4.40  39.06  4401.0   524.0
 48.3694 18.6289   37   0.20  -4.40  39.06  4406.0   -91.0
 48.3694 18.6289   38   0.20  -4.40  39.06  4411.0  1713.0
 48.3694 18.6289   39   0.20  -4.40  39.06  4402.0   944.0
 48.3694 18.6289   40   0.20  -4.40  39.06  4326.0  1260.0
 48.3694 18.6289   41   0.20  -4.40  39.06  4351.0   118.0
 48.3694 18.6289   42   0.20  -4.40  39.06  4348.0   944.0
 48.3694 18.6289   43   0.20  -4.40  39.06  4399.0   535.0
 48.3694 18.6289   44   0.20  -4.40  39.06  4376.0  1087.0
 48.3694 18.6289   45   0.20  -4.40  39.06  4384.0   420.0
 48.3694 18.6289   46   0.20  -4.40  39.06  4378.0   198.0
 48.3694 18.6289   47   0.20  -4.40  39.06  4357.0   710.0
 48.3694 18.6289   48   0.20  -4.40  39.06  4313.0  1022.0
 48.3694 18.6289   49   0.20  -4.40  39.06  4394.0  -123.0
 48.3694 18.6289   50   0.20  -4.40  39.06  4402.0   638.0
 48.3694 18.6289   51   0.20  -4.40  39.06  4331.0   204.0
 48.3694 18.6289   52   0.20  -4.40  39.06  4396.0   214.0
 48.3694 18.6289   53   0.20  -4.40  39.06  4355.0   602.0
 48.3694 18.6289   54   0.20  -4.40  39.06  4355.0  1103.0
 48.3694 18.6289   55   0.20  -4.40  39.06  4329.0   933.0
 48.3694 18.6289   56   0.20  -4.40  39.06  4427.0  1039.0
 48.3694 18.6289   57   0.20  -4.40  39.06  4418.0   840.0
 48.3694 18.6289   58   0.20  -4.40  39.06  4437.0     0.0
 48.3694 18.6289   59   0.20  -4.40  39.06  4414.0  1232.0
 48.3694 18.6289   60   0.20  -4.40  39.06  4455.0  1241.0
 48.3694 18.6289   61   0.20  -4.40  39.06  4347.0  1520.0
 48.3694 18.6289   62   0.20  -4.40  39.06  4387.0  1274.0
 48.3694 18.6289   63   0.20  -4.40  39.06  4360.0  1307.0
 48.3694 18.6289   64   0.20  -4.40  39.06  4358.0  1430.0
 48.3694 18.6289   65   0.20  -4.40  39.06  4379.0   712.0
 48.3694 18.6289   66   0.20  -4.40  39.06  4376.0   687.0
 48.3694 18.6289   67   0.20  -4.40  39.06  4418.0   273.0
 48.3694 18.6289   68   0.20  -4.40  39.06  4399.0   427.0
 48.3694 18.6289   69   0.20  -4.40  39.06  4335.0  1077.0
 48.3694 18.6289   70   0.20  -4.40  39.06  4379.0  1416.0
 48.3694 18.6289   71   0.20  -4.40  39.06  4374.0  1131.0
 48.3694 18.6289   72   0.20  -4.40  39.06  4325.0   829.0
 48.3694 18.6289   73   0.20  -4.40  39.06  4400.0  1274.0
 48.3694 18.6289   74   0.20  -4.40  39.06  4436.0   814.0
 48.3694 18.6289   75   0.20  -4.40  39.06  4467.0   122.0
 48.3694 18.6289   76   0.20  -4.40  39.06  4397.0  1037.0
 48.3694 18.6289   77   0.20  -4.40  39.06  4371.0   985.0
 48.3694 18.6289   78   0.20  -4.40  39.06  4407.0   116.0
 48.3694 18.6289   79   0.20  -4.40  39.06  4407.0   732.0
 48.3694 18.6289   80   0.20  -4.40  39.06  4357.0   726.0
 48.3694 18.6289   81   0.20  -4.40  39.06  4374.0  1728.0
 48.3694 18.6289   82   0.20  -4.40  39.06  4312.0   656.0
 48.3694 18.6289   83   0.20  -4.40  39.06  4411.0  -312.0
 48.3694 18.6289   84   0.20  -4.40  39.06  4395.0  1474.0
 48.3694 18.6289   85   0.20  -4.40  39.06  4423.0  1311.0
 48.3694 18.6289   86   0.20  -4.40  39.06  4394.0  -403.0
 48.3694 18.6289   87   0.20  -4.40  39.06  4430.0   -84.0
 48.3694 18.6289   88   0.20  -4.40  39.06  4380.0   211.0
 48.3694 18.6289   89   0.20  -4.40  39.06  4441.0  1451.0
 48.3694 18.6289   90   0.20  -4.40  39.06  4394.0  -165.0
 48.3694 18.6289   91   0.20  -4.40  39.06  4402.0   652.0
 48.3694 18.6289   92   0.20  -4.40  39.06  4397.0   972.0
 48.3694 18.6289   93   0.20  -4.40  39.06  4358.0  -291.0
 48.3694 18.6289   94   0.20  -4.40  39.06  4398.0   266.0
 48.3694 18.6289   95   0.20  -4.40  39.06  4409.0  1190.0
 48.3694 18.6289   96   0.20  -4.40  39.06  4373.0   259.0
 48.3694 18.6289   97   0.20  -4.40  39.06  4480.0  1183.0
 48.3694 18.6289   98   0.20  -4.40  39.06  4388.0   546.0
 48.3694 18.6289   99   0.20  -4.40  39.06  4370.0   961.0
 48.3694 18.6289  100   0.20  -4.40  39.06  4359.0  -148.0
 48.3694 18.6289  101   0.20  -4.40  39.06  4390.0   438.0
 48.3694 18.6289  102   0.20  -4.40  39.06  4369.0   996.0
 48.3694 18.6289  103   0.20  -4.40  39.06  4365.0   722.0
 48.3694 18.6289  104   0.20  -4.40  39.06  4435.0  1181.0
 48.3694 18.6289  105   0.20  -4.40  39.06  4373.0   419.0
 48.3694 18.6289  106   0.20  -4.40  39.06  4399.0   981.0
 48.3694 18.6289  107   0.20  -4.40  39.06  4375.0  1016.0
 48.3694 18.6289  108   0.20  -4.40  39.06  4323.0   384.0
 48.3694 18.6289  109   0.20  -4.40  39.06  4410.0  1243.0
 48.3694 18.6289  110   0.20  -4.40  39.06  4425.0   906.0
 48.3694 18.6289  111   0.20  -4.40  39.06  4384.0    75.0
 48.3694 18.6289  112   0.20  -4.40  39.06  4411.0   979.0
 48.3694 18.6289  113   0.20  -4.40  39.06  4340.0  1383.0
 48.3694 18.6289  114   0.20  -4.40  39.06  4382.0   510.0
 48.3694 18.6289  115   0.20  -4.40  39.06  4379.0  1261.0
 48.3694 18.6289  116   0.20  -4.40  39.06  4401.0   797.0
 48.3694 18.6289  117   0.20  -4.40  39.06  4358.0   189.0
 48.3694 18.6289  118   0.20  -4.40  39.06  4354.0   768.0
 48.3694 18.6289  119   0.20  -4.40  39.06  4424.0    98.0
 48.3694 18.6289  120   0.20  -4.40  39.06  4392.0  1063.0
 48.3694 18.6289  121   0.20  -4.40  39.06  4357.0   636.0
 48.3694 18.6289  122   0.20  -4.40  39.06  4404.0   764.0
 48.3694 18.6289  123   0.20  -4.40  39.06  4402.0   886.0
 48.3694 18.6289  124   0.20  -4.40  39.06  4391.0   526.0
 48.3694 18.6289  125   0.20  -4.40  39.06  4370.0   552.0
 48.3694 18.6289  126   0.20  -4.40  39.06  4404.0   850.0
 48.3694 18.6289  127   0.20  -4.40  39.06  4381.0   405.0
 48.3694 18.6289  128   0.20  -4.40  39.06  4444.0    44.0
 48.3694 18.6289  129   0.20  -4.40  39.06  4377.0   485.0
 48.3694 18.6289  130   0.20  -4.40  39.06  4372.0   549.0
 48.3694 18.6289  131   0.20  -4.40  39.06  4359.0  -728.0
 48.3694 18.6289  132   0.20  -4.40  39.06  4338.0  -151.0
 48.3694 18.6289  133   0.20  -4.40  39.06  4387.0   703.0
 48.3694 18.6289  134   0.20  -4.40  39.06  4404.0  1411.0
 48.3694 18.6289  135   0.20  -4.40  39.06  4388.0  1029.0
 48.3694 18.6289  136   0.20  -4.40  39.06  4402.0  1398.0
 48.3694 18.6289  137   0.20  -4.40  39.06  4324.0   369.0
 48.3694 18.6289  138   0.20  -4.40  39.06  4335.0    50.0
 48.3694 18.6289  139   0.20  -4.40  39.06  4429.0   497.0
 48.3694 18.6289  140   0.20  -4.40  39.06  4369.0   711.0
 48.3694 18.6289  141   0.20  -4.40  39.06  4356.0   -94.0
 48.3694 18.6289  142   0.20  -4.40  39.06  4395.0  1104.0
 48.3694 18.6289  143   0.20  -4.40  39.06  4431.0  1290.0
 48.3694 18.6289  144   0.20  -4.40  39.06  4434.0  1362.0
 48.3694 18.6289  145   0.20  -4.40  39.06  4374.0   778.0
 48.3694 18.6289  146   0.20  -4.40  39.06  4373.0   502.0
 48.3694 18.6289  147   0.20  -4.40  39.06  4302.0  1047.0
 48.3694 18.6289  148   0.20  -4.40  39.06  4404.0   759.0
 48.3694 18.6289  149   0.20  -4.40  39.06  4416.0  1256.0
 48.3694 18.6289  150   0.20  -4.40  39.06  4364.0   536.0
 48.3694 18.6289  151   0.20  -4.40  39.06  4358.0  1093.0
 48.3694 18.6289  152   0.20  -4.40  39.06  4400.0   750.0
 48.3694 18.6289  153   0.20  -4.40  39.06  4406.0   534.0
 48.3694 18.6289  154   0.20  -4.40  39.06  4420.0   269.0
 48.3694 18.6289  155   0.20  -4.40  39.06  4407.0  1044.0
 48.3694 18.6289  156   0.20  -4.40  39.06  4332.0   618.0
 48.3694 18.6289  157   0.20  -4.40  39.06  4428.0  1250.0
 48.3694 18.6289  158   0.20  -4.40  39.06  4401.0  -975.0
 48.3694 18.6289  159   0.20  -4.40  39.06  4406.0  1033.0
 48.3694 18.6289  160   0.20  -4.40  39.06  4363.0   444.0
 48.3694 18.6289  161   0.20  -4.40  39.06  4354.0  -421.0
 48.3694 18.6289  162   0.20  -4.40  39.06  4435.0  1557.0
 48.3694 18.6289  163   0.20  -4.40  39.06  4382.0   857.0
 48.3694 18.6289  164   0.20  -4.40  39.06  4315.0   733.0
 48.3694 18.6289  165   0.20  -4.40  39.06  4394.0  1368.0
 48.3694 18.6289  166   0.20  -4.40  39.06  4329.0  1022.0
 48.3694 18.6289  167   0.20  -4.40  39.06  4379.0   450.0
 48.3694 18.6289  168   0.20  -4.40  39.06  4405.0  -366.0
 48.3694 18.6289  169   0.20  -4.40  39.06  4428.0   619.0
 48.3694 18.6289  170   0.20  -4.40  39.06  4440.0   472.0
 48.3694 18.6289  171   0.20  -4.40  39.06  4423.0   954.0
 48.3694 18.6289  172   0.20  -4.40  39.06  4419.0   662.0
 48.3694 18.6289  173   0.20  -4.40  39.06  4451.0    45.0
 48.3694 18.6289  174   0.20  -4.40  39.06  4330.0   640.0
 48.3694 18.6289  175   0.20  -4.40  39.06  4386.0   -95.0
 48.3694 18.6289  176   0.20  -4.40  39.06  4466.0  1319.0
 48.3694 18.6289  177   0.20  -4.40  39.06  4439.0   728.0
 48.3694 18.6289  178   0.20  -4.40  39.06  4379.0  1308.0
 48.3694 18.6289  179   0.20  -4.40  39.06  4407.0   697.0
 48.3694 18.6289  180   0.20  -4.40  39.06  4400.0  1336.0
 48.3694 18.6289  181   0.20  -4.40  39.06  4383.0  1069.0
 48.3694 18.6289  182   0.20  -4.40  39.06  4462.0   105.0
 48.3694 18.6289  183   0.20  -4.40  39.06  4323.0   809.0
 48.3694 18.6289  184   0.20  -4.40  39.06  4285.0  1252.0
 48.3694 18.6289  185   0.20  -4.40  39.06  4424.0   660.0
 48.3694 18.6289  186   0.20  -4.40  39.06  4374.0   274.0
 48.3694 18.6289  187   0.20  -4.40  39.06  4424.0  1098.0
 48.3694 18.6289  188   0.20  -4.40  39.06  4376.0  1219.0
 48.3694 18.6289  189   0.20  -4.40  39.06  4394.0  -610.0
 48.3694 18.6289  190   0.20  -4.40  39.06  4386.0   210.0
 48.3694 18.6289  191   0.20  -4.40  39.06  4397.0   867.0
 48.3694 18.6289  192   0.20  -4.40  39.06  4424.0   127.0
 48.3694 18.6289  193   0.20  -4.40  39.06  4448.0  1930.0
 48.3694 18.6289  194   0.20  -4.40  39.06  4446.0   817.0
 48.3694 18.6289  195   0.20  -4.40  39.06  4425.0   257.0
 48.3694 18.6289  196   0.20  -4.40  39.06  4409.0   167.0
 48.3694 18.6289  197   0.20  -4.40  39.06  4381.0   329.0
 48.3694 18.6289  198   0.20  -4.40  39.06  4384.0   805.0
 48.3694 18.6289  199   0.20  -4.40  39.06  4442.0   293.0
 48.3694 18.6289  200   0.20  -4.40  39.06  4425.0  1439.0
 48.3694 18.6289  201   0.20  -4.40  39.06  4409.0   459.0
 48.3694 18.6289  202   0.20  -4.40  39.06  4403.0   206.0
 48.3694 18.6289  203   0.20  -4.40  39.06  4363.0   829.0
 48.3694 18.6289  204   0.20  -4.40  39.06  4439.0   -28.0
 48.3694 18.6289  205   0.20  -4.40  39.06  4365.0   512.0
 48.3694 18.6289  206   0.20  -4.40  39.06  4357.0   736.0
 48.3694 18.6289  207   0.20  -4.40  39.06  4399.0   503.0
 48.3694 18.6289  208   0.20  -4.40  39.06  4402.0   675.0
 48.3694 18.6289  209   0.20  -4.40  39.06  4507.0  -488.0
 48.3694 18.6289  210   0.20  -4.40  39.06  4385.0   475.0
 48.3694 18.6289  211   0.20  -4.40  39.06  4440.0   180.0
 48.3694 18.6289  212   0.20  -4.40  39.06  4445.0   318.0
 48.3694 18.6289  213   0.20  -4.40  39.06  4399.0    57.0
 48.3694 18.6289  214   0.20  -4.40  39.06  4349.0  1328.0
 48.3694 18.6289  215   0.20  -4.40  39.06  4382.0   777.0
 48.3694 18.6289  216   0.20  -4.40  39.06  4393.0   244.0
 48.3694 18.6289  217   0.20  -4.40  39.06  4340.0  1064.0
 48.3694 18.6289  218   0.20  -4.40  39.06  4350.0   420.0
 48.3694 18.6289  219   0.20  -4.40  39.06  4410.0   418.0
 48.3694 18.6289  220   0.20  -4.40  39.06  4348.0   203.0
 48.3694 18.6289  221   0.20  -4.40  39.06  4325.0  1044.0
 48.3694 18.6289  222   0.20  -4.40  39.06  4349.0   781.0
 48.3694 18.6289  223   0.20  -4.40  39.06  4452.0  -167.0
 48.3694 18.6289  224   0.20  -4.40  39.06  4427.0  -196.0
 48.3694 18.6289  225   0.20  -4.40  39.06  4392.0   778.0
 48.3694 18.6289  226   0.20  -4.40  39.06  4361.0  1010.0
 48.3694 18.6289  227   0.20  -4.40  39.06  4409.0   436.0
 48.3694 18.6289  228   0.20  -4.40  39.06  4418.0   728.0
 48.3694 18.6289  229   0.20  -4.40  39.06  4349.0  1635.0
 48.3694 18.6289  230   0.20  -4.40  39.06  4395.0   249.0
 48.3694 18.6289  231   0.20  -4.40  39.06  4431.0   756.0
 48.3694 18.6289  232   0.20  -4.40  39.06  4419.0  1280.0
 48.3694 18.6289  233   0.20  -4.40  39.06  4348.0  1118.0
 48.3694 18.6289  234   0.20  -4.40  39.06  4390.0  -345.0
 48.3694 18.6289  235   0.20  -4.40  39.06  4363.0  1510.0
 48.3694 18.6289  236   0.20  -4.40  39.06  4390.0   361.0
 48.3694 18.6289  237   0.20  -4.40  39.06  4416.0   557.0
 48.3694 18.6289  238   0.20  -4.40  39.06  4339.0   795.0
 48.3694 18.6289  239   0.20  -4.40  39.06  4432.0   242.0
 48.3694 18.6289  240   0.20  -4.40  39.06  4348.0   969.0
 48.3694 18.6289  241   0.20  -4.40  39.06  4352.0   980.0
 48.3694 18.6289  242   0.20  -4.40  39.06  4409.0   561.0
 48.3694 18.6289  243   0.20  -4.40  39.06  4364.0   529.0
 48.3694 18.6289  244   0.20  -4.40  39.06  4436.0  1767.0
 48.3694 18.6289  245   0.20  -4.40  39.06  4415.0  1373.0
 48.3694 18.6289  246   0.20  -4.40  39.06  4417.0  -518.0
 48.3694 18.6289  247   0.20  -4.40  39.06  4454.0  1324.0
 48.3694 18.6289  248   0.20  -4.40  39.06  4373.0   146.0
 48.3694 18.6289  249   0.20  -4.40  39.06  4384.0  -519.0
 48.3694 18.6289  250   0.20  -4.40  39.06  4437.0  -926.0
 48.3694 18.6289  251   0.20  -4.40  39.06  4435.0   830.0
 48.3694 18.6289  252   0.20  -4.40  39.06  4407.0   384.0
 48.3694 18.6289  253   0.20  -4.40  39.06  4358.0   245.0
 48.3694 18.6289  254   0.20  -4.40  39.06  4408.0   662.0
 48.3694 18.6289  255   0.20  -4.40  39.06  4405.0    81.0
 48.3694 18.6289  256   0.20  -4.40  39.06  4373.0  1251.0
 48.3694 18.6289  257   0.20  -4.40  39.06  4393.0  -286.0
 48.3694 18.6289  258   0.20  -4.40  39.06  4438.0  -124.0
 48.3694 18.6289  259   0.20  -4.40  39.06  4457.0   460.0
 48.3694 18.6289  260   0.20  -4.40  39.06  4497.0  1001.0
 48.3694 18.6289  261   0.20  -4.40  39.06  4373.0   -45.0
 48.3694 18.6289  262   0.20  -4.40  39.06  4380.0  -129.0
 48.3694 18.6289  263   0.20  -4.40  39.06  4442.0   423.0
 48.3694 18.6289  264   0.20  -4.40  39.06  4390.0  1121.0
 48.3694 18.6289  265   0.20  -4.40  39.06  4357.0   984.0
 48.3694 18.6289  266   0.20  -4.40  39.06  4461.0   471.0
 48.3694 18.6289  267   0.20  -4.40  39.06  4364.0   326.0
 48.3694 18.6289  268   0.20  -4.40  39.06  4393.0  1029.0
 48.3694 18.6289  269   0.20  -4.40  39.06  4345.0   340.0
 48.3694 18.6289  270   0.20  -4.40  39.06  4356.0   391.0
 48.3694 18.6289  271   0.20  -4.40  39.06  4462.0   646.0
 48.3694 18.6289  272   0.20  -4.40  39.06  4416.0  1512.0
 48.3694 18.6289  273   0.20  -4.40  39.06  4402.0   183.0
 48.3694 18.6289  274   0.20  -4.40  39.06  4400.0  2083.0
 48.3694 18.6289  275   0.20  -4.40  39.06  4352.0   898.0
 48.3694 18.6289  276   0.20  -4.40  39.06  4434.0  1423.0
 48.3694 18.6289  277   0.20  -4.40  39.06  4341.0  -438.0
 48.3694 18.6289  278   0.20  -4.40  39.06  4429.0   208.0
 48.3694 18.6289  279   0.20  -4.40  39.06  4394.0   -85.0
 48.3694 18.6289  280   0.20  -4.40  39.06  4348.0  -261.0
 48.3694 18.6289  281   0.20  -4.40  39.06  4398.0   641.0
 48.3694 18.6289  282   0.20  -4.40  39.06  4385.0  1096.0
 48.3694 18.6289  283   0.20  -4.40  39.06  4422.0   229.0
 48.3694 18.6289  284   0.20  -4.40  39.06  4338.0   180.0
 48.3694 18.6289  285   0.20  -4.40  39.06  4368.0    52.0
 48.3694 18.6289  286   0.20  -4.40  39.06  4491.0  -222.0
 48.3694 18.6289  287   0.20  -4.40  39.06  4433.0  1406.0
 48.3694 18.6289  288   0.20  -4.40  39.06  4414.0    40.0
 48.3694 18.6289  289   0.20  -4.40  39.06  4488.0   507.0
 48.3694 18.6289  290   0.20  -4.40  39.02  4471.0  1479.0
 48.3694 18.6289  291   0.20  -4.40  39.01  4567.0   659.0
 48.3694 18.6289  292   0.20  -4.40  39.01  4601.0   910.0
 48.3694 18.6289  293   0.20  -4.40  39.01  4543.0   574.0
 48.3694 18.6289  294   0.20  -4.40  39.01  4462.0   759.0
 48.3694 18.6289  295   0.20  -4.40  38.96  4292.0   844.0
 48.3694 18.6289  296   0.20  -4.40  38.81  4069.0  1333.0
 48.3694 18.6289  297   0.20  -4.40  38.81  3762.0   372.0
 48.3694 18.6289  298   0.20  -4.40  38.81  3501.0   916.0
 48.3694 18.6289  299   0.20  -4.40  38.81  3573.0   450.0
 48.3694 18.6289  300   0.20  -4.40  38.81  4062.0   722.0
 48.3694 18.6289  301   0.20  -4.40  38.42  4205.0   417.0
 48.3694 18.6289  302   0.20  -4.40  38.32  3852.0    86.0
 48.3694 18.6289  303   0.20  -4.40  38.32  3479.0   511.0
 48.3694 18.6289  304   0.20  -4.40  38.32  3740.0  -479.0
 48.3694 18.6289  305   0.20  -4.40  38.32  3960.0   440.0
 48.3694 18.6289  306   0.20  -4.40  38.11  3949.0  1089.0
 48.3694 18.6289  307   0.20  -4.40  37.45  3969.0  1347.0
 48.3694 18.6289  308   0.20  -4.40  37.45  4238.0   574.0
 48.3694 18.6289  309   0.20  -4.40  37.45  4403.0   835.0
 48.3694 18.6289  310   0.20  -4.40  37.45  4715.0   902.0
 48.3694 18.6289  311   0.20  -4.40  37.45  4719.0  1483.0
 48.3694 18.6289  312   0.20  -4.40  36.60  4985.0  -226.0
 48.3694 18.6289  313   0.20  -4.40  36.31  5304.0  1787.0
 48.3694 18.6289  314   0.20  -4.40  36.31  5153.0  1898.0
 48.3694 18.6289  315   0.20  -4.40  36.31  5374.0  1194.0
 48.3694 18.6289  316   0.20  -4.40  36.31  5589.0  1353.0
 48.3694 18.6289  317   0.20  -4.40  36.00  5442.0  1427.0
 48.3694 18.6289  318   0.20  -4.40  35.08  5600.0  -107.0
 48.3694 18.6289  319   0.20  -4.40  35.08  5694.0  1457.0
 48.3694 18.6289  320   0.20  -4.40  35.08  5638.0  1008.0
 48.3694 18.6289  321   0.20  -4.40  35.08  5706.0  1214.0
 48.3694 18.6289  322   0.20  -4.40  35.08  5754.0   853.0
 48.3694 18.6289  323   0.20  -4.40  34.10  5733.0  1707.0
 48.3694 18.6289  324   0.20  -4.40  33.85  5774.0   404.0
 48.3694 18.6289  325   0.20  -4.40  33.85  5803.0   373.0
 48.3694 18.6289  326   0.20  -4.40  33.85  5801.0   456.0
 48.3694 18.6289  327   0.20  -4.40  33.85  5815.0  -492.0
 48.3694 18.6289  328   0.20  -4.40  33.54  5831.0    15.0
 48.3694 18.6289  329   0.20  -4.40  32.61  5838.0   238.0
 48.3694 18.6289  330   0.20  -4.40  32.61  5842.0  1418.0
 48.3694 18.6289  331   0.20  -4.40  32.61  5856.0  1230.0
 48.3694 18.6289  332   0.20  -4.40  32.61  5870.0   242.0
 48.3694 18.6289  333   0.20  -4.40  32.61  5859.0   736.0
 48.3694 18.6289  334   0.20  -4.40  31.69  5870.0   605.0
 48.3694 18.6289  335   0.20  -4.40  31.38  5873.0   142.0
 48.3694 18.6289  336   0.20  -4.40  31.38  5866.0  1376.0
 48.3694 18.6289  337   0.20  -4.40  31.38  5878.0   136.0
 48.3694 18.6289  338   0.20  -4.40  31.38  5869.0   -68.0
 48.3694 18.6289  339   0.20  -4.40  30.70  5860.0  -540.0
 48.3694 18.6289  340   0.20  -4.40  30.14  5864.0  1080.0
 48.3694 18.6289  341   0.20  -4.40  30.14  5849.0   882.0
 48.3694 18.6289  342   0.20  -4.40  30.14  5839.0    39.0
 48.3694 18.6289  343   0.20  -4.40  30.14  5842.0   192.0
 48.3694 18.6289  344   0.20  -4.40  30.01  5825.0   264.0
 48.3694 18.6289  345   0.20  -4.40  28.89  5804.0   729.0
 48.3694 18.6289  346   0.20  -4.40  28.89  5807.0   716.0
 48.3694 18.6289  347   0.20  -4.40  28.89  5796.0   736.0
 48.3694 18.6289  348   0.20  -4.40  28.89  5770.0  2264.0
 48.3694 18.6289  349   0.20  -4.40  28.89  5763.0   903.0
 48.3694 18.6289  350   0.20  -4.40  28.15  5756.0   346.0
 48.3694 18.6289  351   0.20  -4.40  27.66  5719.0  1031.0
 48.3694 18.6289  352   0.20  -4.40  27.66  5709.0  1265.0
 48.3694 18.6289  353   0.20  -4.40  27.66  5737.0   955.0
 48.3694 18.6289  354   0.20  -4.40  27.66  5652.0   712.0
 48.3694 18.6289  355   0.20  -4.40  27.53  5626.0   443.0
 48.3694 18.6289  356   0.20  -4.40  26.42  5664.0  1079.0
 48.3694 18.6289  357   0.20  -4.40  26.42  5616.0   456.0
 48.3694 18.6289  358   0.20  -4.40  26.42  5540.0   -28.0
 48.3694 18.6289  359   0.20  -4.40  26.42  5623.0   306.0
 48.3694 18.6289  360   0.20  -4.40  26.42  5538.0   813.0
 48.3694 18.6289  361   0.20  -4.40  25.61  5440.0  1382.0
 48.3694 18.6289  362   0.20  -4.40  25.18  5505.0   969.0
 48.3694 18.6289  363   0.20  -4.40  25.18  5368.0  1027.0
 48.3694 18.6289  364   0.20  -4.40  25.18  5312.0   851.0
 48.3694 18.6289  365   0.20  -4.40  25.18  5406.0   433.0
 48.3694 18.6289  366   0.20  -4.40  25.06  5278.0   486.0
 48.3694 18.6289  367   0.20  -4.40  23.95  5233.0   139.0
 48.3694 18.6289  368   0.20  -4.40  23.95  5431.0  -122.0
 48.3694 18.6289  369   0.20  -4.40  23.95  5428.0  1086.0
 48.3694 18.6289  370   0.20  -4.40  23.95  5374.0  1251.0
 48.3694 18.6289  371   0.20  -4.40  23.95  5609.0  1030.0
 48.3694 18.6289  372   0.20  -4.40  23.14  5633.0  1027.0
 48.3694 18.6289  373   0.20  -4.40  22.71  5594.0  1213.0
 48.3694 18.6289  374   0.20  -4.40  22.71  5709.0   858.0
 48.3694 18.6289  375   0.20  -4.40  22.71  5708.0   560.0
 48.3694 18.6289  376   0.20  -4.40  22.71  5622.0   711.0
 48.3694 18.6289  377   0.20  -4.40  22.46  5696.0  -131.0
 48.3694 18.6289  378   0.20  -4.40  21.47  5671.0   328.0
 48.3694 18.6289  379   0.20  -4.40  21.47  5534.0  1018.0
 48.3694 18.6289  380   0.20  -4.40  21.47  5575.0  1217.0
 48.3694 18.6289  381   0.20  -4.40  21.47  5518.0   304.0
 48.3694 18.6289  382   0.20  -4.40  21.47  5404.0  1806.0
 48.3694 18.6289  383   0.20  -4.40  20.55  5325.0  1395.0
 48.3694 18.6289  384   0.20  -4.40  20.24  5181.0   511.0
 48.3694 18.6289  385   0.20  -4.40  20.24  5228.0   786.0
 48.3694 18.6289  386   0.20  -4.40  20.24  5156.0   298.0
 48.3694 18.6289  387   0.20  -4.40  20.24  4693.0   883.0
 48.3694 18.6289  388   0.20  -4.40  19.99  4804.0   990.0
 48.3694 18.6289  389   0.20  -4.40  19.00  4782.0  -792.0
 48.3694 18.6289  390   0.20  -4.40  19.00  4029.0  1484.0
 48.3694 18.6289  391   0.20  -4.40  19.00  4176.0   927.0
 48.3694 18.6289  392   0.20  -4.40  19.00  4184.0   935.0
 48.3694 18.6289  393   0.20  -4.40  19.00  3266.0  -202.0
 48.3694 18.6289  394   0.20  -4.40  18.07  3425.0  1296.0
 48.3694 18.6289  395   0.20  -4.40  17.77  3682.0   326.0
 48.3694 18.6289  396   0.20  -4.40  17.77  3109.0  1171.0
 48.3694 18.6289  397   0.20  -4.40  17.77  3004.0   892.0
 48.3694 18.6289  398   0.20  -4.40  17.77  3451.0   825.0
 48.3694 18.6289  399   0.20  -4.40  17.40  3369.0   240.0
 48.3694 18.6289  400   0.20  -4.40  16.53  3198.0    25.0
 48.3694 18.6289  401   0.20  -4.40  16.53  3626.0   677.0
 48.3694 18.6289  402   0.20  -4.40  16.53  3818.0   354.0
 48.3694 18.6289  403   0.20  -4.40  16.53  3669.0   462.0
 48.3694 18.6289  404   0.20  -4.40  16.53  3848.0   931.0
 48.3694 18.6289  405   0.20  -4.40  15.60  4117.0   871.0
 48.3694 18.6289  406   0.20  -4.40  15.29  4042.0  -474.0
 48.3694 18.6289  407   0.20  -4.40  15.29  3928.0    21.0
 48.3694 18.6289  408   0.20  -4.40  15.29  4097.0  1263.0
 48.3694 18.6289  409   0.20  -4.40  15.29  4040.0  1050.0
 48.3694 18.6289  410   0.20  -4.40  14.98  3932.0  1718.0
 48.3694 18.6289  411   0.20  -4.40  14.06  3883.0  1339.0
 48.3694 18.6289  412   0.20  -4.40  14.06  3933.0  1055.0
 48.3694 18.6289  413   0.20  -4.40  14.06  3890.0   992.0
 48.3694 18.6289  414   0.20  -4.40  14.06  3723.0  -310.0
 48.3694 18.6289  415   0.20  -4.40  14.06  3913.0   800.0
 48.3694 18.6289  416   0.20  -4.40  13.13  4009.0  1297.0
 48.3694 18.6289  417   0.20  -4.40  12.82  3925.0   573.0
 48.3694 18.6289  418   0.20  -4.40  12.82  4071.0  1450.0
 48.3694 18.6289  419   0.20  -4.40  12.82  4228.0   962.0
 48.3694 18.6289  420   0.20  -4.40  12.82  4195.0   185.0
 48.3694 18.6289  421   0.20  -4.40  12.45  4082.0   112.0
 48.3694 18.6289  422   0.20  -4.40  11.59  4258.0  1309.0
 48.3694 18.6289  423   0.20  -4.40  11.59  3986.0   341.0
 48.3694 18.6289  424   0.20  -4.40  11.59  3882.0  -109.0
 48.3694 18.6289  425   0.20  -4.40  11.59  3812.0  -913.0
 48.3694 18.6289  426   0.20  -4.40  11.59  3546.0   -59.0
 48.3694 18.6289  427   0.20  -4.40  10.66  3322.0   967.0
 48.3694 18.6289  428   0.20  -4.40  10.35  3396.0  1300.0
 48.3694 18.6289  429   0.20  -4.40  10.35  3204.0  -306.0
 48.3694 18.6289  430   0.20  -4.40  10.35  2899.0   917.0
 48.3694 18.6289  431   0.20  -4.40  10.35  3190.0   522.0
 48.3694 18.6289  432   0.20  -4.40   9.79  3140.0   305.0
 48.3694 18.6289  433   0.20  -4.40   9.11  2933.0  1671.0
 48.3694 18.6289  434   0.20  -4.40   9.11  3373.0   680.0
 48.3694 18.6289  435   0.20  -4.40   9.11  3235.0    57.0
 48.3694 18.6289  436   0.20  -4.40   9.11  3140.0   434.0
 48.3694 18.6289  437   0.20  -4.40   8.93  3573.0   907.0
 48.3694 18.6289  438   0.20  -4.40   7.88  3401.0   442.0
 48.3694 18.6289  439   0.20  -4.40   7.88  3281.0   145.0
 48.3694 18.6289  440   0.20  -4.40   7.88  3640.0   603.0
 48.3694 18.6289  441   0.20  -4.40   7.88  3515.0  1158.0
 48.3694 18.6289  442   0.20  -4.40   7.88  3438.0  -171.0
 48.3694 18.6289  443   0.20  -4.40   7.01  3758.0   365.0
 48.3694 18.6289  444   0.20  -4.40   6.64  3512.0  1355.0
 48.3694 18.6289  445   0.20  -4.40   6.64  3610.0  1229.0
 48.3694 18.6289  446   0.20  -4.40   6.64  3752.0  1201.0
 48.3694 18.6289  447   0.20  -4.40   6.64  3662.0   468.0
 48.3694 18.6289  448   0.20  -4.40   6.39  3646.0  -142.0
 48.3694 18.6289  449   0.20  -4.40   5.40  3653.0   599.0
 48.3694 18.6289  450   0.20  -4.40   5.40  3658.0   916.0
 48.3694 18.6289  451   0.20  -4.40   5.40  3689.0  1053.0
 48.3694 18.6289  452   0.20  -4.40   5.40  3634.0   546.0
 48.3694 18.6289  453   0.20  -4.40   5.40  3449.0  1944.0
 48.3694 18.6289  454   0.20  -4.40   4.54  3400.0   615.0
 48.3694 18.6289  455   0.20  -4.40   4.17  3301.0   180.0
 48.3694 18.6289  456   0.20  -4.40   4.17  3165.0   -69.0
 48.3694 18.6289  457   0.20  -4.40   4.17  3046.0   938.0
 48.3694 18.6289  458   0.20  -4.40   4.17  2891.0   727.0
 48.3694 18.6289  459   0.20  -4.40   3.92  2735.0   523.0
 48.3694 18.6289  460   0.20  -4.40   2.93  2607.0  1521.0
 48.3694 18.6289  461   0.20  -4.40   2.93  2365.0   435.0
 48.3694 18.6289  462   0.20  -4.40   2.93  2422.0  -414.0
 48.3694 18.6289  463   0.20  -4.40   2.93  2310.0   192.0
 48.3694 18.6289  464   0.20  -4.40   2.93  2094.0  -592.0
 48.3694 18.6289  465   0.20  -4.40   2.05  2181.0   984.0
 48.3694 18.6289  466   0.20  -4.40   1.76  2362.0   120.0
 48.3694 18.6289  467   0.20  -4.40   1.76  2286.0  -250.0
 48.3694 18.6289  468   0.20  -4.40   1.76  2038.0  -467.0
 48.3694 18.6289  469   0.20  -4.40   1.76  2086.0   931.0
 48.3694 18.6289  470   0.20  -4.40   1.53  2437.0   196.0
 48.3694 18.6289  471   0.20  -4.40   0.85  2487.0  -577.0
 48.3694 18.6289  472   0.20  -4.40   0.85  2279.0    59.0
 48.3694 18.6289  473   0.20  -4.40   0.85  2025.0   448.0
 48.3694 18.6289  474   0.20  -4.40   0.85  2050.0  -133.0
 48.3694 18.6289  475   0.20  -4.40   0.85  2155.0   245.0
 48.3694 18.6289  476   0.20  -4.40   0.39  2338.0  -511.0
 48.3694 18.6289  477   0.20  -4.40   0.27  2519.0   313.0
 48.3694 18.6289  478   0.20  -4.40   0.27  2564.0   271.0
 48.3694 18.6289  479   0.20  -4.40   0.27  2480.0  -332.0
 48.3694 18.6289  480   0.20  -4.40   0.27  2524.0   707.0
 48.3694 18.6289  481   0.20  -4.40   0.20  2441.0   830.0
 48.3694 18.6289  482   0.20  -4.40   0.02  2387.0   -33.0
 48.3694 18.6289  483   0.20  -4.40   0.02  2448.0   788.0
 48.3694 18.6289  484   0.20  -4.40   0.02  2385.0   515.0
 48.3694 18.6289  485   0.20  -4.40   0.02  2429.0  1436.0
 48.3694 18.6289  486   0.20  -4.40   0.02  2380.0   631.0
 48.3694 18.6289  487   0.20  -4.40   0.00  2343.0   399.0
 48.3694 18.6289  488   0.20  -4.40  -0.00  2389.0     7.0
 48.3694 18.6289  489   0.20  -4.40  -0.00  2407.0   409.0
 48.3694 18.6289  490   0.20  -4.40  -0.00  2444.0   871.0
 48.3694 18.6289  491   0.20  -4.40  -0.00  2462.0   -30.0
 48.3694 18.6289  492   0.20  -4.40  -0.00  2521.0   -12.0
 48.3694 18.6289  493   0.20  -4.40  -0.00  2455.0   181.0
 48.3694 18.6289  494   0.20  -4.40  -0.00  2451.0   981.0
 48.3694 18.6289  495   0.20  -4.40  -0.00  2423.0   121.0
 48.3694 18.6289  496   0.20  -4.40  -0.00  2492.0  1675.0
 48.3694 18.6289  497   0.20  -4.40  -0.00  2374.0  1090.0
 48.3694 18.6289  498   0.20  -4.40  -0.00  2396.0    50.0
 48.3694 18.6289  499   0.20  -4.40  -0.00  2460.0  -272.0
 48.3694 18.6289  500   0.20  -4.40  -0.00  2439.0   669.0
 48.3694 18.6289  501   0.20  -4.40  -0.00  2365.0   998.0
 48.3694 18.6289  502   0.20  -4.40  -0.00  2391.0  1385.0
 48.3694 18.6289  503   0.20  -4.40  -0.00  2339.0  -363.0
 48.3694 18.6289  504   0.20  -4.40  -0.00  2393.0   100.0
 48.3694 18.6289  505   0.20  -4.40  -0.00  2464.0    96.0
 48.3694 18.6289  506   0.20  -4.40  -0.00  2430.0   990.0
 48.3694 18.6289  507   0.20  -4.40  -0.00  2388.0   786.0
 48.3694 18.6289  508   0.20  -4.40  -0.00  2415.0  1253.0
 48.3694 18.6289  509   0.20  -4.40  -0.01  2417.0    88.0
 48.3694 18.6289  510   0.20  -4.40  -0.01  2472.0   428.0
 48.3693 18.6289  511   0.20  -4.40  -0.01  2373.0   116.0
 48.3694 18.6289  512   0.20  -4.40  -0.01  2406.0   437.0
 48.3694 18.6289  513   0.20  -4.40  -0.01  2401.0   244.0
 48.3694 18.6289  514   0.20  -4.40  -0.01  2407.0   652.0
 48.3694 18.6289  515   0.20  -4.40  -0.01  2402.0   181.0
 48.3694 18.6289  516   0.20  -4.40  -0.01  2440.0  -260.0
 48.3694 18.6289  517   0.20  -4.40  -0.01  2462.0  1359.0
 48.3694 18.6289  518   0.20  -4.40  -0.01  2369.0   240.0
 48.3694 18.6289  519   0.20  -4.40  -0.01  2398.0   555.0
 48.3694 18.6289  520   0.20  -4.40  -0.01  2403.0   628.0
 48.3694 18.6289  521   0.20  -4.40  -0.01  2399.0    53.0
 48.3694 18.6289  522   0.20  -4.40  -0.01  2406.0  1002.0
 48.3694 18.6289  523   0.20  -4.40  -0.01  2498.0   105.0
 48.3694 18.6289  524   0.20  -4.40  -0.01  2384.0  1004.0
 48.3694 18.6289  525   0.20  -4.40  -0.01  2340.0    70.0
 48.3694 18.6289  526   0.20  -4.40  -0.01  2382.0   203.0
 48.3694 18.6289  527   0.20  -4.40  -0.01  2374.0  -277.0
 48.3694 18.6289  528   0.20  -4.40  -0.01  2396.0   980.0
 48.3694 18.6289  529   0.20  -4.40  -0.01  2359.0   995.0
 48.3694 18.6289  530   0.20  -4.40  -0.01  2314.0  -373.0
 48.3694 18.6289  531   0.20  -4.40  -0.01  2332.0  -154.0
 48.3694 18.6289  532   0.20  -4.40  -0.01  2415.0   311.0
 48.3694 18.6289  533   0.20  -4.40  -0.01  2413.0   212.0
 48.3694 18.6289  534   0.20  -4.40  -0.01  2382.0   942.0
 48.3694 18.6289  535   0.20  -4.40  -0.01  2322.0   -44.0
 48.3694 18.6289  536   0.20  -4.40  -0.01  2338.0   945.0
 48.3694 18.6289  537   0.20  -4.40  -0.01  2460.0   980.0
 48.3694 18.6289  538   0.20  -4.40  -0.01  2387.0   651.0
 48.3694 18.6289  539   0.20  -4.40  -0.01  2352.0   864.0
 48.3694 18.6289  540   0.20  -4.40  -0.01  2342.0  1155.0
 48.3694 18.6289  541   0.20  -4.40  -0.01  2439.0   924.0
 48.3694 18.6289  542   0.20  -4.40  -0.02  2405.0   412.0
 48.3694 18.6289  543   0.20  -4.40  -0.02  2336.0    23.0
 48.3694 18.6289  544   0.20  -4.40  -0.02  2409.0   548.0
 48.3694 18.6289  545   0.20  -4.40  -0.02  2332.0  1008.0
 48.3694 18.6289  546   0.20  -4.40  -0.02  2349.0   609.0
 48.3694 18.6289  547   0.20  -4.40  -0.02  2308.0   311.0
 48.3694 18.6289  548   0.20  -4.40  -0.02  2338.0  1529.0
 48.3694 18.6289  549   0.20  -4.40  -0.02  2349.0  1321.0
 48.3694 18.6289  550   0.20  -4.40  -0.02  2407.0  -244.0
 48.3694 18.6289  551   0.20  -4.40  -0.02  2396.0  -143.0
 48.3694 18.6289  552   0.20  -4.40  -0.02  2363.0  1131.0
 48.3694 18.6289  553   0.20  -4.40  -0.02  2342.0   333.0
 48.3694 18.6289  554   0.20  -4.40  -0.02  2370.0  1513.0
