 48.3700 18.6290    0   0.20  -4.41  -0.21   206.0   803.0
 48.3700 18.6290    1   0.20  -4.41  -0.21   205.0   382.0
 48.3700 18.6290    2   0.20  -4.41  -0.21   205.0  -460.0
 48.3700 18.6290    3   0.20  -4.41  -0.21   209.0   461.0
 48.3700 18.6290    4   0.20  -4.41  -0.21   210.0  1255.0
 48.3700 18.6290    5   0.20  -4.41  -0.21   202.0  -676.0
 48.3700 18.6290    6   0.20  -4.41  -0.21   207.0   289.0
 48.3700 18.6290    7   0.20  -4.41  -0.21   210.0 -1183.0
 48.3700 18.6290    8   0.20  -4.41  -0.21   210.0   183.0
 48.3700 18.6290    9   0.20  -4.41  -0.21   211.0    -5.0
 48.3700 18.6290   10   0.20  -4.41  -0.21   205.0   220.0
 48.3700 18.6290   11   0.20  -4.41  -0.21   205.0  -269.0
 48.3700 18.6290   12   0.20  -4.41  -0.21   218.0  -126.0
 48.3700 18.6290   13   0.20  -4.41  -0.21   211.0    86.0
 48.3700 18.6290   14   0.20  -4.41  -0.21   214.0   283.0
 48.3700 18.6290   15   0.20  -4.41  -0.21   205.0   260.0
 48.3700 18.6290   16   0.20  -4.41  -0.21   208.0  -284.0
 48.3700 18.6290   17   0.20  -4.41  -0.21   207.0   -58.0
 48.3700 18.6290   18   0.20  -4.41  -0.21   207.0   348.0
 48.3700 18.6290   19   0.20  -4.41  -0.21   206.0    15.0
 48.3700 18.6290   20   0.20  -4.41  -0.21   211.0   -24.0
 48.3700 18.6290   21   0.20  -4.41  -0.21   204.0  -120.0
 48.3700 18.6290   22   0.20  -4.41  -0.21   212.0    95.0
 48.3700 18.6290   23   0.20  -4.41  -0.21   213.0   -39.0
 48.3700 18.6290   24   0.20  -4.41  -0.21   202.0   414.0
 48.3700 18.6290   25   0.20  -4.41  -0.21   207.0 -1029.0
 48.3700 18.6290   26   0.20  -4.41  -0.21   199.0  -374.0
 48.3700 18.6290   27   0.20  -4.41  -0.21   209.0  -658.0
 48.3700 18.6290   28   0.20  -4.41  -0.21   202.0  -163.0
 48.3700 18.6290   29   0.20  -4.41  -0.21   202.0  -290.0
 48.3700 18.6290   30   0.20  -4.41  -0.21   208.0  -112.0
 48.3700 18.6290   31   0.20  -4.41  -0.21   206.0   -66.0
 48.3700 18.6290   32   0.20  -4.41  -0.21   208.0  -416.0
 48.3700 18.6290   33   0.20  -4.41  -0.21   205.0  -288.0
 48.3700 18.6290   34   0.20  -4.41  -0.21   209.0   268.0
 48.3700 18.6290   35   0.20  -4.41  -0.21   206.0   -61.0
 48.3700 18.6290   36   0.20  -4.41  -0.21   203.0  -120.0
 48.3700 18.6290   37   0.20  -4.41  -0.21   207.0   167.0
 48.3700 18.6290   38   0.20  -4.41  -0.21   198.0   165.0
 48.3700 18.6290   39   0.20  -4.41  -0.21   200.0  1558.0
 48.3700 18.6290   40   0.20  -4.41  -0.21   204.0    -8.0
 48.3700 18.6290   41   0.20  -4.41  -0.21   204.0   330.0
 48.3700 18.6290   42   0.20  -4.41  -0.21   209.0    77.0
 48.3700 18.6290   43   0.20  -4.41  -0.21   201.0   194.0
 48.3700 18.6290   44   0.20  -4.41  -0.21   211.0  -174.0
 48.3700 18.6290   45   0.20  -4.41  -0.21   204.0  -337.0
 48.3700 18.6290   46   0.20  -4.41  -0.21   208.0   372.0
 48.3700 18.6290   47   0.20  -4.41  -0.21   211.0   191.0
 48.3700 18.6290   48   0.20  -4.41  -0.21   209.0  -330.0
 48.3700 18.6290   49   0.20  -4.41  -0.21   202.0    90.0
 48.3700 18.6290   50   0.20  -4.41  -0.21   205.0   807.0
 48.3700 18.6290   51   0.20  -4.41  -0.21   211.0  -545.0
 48.3700 18.6290   52   0.20  -4.41  -0.21   218.0  -727.0
 48.3700 18.6290   53   0.20  -4.41  -0.21   216.0   -15.0
 48.3700 18.6290   54   0.20  -4.41  -0.21   205.0  -423.0
 48.3700 18.6290   55   0.20  -4.41  -0.21   208.0   292.0
 48.3700 18.6290   56   0.20  -4.41  -0.21   209.0   159.0
 48.3700 18.6290   57   0.20  -4.41  -0.21   212.0   212.0
 48.3700 18.6290   58   0.20  -4.41  -0.21   204.0   668.0
 48.3700 18.6290   59   0.20  -4.41  -0.21   204.0   282.0
 48.3700 18.6290   60   0.20  -4.41  -0.21   212.0   262.0
 48.3700 18.6290   61   0.20  -4.41  -0.21   198.0   222.0
 48.3700 18.6290   62   0.20  -4.41  -0.21   206.0   545.0
 48.3700 18.6290   63   0.20  -4.41  -0.21   210.0 -1046.0
 48.3700 18.6290   64   0.20  -4.41  -0.21   209.0  -266.0
 48.3700 18.6290   65   0.20  -4.41  -0.21   203.0    69.0
 48.3700 18.6290   66   0.20  -4.41  -0.21   203.0  -896.0
 48.3700 18.6290   67   0.20  -4.41  -0.21   200.0  -539.0
 48.3700 18.6290   68   0.20  -4.41  -0.21   207.0   124.0
 48.3700 18.6290   69   0.20  -4.41  -0.21   207.0  -456.0
 48.3700 18.6290   70   0.20  -4.41  -0.21   200.0  -816.0
 48.3700 18.6290   71   0.20  -4.41  -0.21   202.0    79.0
 48.3700 18.6290   72   0.20  -4.41  -0.21   214.0  1009.0
 48.3700 18.6290   73   0.20  -4.41  -0.21   212.0   201.0
 48.3700 18.6290   74   0.20  -4.41  -0.21   212.0  -502.0
 48.3700 18.6290   75   0.20  -4.41  -0.21   203.0  -621.0
 48.3700 18.6290   76   0.20  -4.41  -0.21   204.0  -292.0
 48.3700 18.6290   77   0.20  -4.41  -0.21   206.0   455.0
 48.3700 18.6290   78   0.20  -4.41  -0.21   206.0  -432.0
 48.3700 18.6290   79   0.20  -4.41  -0.21   204.0  -390.0
 48.3700 18.6290   80   0.20  -4.41  -0.21   214.0   514.0
 48.3700 18.6290   81   0.20  -4.41  -0.21   208.0  -454.0
 48.3700 18.6290   82   0.20  -4.41  -0.21   207.0   293.0
 48.3700 18.6290   83   0.20  -4.41  -0.21   202.0 -1198.0
 48.3700 18.6290   84   0.20  -4.41  -0.21   207.0   -93.0
 48.3700 18.6290   85   0.20  -4.41  -0.21   210.0 -1538.0
 48.3700 18.6290   86   0.20  -4.41  -0.21   215.0  -541.0
 48.3700 18.6290   87   0.20  -4.41  -0.21   204.0  -139.0
 48.3700 18.6290   88   0.20  -4.41  -0.21   203.0  -488.0
 48.3700 18.6290   89   0.20  -4.41  -0.21   214.0   297.0
 48.3700 18.6290   90   0.20  -4.41  -0.21   213.0  -640.0
 48.3700 18.6290   91   0.20  -4.41  -0.21   199.0    49.0
 48.3700 18.6290   92   0.20  -4.41  -0.21   215.0    38.0
 48.3700 18.6290   93   0.20  -4.41  -0.21   196.0  -142.0
 48.3700 18.6290   94   0.20  -4.41  -0.21   208.0   781.0
 48.3700 18.6290   95   0.20  -4.41  -0.21   201.0  -542.0
 48.3700 18.6290   96   0.20  -4.41  -0.21   205.0   713.0
 48.3700 18.6290   97   0.20  -4.41  -0.21   213.0   256.0
 48.3700 18.6290   98   0.20  -4.41  -0.21   208.0  -272.0
 48.3700 18.6290   99   0.20  -4.41  -0.21   210.0  -120.0
 48.3700 18.6290  100   0.20  -4.41  -0.21   199.0   368.0
 48.3700 18.6290  101   0.20  -4.41  -0.21   206.0   182.0
 48.3700 18.6290  102   0.20  -4.41  -0.21   201.0  -922.0
 48.3700 18.6290  103   0.20  -4.41  -0.21   200.0  -261.0
 48.3700 18.6290  104   0.20  -4.41  -0.21   206.0     0.0
 48.3700 18.6290  105   0.20  -4.41  -0.21   207.0  -533.0
 48.3700 18.6290  106   0.20  -4.41  -0.21   203.0 -1026.0
 48.3700 18.6290  107   0.20  -4.41  -0.21   210.0   506.0
 48.3700 18.6290  108   0.20  -4.41  -0.21   210.0  -964.0
 48.3700 18.6290  109   0.20  -4.41  -0.21   205.0  -360.0
 48.3700 18.6290  110   0.20  -4.41  -0.21   203.0  -470.0
 48.3700 18.6290  111   0.20  -4.41  -0.21   206.0   102.0
 48.3700 18.6290  112   0.20  -4.41  -0.21   216.0  -658.0
 48.3700 18.6290  113   0.20  -4.41  -0.21   212.0   783.0
 48.3700 18.6290  114   0.20  -4.41  -0.21   212.0  -193.0
 48.3700 18.6290  115   0.20  -4.41  -0.21   201.0   333.0
 48.3700 18.6290  116   0.20  -4.41  -0.21   209.0 -1139.0
 48.3700 18.6290  117   0.20  -4.41  -0.21   205.0  -112.0
 48.3700 18.6290  118   0.20  -4.40  -0.18   211.0  -303.0
 48.3700 18.6290  119   0.20  -4.40  -0.15   210.0   -35.0
 48.3700 18.6290  120   0.20  -4.40  -0.15   228.0   414.0
 48.3700 18.6290  121   0.20  -4.40  -0.15   244.0  1101.0
 48.3700 18.6290  122   0.20  -4.40  -0.15   259.0  -322.0
 48.3700 18.6290  123   0.20  -4.40  -0.11   262.0  -477.0
 48.3700 18.6290  124   0.20  -4.40   0.13   253.0  -556.0
 48.3700 18.6290  125   0.20  -4.40   0.13   248.0  -667.0
 48.3700 18.6290  126   0.20  -4.40   0.13   223.0  -596.0
 48.3700 18.6290  127   0.20  -4.40   0.13   204.0  -781.0
 48.3700 18.6290  128   0.20  -4.40   0.13   208.0  -194.0
 48.3700 18.6290  129   0.20  -4.40   0.45   230.0    81.0
 48.3700 18.6290  130   0.20  -4.40   0.61   247.0    94.0
 48.3700 18.6290  131   0.20  -4.40   0.61   240.0  -497.0
 48.3700 18.6290  132   0.20  -4.40   0.61   215.0  -679.0
 48.3700 18.6290  133   0.20  -4.40   0.61   197.0   362.0
 48.3700 18.6290  134   0.20  -4.40   0.77   239.0  -735.0
 48.3700 18.6290  135   0.20  -4.40   1.40   243.0  -565.0
 48.3700 18.6290  136   0.20  -4.40   1.40   217.0   -10.0
 48.3700 18.6290  137   0.20  -4.40   1.40   214.0  -137.0
 48.3700 18.6290  138   0.20  -4.40   1.40   242.0  -114.0
 48.3700 18.6290  139   0.20  -4.40   1.40   235.0   -93.0
 48.3700 18.6290  140   0.20  -4.40   2.06   232.0  -139.0
 48.3700 18.6290  141   0.20  -4.40   2.50   261.0  1309.0
 48.3700 18.6290  142   0.20  -4.40   2.50   270.0  -189.0
 48.3700 18.6290  143   0.20  -4.40   2.50   283.0  -691.0
 48.3700 18.6290  144   0.20  -4.40   2.50   309.0   237.0
 48.3700 18.6290  145   0.20  -4.40   2.68   320.0  -916.0
 48.3700 18.6290  146   0.20  -4.40   3.71   320.0    43.0
 48.3700 18.6290  147   0.20  -4.40   3.71   347.0  -199.0
 48.3700 18.6290  148   0.20  -4.40   3.71   351.0  -206.0
 48.3700 18.6290  149   0.20  -4.40   3.71   352.0   229.0
 48.3700 18.6290  150   0.20  -4.40   3.71   354.0  -362.0
 48.3700 18.6290  151   0.20  -4.40   4.64   362.0  -484.0
 48.3700 18.6290  152   0.20  -4.40   4.95   370.0  1037.0
 48.3700 18.6290  153   0.20  -4.40   4.95   362.0  -246.0
 48.3700 18.6290  154   0.20  -4.40   4.95   361.0  -717.0
 48.3700 18.6290  155   0.20  -4.40   4.95   372.0   810.0
 48.3700 18.6290  156   0.20  -4.40   5.26   359.0   448.0
 48.3700 18.6290  157   0.20  -4.40   6.18   356.0  -267.0
 48.3700 18.6290  158   0.20  -4.40   6.18   387.0   245.0
 48.3700 18.6290  159   0.20  -4.40   6.18   349.0   822.0
 48.3700 18.6290  160   0.20  -4.40   6.18   349.0   259.0
 48.3700 18.6290  161   0.20  -4.40   6.18   369.0  -350.0
 48.3700 18.6290  162   0.20  -4.40   7.05   332.0    36.0
 48.3700 18.6290  163   0.20  -4.40   7.42   332.0  -658.0
 48.3700 18.6290  164   0.20  -4.40   7.42   352.0  -333.0
 48.3700 18.6290  165   0.20  -4.40   7.42   317.0   176.0
 48.3700 18.6290  166   0.20  -4.40   7.42   312.0   -99.0
 48.3700 18.6290  167   0.20  -4.40   7.73   349.0  -210.0
 48.3700 18.6290  168   0.20  -4.40   8.66   306.0  -238.0
 48.3700 18.6290  169   0.20  -4.40   8.66   302.0  -220.0
 48.3700 18.6290  170   0.20  -4.40   8.66   334.0  -403.0
 48.3700 18.6290  171   0.20  -4.40   8.66   301.0   205.0
 48.3700 18.6290  172   0.20  -4.40   8.66   301.0  -730.0
 48.3700 18.6290  173   0.20  -4.40   9.58   328.0  -571.0
 48.3700 18.6290  174   0.20  -4.40   9.89   340.0   578.0
 48.3700 18.6290  175   0.20  -4.40   9.89   340.0   208.0
 48.3700 18.6290  176   0.20  -4.40   9.89   362.0  -480.0
 48.3700 18.6290  177   0.20  -4.40   9.89   380.0   240.0
 48.3700 18.6290  178   0.20  -4.40  10.14   387.0  -974.0
 48.3700 18.6290  179   0.20  -4.40  11.13   411.0  -382.0
 48.3700 18.6290  180   0.20  -4.40  11.13   411.0   -18.0
 48.3700 18.6290  181   0.20  -4.40  11.13   402.0   -39.0
 48.3700 18.6290  182   0.20  -4.40  11.13   417.0  -782.0
 48.3700 18.6290  183   0.20  -4.40  11.13   420.0   332.0
 48.3700 18.6290  184   0.20  -4.40  11.99   396.0   392.0
 48.3700 18.6290  185   0.20  -4.40  12.37   390.0   318.0
 48.3700 18.6290  186   0.20  -4.40  12.37   396.0  -416.0
 48.3700 18.6290  187   0.20  -4.40  12.37   383.0  -214.0
 48.3700 18.6290  188   0.20  -4.40  12.37   370.0   594.0
 48.3700 18.6290  189   0.20  -4.40  12.61   390.0  -565.0
 48.3700 18.6290  190   0.20  -4.40  13.60   389.0  1216.0
 48.3700 18.6290  191   0.20  -4.40  13.60   395.0  -727.0
 48.3700 18.6290  192   0.20  -4.40  13.60   395.0  -120.0
 48.3700 18.6290  193   0.20  -4.40  13.60   408.0    72.0
 48.3700 18.6290  194   0.20  -4.40  13.60   395.0  -871.0
 48.3700 18.6290  195   0.20  -4.40  14.53   391.0  -605.0
 48.3700 18.6290  196   0.20  -4.40  14.84   407.0  -789.0
 48.3700 18.6290  197   0.20  -4.40  14.84   397.0  -486.0
 48.3700 18.6290  198   0.20  -4.40  14.84   372.0    87.0
 48.3700 18.6290  199   0.20  -4.40  14.84   371.0  -179.0
 48.3700 18.6290  200   0.20  -4.40  15.09   382.0  -392.0
 48.3700 18.6290  201   0.20  -4.40  16.08   341.0  -291.0
 48.3700 18.6290  202   0.20  -4.40  16.08   317.0  -762.0
 48.3700 18.6290  203   0.20  -4.40  16.08   356.0    89.0
 48.3700 18.6290  204   0.20  -4.40  16.08   335.0  -991.0
 48.3700 18.6290  205   0.20  -4.40  16.08   291.0   -96.0
 48.3700 18.6290  206   0.20  -4.40  17.00   346.0  -340.0
 48.3700 18.6290  207   0.20  -4.40  17.31   367.0   176.0
 48.3700 18.6290  208   0.20  -4.40  17.31   322.0   483.0
 48.3700 18.6290  209   0.20  -4.40  17.31   401.0   362.0
 48.3700 18.6290  210   0.20  -4.40  17.31   419.0   406.0
 48.3700 18.6290  211   0.20  -4.40  17.99   397.0  -290.0
 48.3700 18.6290  212   0.20  -4.40  18.55   461.0  -760.0
 48.3700 18.6290  213   0.20  -4.40  18.55   501.0  -120.0
 48.3700 18.6290  214   0.20  -4.40  18.55   471.0  -150.0
 48.3700 18.6290  215   0.20  -4.40  18.55   508.0  -547.0
 48.3700 18.6290  216   0.20  -4.40  18.67   526.0  -411.0
 48.3700 18.6290  217   0.20  -4.40  19.78   525.0  -471.0
 48.3700 18.6290  218   0.20  -4.40  19.78   546.0   958.0
 48.3700 18.6290  219   0.20  -4.40  19.78   564.0  -586.0
 48.3700 18.6290  220   0.20  -4.40  19.78   582.0  -442.0
 48.3700 18.6290  221   0.20  -4.40  19.78   598.0  -373.0
 48.3700 18.6290  222   0.20  -4.40  20.46   589.0   121.0
 48.3700 18.6290  223   0.20  -4.40  21.02   637.0  -161.0
 48.3700 18.6290  224   0.20  -4.40  21.02   652.0  -314.0
 48.3700 18.6290  225   0.20  -4.40  21.02   620.0    -7.0
 48.3700 18.6290  226   0.20  -4.40  21.02   638.0  -673.0
 48.3700 18.6290  227   0.20  -4.40  21.08   667.0  -100.0
 48.3700 18.6290  228   0.20  -4.40  22.25   619.0  -991.0
 48.3700 18.6290  229   0.20  -4.40  22.25   616.0   724.0
 48.3700 18.6290  230   0.20  -4.40  22.25   625.0   516.0
 48.3700 18.6290  231   0.20  -4.40  22.25   578.0   150.0
 48.3700 18.6290  232   0.20  -4.40  22.25   566.0    -7.0
 48.3700 18.6290  233   0.20  -4.40  22.99   581.0  -302.0
 48.3700 18.6290  234   0.20  -4.40  23.49   537.0  -894.0
 48.3700 18.6290  235   0.20  -4.40  23.49   529.0  -984.0
 48.3700 18.6290  236   0.20  -4.40  23.49   561.0   -19.0
 48.3700 18.6290  237   0.20  -4.40  23.49   548.0   171.0
 48.3700 18.6290  238   0.20  -4.40  23.61   543.0  -526.0
 48.3700 18.6290  239   0.20  -4.40  24.72   582.0  -606.0
 48.3700 18.6290  240   0.20  -4.40  24.72   577.0   578.0
 48.3700 18.6290  241   0.20  -4.40  24.72   564.0    89.0
 48.3700 18.6290  242   0.20  -4.40  24.72   618.0   153.0
 48.3700 18.6290  243   0.20  -4.40  24.72   600.0   -76.0
 48.3700 18.6290  244   0.20  -4.40  25.53   594.0  -386.0
 48.3700 18.6290  245   0.20  -4.40  25.96   632.0   -76.0
 48.3700 18.6290  246   0.20  -4.40  25.96   613.0  -140.0
 48.3700 18.6290  247   0.20  -4.40  25.96   612.0    13.0
 48.3700 18.6290  248   0.20  -4.40  25.96   654.0  -178.0
 48.3700 18.6290  249   0.20  -4.40  26.15   653.0   639.0
 48.3700 18.6290  250   0.20  -4.40  27.20   647.0  -484.0
 48.3700 18.6290  251   0.20  -4.40  27.20   684.0   328.0
 48.3700 18.6290  252   0.20  -4.40  27.20   689.0   -58.0
 48.3700 18.6290  253   0.20  -4.40  27.20   686.0   268.0
 48.3700 18.6290  254   0.20  -4.40  27.20   713.0  -566.0
 48.3700 18.6290  255   0.20  -4.40  28.06   742.0   100.0
 48.3700 18.6290  256   0.20  -4.40  28.43   741.0  -401.0
 48.3700 18.6290  257   0.20  -4.40  28.43   780.0   998.0
 48.3700 18.6290  258   0.20  -4.40  28.43   805.0  -665.0
 48.3700 18.6290  259   0.20  -4.40  28.43   796.0   753.0
 48.3700 18.6290  260   0.20  -4.40  28.68   834.0   179.0
 48.3700 18.6290  261   0.20  -4.40  29.67   871.0  -651.0
 48.3700 18.6290  262   0.20  -4.40  29.67   867.0 -1585.0
 48.3700 18.6290  263   0.20  -4.40  29.67   878.0   714.0
 48.3700 18.6290  264   0.20  -4.40  29.67   911.0  -361.0
 48.3700 18.6290  265   0.20  -4.40  29.67   892.0   303.0
 48.3700 18.6290  266   0.20  -4.40  30.47   906.0   800.0
 48.3700 18.6290  267   0.20  -4.40  30.91   913.0  -327.0
 48.3700 18.6290  268   0.20  -4.40  30.91   884.0  -621.0
 48.3700 18.6290  269   0.20  -4.40  30.91   880.0   741.0
 48.3700 18.6290  270   0.20  -4.40  30.91   888.0   501.0
 48.3700 18.6290  271   0.20  -4.40  31.09   840.0  -299.0
 48.3700 18.6290  272   0.20  -4.40  32.14   829.0  -369.0
 48.3700 18.6290  273   0.20  -4.40  32.14   821.0   361.0
 48.3700 18.6290  274   0.20  -4.40  32.14   786.0 -1120.0
 48.3700 18.6290  275   0.20  -4.40  32.14   754.0   -28.0
 48.3700 18.6290  276   0.20  -4.40  32.14   746.0   726.0
 48.3700 18.6290  277   0.20  -4.40  33.01   723.0   215.0
 48.3700 18.6290  278   0.20  -4.40  33.38   687.0   279.0
 48.3700 18.6290  279   0.20  -4.40  33.38   677.0   544.0
 48.3700 18.6290  280   0.20  -4.40  33.38   674.0   -14.0
 48.3700 18.6290  281   0.20  -4.40  33.38   631.0   109.0
 48.3700 18.6290  282   0.20  -4.40  33.56   615.0   411.0
 48.3700 18.6290  283   0.20  -4.40  34.61   632.0   311.0
 48.3700 18.6290  284   0.20  -4.40  34.61   578.0 -1464.0
 48.3700 18.6290  285   0.20  -4.40  34.61   581.0   130.0
 48.3700 18.6290  286   0.20  -4.40  34.61   591.0  -389.0
 48.3700 18.6290  287   0.20  -4.40  34.61   519.0  -750.0
 48.3700 18.6290  288   0.20  -4.40  35.42   536.0   449.0
 48.3700 18.6290  289   0.20  -4.40  35.85   531.0  -297.0
 48.3700 18.6290  290   0.20  -4.40  35.85   482.0  -594.0
 48.3700 18.6290  291   0.20  -4.40  35.85   482.0  -139.0
 48.3700 18.6290  292   0.20  -4.40  35.85   469.0   333.0
 48.3700 18.6290  293   0.20  -4.40  36.04   436.0    24.0
 48.3700 18.6290  294   0.20  -4.40  37.09   411.0  -166.0
 48.3700 18.6290  295   0.20  -4.40  37.09   401.0    11.0
 48.3700 18.6290  296   0.20  -4.40  37.09   409.0  -372.0
 48.3700 18.6290  297   0.20  -4.40  37.09   367.0  -700.0
 48.3700 18.6290  298   0.20  -4.40  37.09   380.0   -23.0
 48.3700 18.6290  299   0.20  -4.40  37.91   417.0  -384.0
 48.3700 18.6290  300   0.20  -4.40  38.25   381.0   171.0
 48.3700 18.6290  301   0.20  -4.40  38.25   360.0    86.0
 48.3700 18.6290  302   0.20  -4.40  38.25   433.0   461.0
 48.3700 18.6290  303   0.20  -4.40  38.25   460.0  -466.0
 48.3700 18.6290  304   0.20  -4.40  38.61   422.0   788.0
 48.3700 18.6290  305   0.20  -4.40  39.16   401.0   485.0
 48.3700 18.6290  306   0.20  -4.40  39.16   422.0  -268.0
 48.3700 18.6290  307   0.20  -4.40  39.16   478.0   163.0
 48.3700 18.6290  308   0.20  -4.40  39.16   493.0  -452.0
 48.3700 18.6290  309   0.20  -4.40  39.16   484.0   803.0
 48.3700 18.6290  310   0.20  -4.40  39.73   458.0   -40.0
 48.3700 18.6290  311   0.20  -4.40  39.73   445.0  -125.0
 48.3700 18.6290  312   0.20  -4.40  39.73   436.0   108.0
 48.3700 18.6290  313   0.20  -4.40  39.73   438.0  -402.0
 48.3700 18.6290  314   0.20  -4.40  39.73   435.0   406.0
 48.3700 18.6290  315   0.20  -4.40  39.86   433.0   342.0
 48.3700 18.6290  316   0.20  -4.40  39.98   439.0  -591.0
 48.3700 18.6290  317   0.20  -4.40  39.98   431.0  -769.0
 48.3700 18.6290  318   0.20  -4.40  39.98   436.0  -205.0
 48.3700 18.6290  319   0.20  -4.40  39.98   433.0   -18.0
 48.3700 18.6290  320   0.20  -4.40  39.98   442.0  -754.0
 48.3700 18.6290  321   0.20  -4.40  40.00   441.0 -1385.0
 48.3700 18.6290  322   0.20  -4.40  40.00   437.0   409.0
 48.3700 18.6290  323   0.20  -4.40  40.00   440.0   146.0
 48.3700 18.6290  324   0.20  -4.40  40.00   439.0 -1278.0
 48.3700 18.6290  325   0.20  -4.40  40.00   435.0   -54.0
 48.3700 18.6290  326   0.20  -4.40  40.00   441.0   461.0
 48.3700 18.6290  327   0.20  -4.40  40.00   439.0  -178.0
 48.3700 18.6290  328   0.20  -4.40  40.00   438.0   479.0
 48.3700 18.6290  329   0.20  -4.40  40.00   435.0  -912.0
 48.3700 18.6290  330   0.20  -4.40  40.00   436.0  -374.0
 48.3700 18.6290  331   0.20  -4.40  40.00   443.0  -530.0
 48.3700 18.6290  332   0.20  -4.40  40.01   432.0    77.0
 48.3700 18.6290  333   0.20  -4.40  40.01   439.0   413.0
 48.3700 18.6290  334   0.20  -4.40  40.01   434.0   100.0
 48.3700 18.6290  335   0.20  -4.40  40.01   441.0  -691.0
 48.3700 18.6290  336   0.20  -4.40  40.01   434.0  -344.0
 48.3700 18.6290  337   0.20  -4.40  40.01   437.0   169.0
 48.3700 18.6290  338   0.20  -4.40  40.01   440.0 -1321.0
 48.3700 18.6290  339   0.20  -4.40  40.01   444.0  -156.0
 48.3700 18.6290  340   0.20  -4.40  40.01   444.0  1209.0
 48.3700 18.6290  341   0.20  -4.40  40.01   439.0   -76.0
 48.3700 18.6290  342   0.20  -4.40  40.01   432.0   387.0
 48.3700 18.6290  343   0.20  -4.40  40.01   440.0   895.0
 48.3700 18.6290  344   0.20  -4.40  40.01   440.0    29.0
 48.3700 18.6290  345   0.20  -4.40  40.01   438.0  -234.0
 48.3700 18.6290  346   0.20  -4.40  40.01   439.0  -907.0
 48.3700 18.6290  347   0.20  -4.40  40.01   438.0   811.0
 48.3700 18.6290  348   0.20  -4.40  40.02   439.0  -602.0
 48.3700 18.6290  349   0.20  -4.40  40.02   441.0  -623.0
 48.3700 18.6290  350   0.20  -4.40  40.02   444.0  -127.0
 48.3700 18.6290  351   0.20  -4.40  40.02   441.0  -446.0
 48.3700 18.6290  352   0.20  -4.40  40.02   446.0   690.0
 48.3700 18.6290  353   0.20  -4.40  40.02   437.0  -418.0
 48.3700 18.6290  354   0.20  -4.40  40.02   439.0  -805.0
 48.3700 18.6290  355   0.20  -4.40  40.02   452.0  -240.0
 48.3700 18.6290  356   0.20  -4.40  40.02   450.0   -86.0
 48.3700 18.6290  357   0.20  -4.40  40.02   436.0   525.0
 48.3700 18.6290  358   0.20  -4.40  40.02   444.0   325.0
 48.3700 18.6290  359   0.20  -4.40  40.02   439.0   614.0
 48.3700 18.6290  360   0.20  -4.40  40.02   443.0   349.0
 48.3700 18.6290  361   0.20  -4.40  40.02   441.0  -338.0
 48.3700 18.6290  362   0.20  -4.40  40.02   437.0  -834.0
 48.3700 18.6290  363   0.20  -4.40  40.02   450.0  -675.0
 48.3700 18.6290  364   0.20  -4.40  40.02   441.0   299.0
 48.3700 18.6290  365   0.20  -4.40  40.02   442.0    37.0
 48.3700 18.6290  366   0.20  -4.40  40.02   441.0   575.0
 48.3700 18.6290  367   0.20  -4.40  40.02   446.0   975.0
 48.3700 18.6290  368   0.20  -4.40  40.02   445.0  -425.0
 48.3700 18.6290  369   0.20  -4.40  40.02   452.0  -886.0
 48.3700 18.6289  370   0.20  -4.40  40.03   438.0  -992.0
 48.3700 18.6289  371   0.20  -4.40  40.03   444.0   561.0
 48.3700 18.6287  372   0.20  -4.40  40.03   440.0    47.0
