 48.5051 18.7600    0   0.20  -4.40  -0.08   307.0  -211.0
 48.5051 18.7600    1   0.20  -4.40  -0.08   301.0 -1120.0
 48.5051 18.7600    2   0.20  -4.40  -0.08   300.0  -203.0
 48.5052 18.7600    3   0.20  -4.40  -0.08   297.0   118.0
 48.5052 18.7600    4   0.20  -4.40  -0.08   314.0  -292.0
 48.5052 18.7600    5   0.20  -4.40  -0.08   305.0  -692.0
 48.5052 18.7600    6   0.20  -4.40  -0.08   306.0  -482.0
 48.5052 18.7600    7   0.20  -4.40  -0.08   307.0   184.0
 48.5052 18.7600    8   0.20  -4.40  -0.09   302.0   296.0
 48.5052 18.7600    9   0.20  -4.40  -0.09   302.0  -400.0
 48.5052 18.7600   10   0.20  -4.40  -0.09   307.0  -256.0
 48.5052 18.7600   11   0.20  -4.40  -0.09   307.0    77.0
 48.5052 18.7600   12   0.20  -4.40  -0.09   303.0  -770.0
 48.5052 18.7600   13   0.20  -4.40  -0.09   312.0   333.0
 48.5052 18.7600   14   0.20  -4.40  -0.09   305.0  -997.0
 48.5052 18.7600   15   0.20  -4.40  -0.09   303.0   -57.0
 48.5052 18.7600   16   0.20  -4.40  -0.09   300.0   553.0
 48.5052 18.7600   17   0.20  -4.40  -0.09   315.0  -409.0
 48.5052 18.7600   18   0.20  -4.40  -0.09   308.0    76.0
 48.5052 18.7600   19   0.20  -4.40  -0.09   314.0 -1140.0
 48.5052 18.7600   20   0.20  -4.40  -0.09   296.0   185.0
 48.5052 18.7600   21   0.20  -4.40  -0.09   314.0   -20.0
 48.5052 18.7600   22   0.20  -4.40  -0.09   310.0  -334.0
 48.5052 18.7600   23   0.20  -4.40  -0.09   304.0  -296.0
 48.5052 18.7600   24   0.20  -4.40  -0.09   301.0    77.0
 48.5052 18.7600   25   0.20  -4.40  -0.09   310.0    42.0
 48.5052 18.7600   26   0.20  -4.40  -0.09   305.0   191.0
 48.5052 18.7600   27   0.20  -4.40  -0.09   300.0  -471.0
 48.5052 18.7600   28   0.20  -4.40  -0.09   305.0  -285.0
 48.5052 18.7600   29   0.20  -4.40  -0.09   307.0   701.0
 48.5052 18.7600   30   0.20  -4.40  -0.09   295.0   -14.0
 48.5052 18.7600   31   0.20  -4.40  -0.09   304.0  -391.0
 48.5052 18.7600   32   0.20  -4.40  -0.09   300.0    96.0
 48.5052 18.7600   33   0.20  -4.40  -0.09   301.0 -1711.0
 48.5052 18.7600   34   0.20  -4.40  -0.09   298.0   294.0
 48.5052 18.7600   35   0.20  -4.40  -0.09   306.0  -246.0
 48.5052 18.7600   36   0.20  -4.40  -0.09   304.0  1013.0
 48.5052 18.7600   37   0.20  -4.40  -0.09   301.0   200.0
 48.5052 18.7600   38   0.20  -4.40  -0.09   301.0   229.0
 48.5051 18.7600   39   0.20  -4.40  -0.09   307.0  -154.0
 48.5051 18.7600   40   0.20  -4.40  -0.09   306.0    10.0
 48.5051 18.7600   41   0.20  -4.40  -0.09   303.0  -266.0
 48.5051 18.7600   42   0.20  -4.40  -0.09   302.0  -621.0
 48.5051 18.7600   43   0.20  -4.40  -0.09   306.0  -395.0
 48.5051 18.7600   44   0.20  -4.40  -0.09   295.0   514.0
 48.5051 18.7600   45   0.20  -4.40  -0.09   302.0  -141.0
 48.5051 18.7600   46   0.20  -4.40  -0.09   307.0  -165.0
 48.5051 18.7600   47   0.20  -4.40  -0.09   305.0   979.0
 48.5051 18.7600   48   0.20  -4.40  -0.09   300.0   -54.0
 48.5052 18.7600   49   0.20  -4.40  -0.09   304.0  -430.0
 48.5051 18.7600   50   0.20  -4.40  -0.09   311.0 -1141.0
 48.5051 18.7600   51   0.20  -4.40  -0.09   300.0   964.0
 48.5052 18.7600   52   0.20  -4.40  -0.09   296.0 -1084.0
 48.5052 18.7600   53   0.20  -4.40  -0.09   293.0   -67.0
 48.5052 18.7600   54   0.20  -4.40  -0.09   304.0  -351.0
 48.5052 18.7600   55   0.20  -4.40  -0.09   303.0   457.0
 48.5052 18.7600   56   0.20  -4.40  -0.09   307.0  -356.0
 48.5052 18.7600   57   0.20  -4.40  -0.09   308.0  -136.0
 48.5051 18.7600   58   0.20  -4.40  -0.09   301.0   -44.0
 48.5052 18.7600   59   0.20  -4.40  -0.09   307.0  -456.0
 48.5052 18.7600   60   0.20  -4.40  -0.09   307.0  1047.0
 48.5052 18.7600   61   0.20  -4.40  -0.09   306.0  -357.0
 48.5052 18.7600   62   0.20  -4.40  -0.09   304.0   421.0
 48.5052 18.7600   63   0.20  -4.40  -0.09   299.0  -474.0
 48.5052 18.7600   64   0.20  -4.40  -0.09   304.0   894.0
 48.5052 18.7600   65   0.20  -4.40  -0.09   313.0   225.0
 48.5052 18.7600   66   0.20  -4.40  -0.09   301.0  -200.0
 48.5052 18.7600   67   0.20  -4.40  -0.09   306.0  -568.0
 48.5052 18.7600   68   0.20  -4.40  -0.09   305.0    49.0
 48.5052 18.7600   69   0.20  -4.40  -0.09   303.0  -634.0
 48.5052 18.7600   70   0.20  -4.40  -0.09   306.0   458.0
 48.5052 18.7600   71   0.20  -4.40  -0.09   303.0  -744.0
 48.5052 18.7600   72   0.20  -4.40  -0.09   307.0  -248.0
 48.5052 18.7600   73   0.20  -4.40  -0.09   294.0   447.0
 48.5052 18.7600   74   0.20  -4.40  -0.09   302.0   668.0
 48.5052 18.7600   75   0.20  -4.40  -0.09   299.0  -559.0
 48.5052 18.7600   76   0.20  -4.40  -0.09   300.0   347.0
 48.5052 18.7600   77   0.20  -4.40  -0.09   302.0   577.0
 48.5052 18.7600   78   0.20  -4.40  -0.09   296.0 -1051.0
 48.5052 18.7600   79   0.20  -4.40  -0.09   296.0  -692.0
 48.5052 18.7600   80   0.20  -4.40  -0.09   295.0  -409.0
 48.5052 18.7600   81   0.20  -4.40  -0.09   298.0   216.0
 48.5051 18.7600   82   0.20  -4.40  -0.10   300.0   497.0
 48.5052 18.7600   83   0.20  -4.40  -0.10   297.0  -761.0
 48.5052 18.7600   84   0.20  -4.40  -0.10   308.0  -637.0
 48.5052 18.7600   85   0.20  -4.40  -0.10   300.0 -1153.0
 48.5051 18.7600   86   0.20  -4.40  -0.10   300.0  1213.0
 48.5052 18.7600   87   0.20  -4.40  -0.10   299.0 -1380.0
 48.5051 18.7600   88   0.20  -4.40  -0.10   306.0  -128.0
 48.5051 18.7600   89   0.20  -4.40  -0.10   305.0  -441.0
 48.5052 18.7600   90   0.20  -4.40  -0.10   299.0 -1018.0
 48.5051 18.7600   91   0.20  -4.40  -0.10   295.0  -272.0
 48.5051 18.7600   92   0.20  -4.40  -0.10   302.0  -653.0
 48.5051 18.7600   93   0.20  -4.40  -0.10   298.0  -435.0
 48.5052 18.7600   94   0.20  -4.40  -0.10   302.0   332.0
 48.5051 18.7600   95   0.20  -4.40  -0.10   290.0   -58.0
 48.5051 18.7600   96   0.20  -4.40  -0.10   302.0 -1072.0
 48.5051 18.7600   97   0.20  -4.40  -0.10   298.0  -503.0
 48.5051 18.7600   98   0.20  -4.40  -0.10   297.0  -416.0
 48.5052 18.7600   99   0.20  -4.40  -0.10   304.0   673.0
 48.5051 18.7600  100   0.20  -4.40  -0.10   298.0  -206.0
 48.5051 18.7600  101   0.20  -4.40  -0.10   303.0   612.0
 48.5051 18.7600  102   0.20  -4.40  -0.10   305.0    36.0
 48.5051 18.7600  103   0.20  -4.40  -0.10   297.0  -166.0
 48.5051 18.7600  104   0.20  -4.40  -0.10   298.0  -115.0
 48.5051 18.7600  105   0.20  -4.40  -0.10   305.0  -294.0
 48.5051 18.7600  106   0.20  -4.40  -0.10   302.0  -535.0
 48.5051 18.7600  107   0.20  -4.40  -0.10   296.0  -171.0
 48.5051 18.7600  108   0.20  -4.40  -0.10   307.0  -811.0
 48.5051 18.7600  109   0.20  -4.40  -0.10   287.0  -239.0
 48.5051 18.7600  110   0.20  -4.40  -0.10   290.0 -1298.0
 48.5051 18.7600  111   0.20  -4.40  -0.10   305.0     5.0
 48.5051 18.7600  112   0.20  -4.40  -0.10   299.0  -964.0
 48.5051 18.7600  113   0.20  -4.40  -0.10   297.0   399.0
 48.5051 18.7600  114   0.20  -4.40  -0.10   298.0  -680.0
 48.5051 18.7600  115   0.20  -4.40  -0.10   295.0  -499.0
 48.5051 18.7600  116   0.20  -4.40  -0.10   299.0  -689.0
 48.5051 18.7600  117   0.20  -4.40  -0.10   305.0   365.0
 48.5051 18.7600  118   0.20  -4.40  -0.10   298.0   200.0
 48.5051 18.7600  119   0.20  -4.40  -0.10   302.0  -612.0
 48.5051 18.7600  120   0.20  -4.40  -0.10   301.0   388.0
 48.5051 18.7600  121   0.20  -4.40  -0.10   292.0  -323.0
 48.5051 18.7600  122   0.20  -4.40  -0.10   304.0   703.0
 48.5051 18.7600  123   0.20  -4.40  -0.10   299.0   267.0
 48.5051 18.7600  124   0.20  -4.40  -0.10   294.0  -199.0
 48.5051 18.7600  125   0.20  -4.40  -0.10   300.0  -576.0
 48.5051 18.7600  126   0.20  -4.40  -0.10   295.0  -743.0
 48.5051 18.7600  127   0.20  -4.40  -0.10   300.0    27.0
 48.5051 18.7600  128   0.20  -4.40  -0.10   303.0    28.0
 48.5051 18.7600  129   0.20  -4.40  -0.10   301.0    79.0
 48.5051 18.7600  130   0.20  -4.40  -0.10   306.0   126.0
 48.5052 18.7600  131   0.20  -4.40  -0.10   304.0   603.0
 48.5052 18.7600  132   0.20  -4.40  -0.10   306.0 -1347.0
 48.5052 18.7600  133   0.20  -4.40  -0.10   301.0    60.0
 48.5052 18.7600  134   0.20  -4.40  -0.10   299.0     0.0
 48.5052 18.7600  135   0.20  -4.40  -0.10   295.0   139.0
 48.5052 18.7600  136   0.20  -4.40  -0.10   293.0   -38.0
 48.5051 18.7600  137   0.20  -4.40  -0.10   297.0  -400.0
 48.5051 18.7600  138   0.20  -4.40  -0.10   294.0  -906.0
 48.5051 18.7600  139   0.20  -4.40  -0.10   296.0   -30.0
 48.5051 18.7600  140   0.20  -4.40  -0.10   308.0   512.0
 48.5051 18.7600  141   0.20  -4.40  -0.10   298.0  -528.0
 48.5051 18.7600  142   0.20  -4.40  -0.10   299.0   734.0
 48.5051 18.7600  143   0.20  -4.40  -0.10   296.0 -1459.0
 48.5051 18.7600  144   0.20  -4.40  -0.10   302.0   233.0
 48.5051 18.7600  145   0.20  -4.40  -0.10   299.0  -551.0
 48.5051 18.7600  146   0.20  -4.40  -0.10   308.0   -50.0
 48.5051 18.7600  147   0.20  -4.40  -0.10   298.0  -453.0
 48.5051 18.7600  148   0.20  -4.40  -0.10   295.0   798.0
 48.5051 18.7600  149   0.20  -4.40  -0.10   299.0  -526.0
 48.5051 18.7600  150   0.20  -4.40  -0.10   299.0   -34.0
 48.5051 18.7600  151   0.20  -4.40  -0.10   300.0  -581.0
 48.5051 18.7600  152   0.20  -4.40  -0.10   292.0   -67.0
 48.5051 18.7600  153   0.20  -4.40  -0.10   300.0  1115.0
 48.5052 18.7600  154   0.20  -4.40  -0.10   301.0  -473.0
 48.5051 18.7600  155   0.20  -4.40  -0.10   303.0   769.0
 48.5051 18.7600  156   0.20  -4.40  -0.10   300.0     7.0
 48.5052 18.7600  157   0.20  -4.40  -0.10   303.0 -1077.0
 48.5052 18.7600  158   0.20  -4.40  -0.10   298.0  -316.0
 48.5052 18.7600  159   0.20  -4.40  -0.10   300.0   492.0
 48.5052 18.7600  160   0.20  -4.40  -0.10   298.0   500.0
 48.5052 18.7600  161   0.20  -4.40  -0.10   295.0    60.0
 48.5052 18.7600  162   0.20  -4.40  -0.10   301.0   303.0
 48.5052 18.7600  163   0.20  -4.40  -0.10   294.0    69.0
 48.5052 18.7600  164   0.20  -4.40  -0.10   300.0  -361.0
 48.5052 18.7600  165   0.20  -4.40  -0.10   289.0  -585.0
 48.5052 18.7600  166   0.20  -4.40  -0.10   301.0   -52.0
 48.5052 18.7600  167   0.20  -4.40  -0.10   303.0  -232.0
 48.5052 18.7600  168   0.20  -4.40  -0.10   290.0 -1098.0
 48.5052 18.7600  169   0.20  -4.40  -0.10   300.0   269.0
 48.5052 18.7600  170   0.20  -4.40  -0.10   302.0   324.0
 48.5052 18.7600  171   0.20  -4.40  -0.10   301.0  -650.0
 48.5052 18.7600  172   0.20  -4.40  -0.10   300.0  -606.0
 48.5052 18.7600  173   0.20  -4.40  -0.10   299.0  -368.0
 48.5052 18.7600  174   0.20  -4.40  -0.10   301.0 -1230.0
 48.5052 18.7600  175   0.20  -4.40  -0.10   301.0   197.0
 48.5052 18.7600  176   0.20  -4.40  -0.10   301.0  -828.0
 48.5052 18.7600  177   0.20  -4.40  -0.10   296.0   306.0
 48.5052 18.7600  178   0.20  -4.40  -0.11   303.0  -162.0
 48.5052 18.7600  179   0.20  -4.40  -0.11   292.0   274.0
 48.5052 18.7600  180   0.20  -4.40  -0.11   291.0 -1063.0
 48.5051 18.7600  181   0.20  -4.40  -0.11   303.0   197.0
 48.5052 18.7600  182   0.20  -4.40  -0.11   304.0  -908.0
 48.5052 18.7600  183   0.20  -4.40  -0.11   306.0  1116.0
 48.5051 18.7600  184   0.20  -4.40  -0.11   296.0   912.0
 48.5052 18.7600  185   0.20  -4.40  -0.11   297.0   -86.0
 48.5052 18.7600  186   0.20  -4.40  -0.11   303.0  -866.0
 48.5052 18.7600  187   0.20  -4.40  -0.11   298.0    -1.0
 48.5052 18.7600  188   0.20  -4.40  -0.11   297.0    42.0
 48.5052 18.7600  189   0.20  -4.40  -0.11   297.0   184.0
 48.5052 18.7600  190   0.20  -4.40  -0.11   304.0   491.0
 48.5052 18.7600  191   0.20  -4.40  -0.11   302.0  -500.0
 48.5052 18.7600  192   0.20  -4.40  -0.11   299.0   509.0
 48.5052 18.7600  193   0.20  -4.40  -0.11   305.0   561.0
 48.5052 18.7600  194   0.20  -4.40  -0.11   295.0  -748.0
 48.5052 18.7600  195   0.20  -4.40  -0.11   300.0  -463.0
 48.5052 18.7600  196   0.20  -4.40  -0.11   297.0  -392.0
 48.5052 18.7600  197   0.20  -4.40  -0.11   304.0   279.0
 48.5052 18.7600  198   0.20  -4.40  -0.11   295.0  1045.0
 48.5052 18.7600  199   0.20  -4.40  -0.11   298.0 -1419.0
 48.5052 18.7600  200   0.20  -4.40  -0.11   301.0  -139.0
 48.5052 18.7600  201   0.20  -4.40  -0.11   296.0   778.0
 48.5052 18.7600  202   0.20  -4.40  -0.11   293.0   467.0
 48.5052 18.7600  203   0.20  -4.40  -0.11   304.0  -539.0
 48.5052 18.7600  204   0.20  -4.40  -0.11   305.0  -184.0
 48.5052 18.7600  205   0.20  -4.40  -0.11   299.0   704.0
 48.5052 18.7600  206   0.20  -4.40  -0.11   296.0   824.0
 48.5052 18.7600  207   0.20  -4.40  -0.11   299.0  -867.0
 48.5052 18.7600  208   0.20  -4.40  -0.11   294.0  -107.0
 48.5052 18.7600  209   0.20  -4.40  -0.11   299.0   326.0
 48.5052 18.7600  210   0.20  -4.40  -0.11   301.0  -371.0
 48.5052 18.7600  211   0.20  -4.40  -0.11   299.0 -1019.0
 48.5052 18.7600  212   0.20  -4.40  -0.11   307.0   149.0
 48.5052 18.7600  213   0.20  -4.40  -0.11   298.0   454.0
 48.5052 18.7600  214   0.20  -4.40  -0.11   295.0   152.0
 48.5052 18.7600  215   0.20  -4.40  -0.11   299.0  -290.0
 48.5052 18.7600  216   0.20  -4.40  -0.11   294.0    82.0
 48.5052 18.7600  217   0.20  -4.40  -0.11   295.0   322.0
 48.5052 18.7600  218   0.20  -4.40  -0.11   291.0  -135.0
 48.5052 18.7600  219   0.20  -4.40  -0.11   287.0  1122.0
 48.5052 18.7600  220   0.20  -4.40  -0.11   294.0   436.0
 48.5052 18.7600  221   0.20  -4.40  -0.11   294.0   278.0
 48.5052 18.7600  222   0.20  -4.40  -0.11   289.0   -11.0
 48.5052 18.7600  223   0.20  -4.40  -0.11   304.0   914.0
 48.5052 18.7600  224   0.20  -4.40  -0.11   303.0  -422.0
 48.5052 18.7600  225   0.20  -4.40  -0.11   301.0  -138.0
 48.5052 18.7600  226   0.20  -4.40  -0.11   299.0  -461.0
 48.5052 18.7600  227   0.20  -4.40  -0.11   292.0  -316.0
 48.5052 18.7600  228   0.20  -4.40  -0.11   301.0  -113.0
 48.5052 18.7600  229   0.20  -4.40  -0.11   287.0    38.0
 48.5052 18.7600  230   0.20  -4.40  -0.11   299.0    24.0
 48.5052 18.7600  231   0.20  -4.40  -0.11   293.0   447.0
 48.5052 18.7600  232   0.20  -4.40  -0.11   288.0   251.0
 48.5052 18.7600  233   0.20  -4.40  -0.11   294.0   404.0
 48.5052 18.7600  234   0.20  -4.40  -0.11   299.0   611.0
 48.5052 18.7600  235   0.20  -4.40  -0.11   295.0 -1214.0
 48.5052 18.7600  236   0.20  -4.40  -0.11   300.0  -603.0
 48.5052 18.7600  237   0.20  -4.40  -0.11   297.0  -274.0
 48.5052 18.7600  238   0.20  -4.40  -0.11   300.0  1081.0
 48.5052 18.7600  239   0.20  -4.40  -0.11   292.0  -450.0
 48.5051 18.7600  240   0.20  -4.40  -0.11   294.0  -550.0
 48.5051 18.7600  241   0.20  -4.40  -0.11   294.0  -258.0
 48.5051 18.7600  242   0.20  -4.40  -0.11   295.0  -453.0
 48.5051 18.7600  243   0.20  -4.40  -0.11   294.0   354.0
 48.5051 18.7600  244   0.20  -4.40  -0.11   302.0  -425.0
 48.5051 18.7600  245   0.20  -4.40  -0.11   302.0  -101.0
 48.5051 18.7600  246   0.20  -4.40  -0.11   298.0  -414.0
 48.5051 18.7600  247   0.20  -4.40  -0.11   295.0  -675.0
 48.5051 18.7600  248   0.20  -4.40  -0.11   285.0   682.0
 48.5052 18.7600  249   0.20  -4.40  -0.11   292.0  -742.0
 48.5052 18.7600  250   0.20  -4.40  -0.11   289.0  -870.0
 48.5052 18.7600  251   0.20  -4.40  -0.11   288.0  -398.0
 48.5052 18.7600  252   0.20  -4.40  -0.11   299.0  -136.0
 48.5052 18.7600  253   0.20  -4.40  -0.11   293.0  -541.0
 48.5052 18.7600  254   0.20  -4.40  -0.11   303.0  -961.0
 48.5051 18.7600  255   0.20  -4.40  -0.11   290.0    57.0
 48.5051 18.7600  256   0.20  -4.40  -0.11   293.0  -438.0
 48.5052 18.7600  257   0.20  -4.40  -0.11   292.0   124.0
 48.5051 18.7600  258   0.20  -4.40  -0.11   297.0   414.0
 48.5052 18.7600  259   0.20  -4.40  -0.11   294.0  -346.0
 48.5052 18.7600  260   0.20  -4.40  -0.11   290.0  -309.0
 48.5052 18.7600  261   0.20  -4.40  -0.11   298.0  -110.0
 48.5052 18.7600  262   0.20  -4.40  -0.11   289.0    30.0
 48.5052 18.7600  263   0.20  -4.40  -0.11   291.0 -1015.0
 48.5051 18.7600  264   0.20  -4.40  -0.11   290.0   216.0
 48.5052 18.7600  265   0.20  -4.40  -0.11   297.0   383.0
 48.5051 18.7600  266   0.20  -4.40  -0.11   292.0   829.0
 48.5052 18.7600  267   0.20  -4.40  -0.11   297.0  -408.0
 48.5051 18.7600  268   0.20  -4.40  -0.11   291.0  -770.0
 48.5051 18.7600  269   0.20  -4.40  -0.11   294.0   438.0
 48.5051 18.7600  270   0.20  -4.40  -0.11   293.0  -528.0
 48.5051 18.7600  271   0.20  -4.40  -0.11   299.0  -313.0
 48.5051 18.7600  272   0.20  -4.40  -0.11   288.0   -54.0
 48.5051 18.7600  273   0.20  -4.40  -0.11   296.0   -47.0
 48.5052 18.7600  274   0.20  -4.40  -0.11   301.0     8.0
 48.5052 18.7600  275   0.20  -4.41  -0.12   296.0  -380.0
 48.5052 18.7600  276   0.20  -4.41  -0.12   293.0  -319.0
 48.5052 18.7600  277   0.20  -4.41  -0.12   290.0  -388.0
 48.5051 18.7600  278   0.20  -4.41  -0.12   292.0   212.0
 48.5052 18.7600  279   0.20  -4.41  -0.12   292.0  -173.0
 48.5052 18.7600  280   0.20  -4.41  -0.12   293.0   -53.0
 48.5052 18.7600  281   0.20  -4.41  -0.12   293.0  -230.0
 48.5051 18.7600  282   0.20  -4.41  -0.12   290.0   176.0
 48.5051 18.7600  283   0.20  -4.41  -0.12   289.0   257.0
 48.5051 18.7600  284   0.20  -4.41  -0.12   300.0  1096.0
 48.5052 18.7600  285   0.20  -4.41  -0.12   294.0  -694.0
 48.5051 18.7600  286   0.20  -4.41  -0.12   293.0  -335.0
 48.5051 18.7600  287   0.20  -4.41  -0.12   292.0  -502.0
 48.5051 18.7600  288   0.20  -4.41  -0.12   300.0   658.0
 48.5051 18.7600  289   0.20  -4.41  -0.12   292.0  -620.0
 48.5051 18.7600  290   0.20  -4.41  -0.12   300.0  -387.0
 48.5051 18.7600  291   0.20  -4.41  -0.12   291.0  -759.0
 48.5051 18.7600  292   0.20  -4.41  -0.12   292.0   546.0
 48.5051 18.7600  293   0.20  -4.41  -0.12   294.0   359.0
 48.5051 18.7600  294   0.20  -4.41  -0.12   293.0  -375.0
 48.5051 18.7600  295   0.20  -4.41  -0.12   295.0  -192.0
 48.5051 18.7600  296   0.20  -4.41  -0.12   288.0   384.0
 48.5051 18.7600  297   0.20  -4.41  -0.12   295.0   625.0
 48.5051 18.7600  298   0.20  -4.41  -0.12   291.0   300.0
 48.5051 18.7600  299   0.20  -4.41  -0.12   294.0  -503.0
 48.5051 18.7600  300   0.20  -4.41  -0.12   288.0   105.0
 48.5051 18.7600  301   0.20  -4.41  -0.12   292.0   167.0
 48.5051 18.7600  302   0.20  -4.41  -0.12   292.0   229.0
 48.5051 18.7600  303   0.20  -4.41  -0.12   293.0 -1465.0
 48.5051 18.7600  304   0.20  -4.41  -0.12   293.0    46.0
 48.5051 18.7600  305   0.20  -4.41  -0.12   290.0  -439.0
 48.5051 18.7600  306   0.20  -4.41  -0.12   289.0   176.0
 48.5052 18.7600  307   0.20  -4.41  -0.12   289.0  -836.0
 48.5052 18.7600  308   0.20  -4.41  -0.12   284.0   179.0
 48.5052 18.7600  309   0.20  -4.41  -0.12   294.0  -957.0
 48.5052 18.7600  310   0.20  -4.41  -0.12   295.0  -882.0
 48.5052 18.7600  311   0.20  -4.41  -0.12   296.0   648.0
 48.5052 18.7600  312   0.20  -4.41  -0.12   300.0  -179.0
 48.5052 18.7600  313   0.20  -4.41  -0.12   291.0 -1509.0
 48.5052 18.7600  314   0.20  -4.41  -0.12   295.0  -615.0
 48.5052 18.7600  315   0.20  -4.41  -0.12   283.0  -784.0
 48.5052 18.7600  316   0.20  -4.41  -0.12   296.0  -431.0
 48.5052 18.7600  317   0.20  -4.41  -0.12   301.0  -636.0
 48.5052 18.7600  318   0.20  -4.41  -0.12   294.0  -198.0
 48.5052 18.7600  319   0.20  -4.41  -0.12   287.0  -873.0
 48.5052 18.7600  320   0.20  -4.41  -0.12   294.0   667.0
 48.5052 18.7600  321   0.20  -4.41  -0.12   292.0  -684.0
 48.5052 18.7600  322   0.20  -4.41  -0.12   290.0   209.0
 48.5052 18.7600  323   0.20  -4.41  -0.12   292.0  -389.0
 48.5052 18.7600  324   0.20  -4.41  -0.12   297.0  -515.0
 48.5052 18.7600  325   0.20  -4.41  -0.12   296.0  -311.0
 48.5051 18.7600  326   0.20  -4.41  -0.12   289.0     1.0
 48.5051 18.7600  327   0.20  -4.41  -0.12   295.0   209.0
 48.5052 18.7600  328   0.20  -4.41  -0.12   290.0   362.0
 48.5052 18.7600  329   0.20  -4.41  -0.12   293.0  -867.0
 48.5052 18.7600  330   0.20  -4.41  -0.12   289.0   420.0
 48.5052 18.7600  331   0.20  -4.41  -0.12   288.0   519.0
 48.5052 18.7600  332   0.20  -4.41  -0.12   288.0  -287.0
 48.5052 18.7600  333   0.20  -4.41  -0.12   297.0     6.0
 48.5051 18.7600  334   0.20  -4.41  -0.12   298.0  -533.0
 48.5051 18.7600  335   0.20  -4.41  -0.12   293.0   -14.0
 48.5051 18.7600  336   0.20  -4.41  -0.12   292.0   308.0
 48.5051 18.7600  337   0.20  -4.41  -0.12   293.0   402.0
 48.5052 18.7600  338   0.20  -4.41  -0.12   287.0   -70.0
 48.5051 18.7600  339   0.20  -4.41  -0.12   291.0  -216.0
 48.5051 18.7600  340   0.20  -4.41  -0.12   295.0  -537.0
 48.5052 18.7600  341   0.20  -4.41  -0.12   296.0   125.0
 48.5052 18.7600  342   0.20  -4.41  -0.12   284.0   194.0
 48.5052 18.7600  343   0.20  -4.41  -0.12   295.0  1075.0
 48.5052 18.7600  344   0.20  -4.41  -0.12   301.0   309.0
 48.5052 18.7600  345   0.20  -4.41  -0.12   285.0   -89.0
 48.5052 18.7600  346   0.20  -4.41  -0.12   284.0  -708.0
 48.5052 18.7600  347   0.20  -4.41  -0.12   293.0    59.0
 48.5052 18.7600  348   0.20  -4.41  -0.12   295.0  -374.0
 48.5052 18.7600  349   0.20  -4.41  -0.12   291.0   760.0
 48.5052 18.7600  350   0.20  -4.41  -0.12   287.0  -291.0
 48.5052 18.7600  351   0.20  -4.41  -0.12   286.0  -649.0
 48.5052 18.7600  352   0.20  -4.41  -0.12   291.0  -533.0
 48.5052 18.7600  353   0.20  -4.41  -0.12   302.0   520.0
 48.5052 18.7600  354   0.20  -4.41  -0.12   284.0   118.0
 48.5052 18.7600  355   0.20  -4.41  -0.12   287.0  -240.0
 48.5052 18.7600  356   0.20  -4.41  -0.12   294.0   159.0
 48.5052 18.7600  357   0.20  -4.41  -0.12   288.0   277.0
 48.5052 18.7600  358   0.20  -4.41  -0.12   293.0   543.0
 48.5052 18.7600  359   0.20  -4.41  -0.12   291.0  -270.0
 48.5052 18.7600  360   0.20  -4.41  -0.12   288.0  -829.0
 48.5052 18.7600  361   0.20  -4.41  -0.12   293.0  -224.0
 48.5052 18.7600  362   0.20  -4.41  -0.12   291.0  -320.0
 48.5051 18.7600  363   0.20  -4.41  -0.12   284.0  -369.0
 48.5051 18.7600  364   0.20  -4.41  -0.12   285.0   -65.0
 48.5051 18.7600  365   0.20  -4.41  -0.12   282.0    40.0
 48.5051 18.7600  366   0.20  -4.41  -0.12   291.0  -557.0
 48.5051 18.7600  367   0.20  -4.41  -0.12   289.0   187.0
 48.5051 18.7600  368   0.20  -4.41  -0.12   282.0 -1189.0
 48.5051 18.7600  369   0.20  -4.41  -0.12   292.0  -809.0
 48.5051 18.7600  370   0.20  -4.41  -0.12   288.0   -30.0
 48.5051 18.7600  371   0.20  -4.41  -0.12   292.0  -182.0
 48.5052 18.7600  372   0.20  -4.41  -0.12   297.0   -47.0
 48.5051 18.7600  373   0.20  -4.41  -0.12   290.0 -1474.0
 48.5051 18.7600  374   0.20  -4.41  -0.12   291.0  -371.0
 48.5051 18.7600  375   0.20  -4.41  -0.12   291.0  -184.0
 48.5052 18.7600  376   0.20  -4.41  -0.12   293.0  -465.0
 48.5052 18.7600  377   0.20  -4.41  -0.12   297.0   124.0
 48.5052 18.7600  378   0.20  -4.41  -0.12   287.0  -336.0
 48.5052 18.7600  379   0.20  -4.41  -0.12   293.0   272.0
 48.5051 18.7600  380   0.20  -4.41  -0.12   284.0   234.0
 48.5051 18.7600  381   0.20  -4.41  -0.12   289.0   138.0
 48.5052 18.7600  382   0.20  -4.41  -0.12   294.0  -219.0
 48.5052 18.7600  383   0.20  -4.41  -0.12   303.0  -482.0
 48.5052 18.7600  384   0.20  -4.41  -0.12   284.0  -632.0
 48.5051 18.7600  385   0.20  -4.41  -0.12   284.0  -221.0
 48.5051 18.7600  386   0.20  -4.41  -0.12   283.0   330.0
 48.5051 18.7600  387   0.20  -4.41  -0.12   289.0    82.0
 48.5051 18.7600  388   0.20  -4.41  -0.12   288.0  -675.0
 48.5051 18.7600  389   0.20  -4.41  -0.12   288.0  -564.0
 48.5051 18.7600  390   0.20  -4.41  -0.12   289.0  -480.0
 48.5051 18.7600  391   0.20  -4.41  -0.12   291.0  -425.0
 48.5051 18.7600  392   0.20  -4.41  -0.12   290.0  -382.0
 48.5051 18.7600  393   0.20  -4.41  -0.13   279.0    99.0
 48.5051 18.7600  394   0.20  -4.41  -0.13   281.0    66.0
 48.5051 18.7600  395   0.20  -4.41  -0.13   282.0  -277.0
 48.5051 18.7600  396   0.20  -4.41  -0.13   286.0  -849.0
 48.5051 18.7600  397   0.20  -4.41  -0.13   287.0  -712.0
 48.5051 18.7600  398   0.20  -4.41  -0.13   286.0  -179.0
 48.5051 18.7600  399   0.20  -4.41  -0.13   296.0  -561.0
 48.5051 18.7600  400   0.20  -4.41  -0.13   285.0  -190.0
 48.5051 18.7600  401   0.20  -4.41  -0.13   286.0  -323.0
 48.5051 18.7600  402   0.20  -4.41  -0.13   285.0   680.0
 48.5051 18.7600  403   0.20  -4.41  -0.13   284.0  -711.0
 48.5051 18.7600  404   0.20  -4.41  -0.13   283.0   711.0
 48.5051 18.7600  405   0.20  -4.41  -0.13   291.0  -377.0
 48.5051 18.7600  406   0.20  -4.41  -0.13   284.0    69.0
 48.5051 18.7600  407   0.20  -4.41  -0.13   296.0     5.0
 48.5051 18.7600  408   0.20  -4.41  -0.13   290.0    41.0
 48.5051 18.7600  409   0.20  -4.41  -0.13   287.0  -716.0
 48.5052 18.7600  410   0.20  -4.41  -0.13   286.0   -91.0
 48.5051 18.7600  411   0.20  -4.41  -0.13   281.0  1486.0
 48.5051 18.7600  412   0.20  -4.41  -0.13   290.0   603.0
 48.5052 18.7600  413   0.20  -4.41  -0.13   286.0   -51.0
 48.5052 18.7600  414   0.20  -4.41  -0.13   289.0  -324.0
 48.5051 18.7600  415   0.20  -4.41  -0.13   296.0   160.0
 48.5052 18.7600  416   0.20  -4.41  -0.13   294.0  -588.0
 48.5051 18.7600  417   0.20  -4.41  -0.13   285.0  -187.0
 48.5052 18.7600  418   0.20  -4.41  -0.13   292.0    28.0
 48.5051 18.7600  419   0.20  -4.41  -0.13   285.0   632.0
 48.5052 18.7600  420   0.20  -4.41  -0.13   292.0   602.0
 48.5052 18.7600  421   0.20  -4.41  -0.13   300.0  -286.0
 48.5052 18.7600  422   0.20  -4.41  -0.13   294.0   389.0
 48.5052 18.7600  423   0.20  -4.41  -0.13   287.0   321.0
 48.5052 18.7600  424   0.20  -4.41  -0.13   279.0   703.0
 48.5052 18.7600  425   0.20  -4.41  -0.13   292.0   306.0
 48.5052 18.7600  426   0.20  -4.41  -0.13   295.0   503.0
 48.5052 18.7600  427   0.20  -4.41  -0.13   281.0   866.0
 48.5052 18.7600  428   0.20  -4.41  -0.13   289.0   314.0
 48.5051 18.7600  429   0.20  -4.41  -0.13   288.0  -306.0
 48.5052 18.7600  430   0.20  -4.41  -0.13   287.0  -254.0
 48.5052 18.7600  431   0.20  -4.41  -0.13   290.0    33.0
 48.5052 18.7600  432   0.20  -4.41  -0.13   290.0   143.0
 48.5051 18.7600  433   0.20  -4.41  -0.13   285.0  -169.0
 48.5052 18.7600  434   0.20  -4.41  -0.13   290.0   464.0
 48.5051 18.7600  435   0.20  -4.41  -0.13   283.0 -1102.0
 48.5051 18.7600  436   0.20  -4.41  -0.13   289.0    37.0
 48.5051 18.7600  437   0.20  -4.41  -0.13   282.0  -121.0
 48.5051 18.7600  438   0.20  -4.41  -0.13   294.0   194.0
 48.5051 18.7600  439   0.20  -4.41  -0.13   289.0  -401.0
 48.5051 18.7600  440   0.20  -4.41  -0.13   288.0  -550.0
 48.5051 18.7600  441   0.20  -4.41  -0.13   282.0  -121.0
 48.5051 18.7600  442   0.20  -4.41  -0.13   283.0    75.0
 48.5051 18.7600  443   0.20  -4.41  -0.13   285.0   100.0
 48.5051 18.7600  444   0.20  -4.41  -0.13   277.0  -680.0
 48.5051 18.7600  445   0.20  -4.41  -0.13   279.0  -214.0
 48.5051 18.7600  446   0.20  -4.41  -0.13   279.0   659.0
 48.5051 18.7600  447   0.20  -4.41  -0.13   293.0   415.0
 48.5052 18.7600  448   0.20  -4.41  -0.13   288.0   141.0
 48.5051 18.7600  449   0.20  -4.41  -0.13   285.0    69.0
 48.5051 18.7600  450   0.20  -4.41  -0.13   285.0   623.0
 48.5052 18.7600  451   0.20  -4.41  -0.13   282.0   323.0
 48.5051 18.7600  452   0.20  -4.41  -0.13   291.0   650.0
 48.5051 18.7600  453   0.20  -4.41  -0.13   286.0   128.0
 48.5052 18.7600  454   0.20  -4.41  -0.13   284.0  -397.0
 48.5052 18.7600  455   0.20  -4.41  -0.13   292.0    29.0
 48.5052 18.7600  456   0.20  -4.41  -0.13   286.0    10.0
 48.5052 18.7600  457   0.20  -4.41  -0.13   288.0    42.0
 48.5052 18.7600  458   0.20  -4.41  -0.13   276.0   250.0
 48.5052 18.7600  459   0.20  -4.41  -0.13   291.0    54.0
 48.5052 18.7600  460   0.20  -4.41  -0.13   285.0   609.0
 48.5052 18.7600  461   0.20  -4.41  -0.13   285.0   214.0
 48.5052 18.7600  462   0.20  -4.41  -0.13   285.0    59.0
 48.5052 18.7600  463   0.20  -4.41  -0.13   290.0   188.0
 48.5052 18.7600  464   0.20  -4.41  -0.13   293.0   182.0
 48.5052 18.7600  465   0.20  -4.41  -0.13   288.0  -234.0
 48.5052 18.7600  466   0.20  -4.41  -0.13   289.0   213.0
 48.5052 18.7600  467   0.20  -4.41  -0.13   280.0  -771.0
 48.5052 18.7600  468   0.20  -4.41  -0.13   284.0  -537.0
 48.5052 18.7600  469   0.20  -4.41  -0.13   292.0  -640.0
 48.5052 18.7600  470   0.20  -4.41  -0.13   285.0 -1138.0
 48.5052 18.7600  471   0.20  -4.41  -0.13   295.0  -772.0
 48.5052 18.7600  472   0.20  -4.41  -0.13   287.0   644.0
 48.5052 18.7600  473   0.20  -4.41  -0.13   282.0  -158.0
 48.5052 18.7600  474   0.20  -4.41  -0.13   287.0  -752.0
 48.5052 18.7600  475   0.20  -4.41  -0.13   291.0  -230.0
 48.5052 18.7600  476   0.20  -4.41  -0.13   285.0  -448.0
 48.5052 18.7600  477   0.20  -4.41  -0.13   290.0    17.0
 48.5052 18.7600  478   0.20  -4.41  -0.13   291.0  -335.0
 48.5052 18.7600  479   0.20  -4.41  -0.13   287.0  -291.0
 48.5052 18.7600  480   0.20  -4.41  -0.13   286.0   439.0
 48.5052 18.7600  481   0.20  -4.41  -0.13   293.0   -73.0
 48.5052 18.7600  482   0.20  -4.41  -0.13   287.0  -785.0
 48.5052 18.7600  483   0.20  -4.41  -0.13   279.0   275.0
 48.5052 18.7600  484   0.20  -4.41  -0.13   278.0  -298.0
 48.5052 18.7600  485   0.20  -4.41  -0.13   295.0   116.0
 48.5052 18.7600  486   0.20  -4.41  -0.13   291.0  -508.0
 48.5052 18.7600  487   0.20  -4.41  -0.13   284.0  -208.0
 48.5052 18.7600  488   0.20  -4.41  -0.13   289.0  -731.0
 48.5052 18.7600  489   0.20  -4.41  -0.13   288.0  -389.0
 48.5051 18.7600  490   0.20  -4.41  -0.13   285.0  -868.0
 48.5052 18.7600  491   0.20  -4.41  -0.13   284.0  -847.0
 48.5052 18.7600  492   0.20  -4.41  -0.13   293.0    99.0
 48.5052 18.7600  493   0.20  -4.41  -0.13   291.0    84.0
 48.5052 18.7600  494   0.20  -4.41  -0.13   279.0  -501.0
 48.5052 18.7600  495   0.20  -4.41  -0.13   285.0  -241.0
 48.5052 18.7600  496   0.20  -4.41  -0.13   285.0    31.0
 48.5052 18.7600  497   0.20  -4.41  -0.13   276.0   572.0
 48.5052 18.7600  498   0.20  -4.41  -0.13   281.0   274.0
 48.5052 18.7600  499   0.20  -4.41  -0.13   284.0   373.0
 48.5052 18.7600  500   0.20  -4.41  -0.13   290.0   304.0
 48.5052 18.7600  501   0.20  -4.41  -0.13   289.0  -236.0
 48.5052 18.7600  502   0.20  -4.41  -0.13   289.0   -65.0
 48.5052 18.7600  503   0.20  -4.41  -0.13   280.0   303.0
 48.5052 18.7600  504   0.20  -4.41  -0.13   299.0  -799.0
 48.5052 18.7600  505   0.20  -4.41  -0.13   285.0   703.0
 48.5052 18.7600  506   0.20  -4.41  -0.13   286.0  -105.0
 48.5052 18.7600  507   0.20  -4.41  -0.13   279.0  -663.0
 48.5051 18.7600  508   0.20  -4.41  -0.13   291.0  -230.0
 48.5052 18.7600  509   0.20  -4.41  -0.13   294.0  -856.0
 48.5052 18.7600  510   0.20  -4.41  -0.13   284.0   -31.0
 48.5052 18.7600  511   0.20  -4.41  -0.13   290.0  -276.0
 48.5052 18.7600  512   0.20  -4.41  -0.13   293.0    19.0
 48.5052 18.7600  513   0.20  -4.41  -0.13   279.0   -43.0
 48.5052 18.7600  514   0.20  -4.41  -0.13   284.0  -525.0
 48.5052 18.7600  515   0.20  -4.41  -0.13   288.0   -12.0
 48.5052 18.7600  516   0.20  -4.41  -0.13   295.0  -240.0
 48.5052 18.7600  517   0.20  -4.41  -0.13   287.0  -182.0
 48.5052 18.7600  518   0.20  -4.41  -0.13   283.0    93.0
 48.5052 18.7600  519   0.20  -4.41  -0.13   277.0   243.0
 48.5052 18.7600  520   0.20  -4.41  -0.13   289.0   136.0
 48.5052 18.7600  521   0.20  -4.41  -0.13   284.0  -175.0
 48.5052 18.7600  522   0.20  -4.41  -0.14   281.0  -798.0
 48.5052 18.7600  523   0.20  -4.41  -0.14   284.0  -240.0
 48.5052 18.7600  524   0.20  -4.41  -0.14   281.0   549.0
 48.5052 18.7600  525   0.20  -4.41  -0.14   279.0   -87.0
 48.5052 18.7600  526   0.20  -4.41  -0.14   283.0   610.0
 48.5052 18.7600  527   0.20  -4.41  -0.14   285.0   558.0
 48.5051 18.7600  528   0.20  -4.41  -0.14   285.0    70.0
 48.5051 18.7600  529   0.20  -4.41  -0.14   289.0   576.0
 48.5052 18.7600  530   0.20  -4.41  -0.14   279.0  -262.0
 48.5051 18.7600  531   0.20  -4.41  -0.14   285.0   -87.0
 48.5052 18.7600  532   0.20  -4.41  -0.14   281.0   344.0
 48.5051 18.7600  533   0.20  -4.41  -0.14   290.0  -621.0
 48.5051 18.7600  534   0.20  -4.41  -0.14   284.0   113.0
 48.5051 18.7600  535   0.20  -4.41  -0.14   288.0   196.0
 48.5051 18.7600  536   0.20  -4.41  -0.14   290.0   922.0
 48.5051 18.7600  537   0.20  -4.41  -0.14   286.0  -471.0
 48.5051 18.7600  538   0.20  -4.41  -0.14   282.0  -828.0
 48.5051 18.7600  539   0.20  -4.41  -0.14   290.0   548.0
 48.5051 18.7600  540   0.20  -4.41  -0.14   289.0  -749.0
 48.5051 18.7600  541   0.20  -4.41  -0.14   283.0   -11.0
 48.5051 18.7600  542   0.20  -4.41  -0.14   281.0   -62.0
 48.5051 18.7600  543   0.20  -4.41  -0.14   285.0  -818.0
 48.5051 18.7600  544   0.20  -4.41  -0.14   287.0   -53.0
 48.5051 18.7600  545   0.20  -4.41  -0.14   285.0   408.0
 48.5051 18.7600  546   0.20  -4.41  -0.14   286.0   143.0
 48.5051 18.7600  547   0.20  -4.41  -0.14   283.0  -398.0
 48.5051 18.7600  548   0.20  -4.41  -0.14   289.0    29.0
 48.5051 18.7600  549   0.20  -4.41  -0.14   287.0   759.0
 48.5051 18.7600  550   0.20  -4.41  -0.14   283.0  -153.0
 48.5051 18.7600  551   0.20  -4.41  -0.14   288.0  -412.0
 48.5051 18.7600  552   0.20  -4.41  -0.14   285.0  -303.0
 48.5051 18.7600  553   0.20  -4.41  -0.14   288.0  -408.0
 48.5051 18.7600  554   0.20  -4.41  -0.14   292.0  -538.0
 48.5051 18.7600  555   0.20  -4.41  -0.14   285.0   278.0
 48.5051 18.7600  556   0.20  -4.41  -0.14   288.0  -177.0
 48.5051 18.7600  557   0.20  -4.41  -0.14   295.0   153.0
 48.5051 18.7600  558   0.20  -4.41  -0.14   287.0   352.0
 48.5051 18.7600  559   0.20  -4.41  -0.14   279.0  -477.0
 48.5051 18.7600  560   0.20  -4.41  -0.14   284.0   403.0
 48.5051 18.7600  561   0.20  -4.41  -0.14   282.0  -526.0
 48.5051 18.7600  562   0.20  -4.41  -0.14   280.0   210.0
 48.5051 18.7600  563   0.20  -4.41  -0.14   288.0    -8.0
 48.5051 18.7600  564   0.20  -4.41  -0.14   288.0   515.0
 48.5051 18.7600  565   0.20  -4.41  -0.14   286.0  -210.0
 48.5051 18.7600  566   0.20  -4.41  -0.14   284.0    79.0
 48.5051 18.7600  567   0.20  -4.41  -0.14   280.0   291.0
 48.5051 18.7600  568   0.20  -4.41  -0.14   285.0    78.0
 48.5051 18.7600  569   0.20  -4.41  -0.14   282.0   144.0
 48.5051 18.7600  570   0.20  -4.41  -0.14   286.0   551.0
 48.5051 18.7600  571   0.20  -4.41  -0.14   292.0 -1086.0
 48.5051 18.7600  572   0.20  -4.41  -0.14   294.0   752.0
 48.5052 18.7600  573   0.20  -4.41  -0.14   282.0  -820.0
 48.5051 18.7600  574   0.20  -4.41  -0.14   292.0   566.0
 48.5052 18.7600  575   0.20  -4.41  -0.14   286.0  -197.0
 48.5051 18.7600  576   0.20  -4.41  -0.14   295.0   -64.0
 48.5052 18.7600  577   0.20  -4.41  -0.14   281.0  -710.0
 48.5052 18.7600  578   0.20  -4.41  -0.14   295.0  -543.0
 48.5052 18.7600  579   0.20  -4.41  -0.14   295.0  -300.0
 48.5051 18.7600  580   0.20  -4.41  -0.14   294.0  -329.0
 48.5052 18.7600  581   0.20  -4.41  -0.14   291.0    49.0
 48.5052 18.7600  582   0.20  -4.41  -0.14   281.0  -112.0
 48.5052 18.7600  583   0.20  -4.41  -0.14   283.0  -142.0
 48.5052 18.7600  584   0.20  -4.41  -0.14   287.0    46.0
 48.5052 18.7600  585   0.20  -4.41  -0.14   284.0  -557.0
 48.5052 18.7600  586   0.20  -4.41  -0.14   290.0   -58.0
 48.5052 18.7600  587   0.20  -4.41  -0.14   278.0  -555.0
 48.5052 18.7600  588   0.20  -4.41  -0.14   284.0  -308.0
 48.5052 18.7600  589   0.20  -4.41  -0.14   290.0   -63.0
 48.5052 18.7600  590   0.20  -4.41  -0.14   277.0  -890.0
 48.5052 18.7600  591   0.20  -4.41  -0.14   287.0   225.0
 48.5052 18.7600  592   0.20  -4.41  -0.14   288.0   176.0
 48.5052 18.7600  593   0.20  -4.41  -0.14   286.0   667.0
 48.5052 18.7600  594   0.20  -4.41  -0.14   280.0  -207.0
 48.5052 18.7600  595   0.20  -4.41  -0.14   289.0  -280.0
 48.5052 18.7600  596   0.20  -4.41  -0.14   288.0   471.0
 48.5052 18.7600  597   0.20  -4.41  -0.14   281.0  -924.0
 48.5052 18.7600  598   0.20  -4.41  -0.14   284.0  -204.0
 48.5052 18.7600  599   0.20  -4.41  -0.14   289.0  -742.0
 48.5052 18.7600  600   0.20  -4.41  -0.14   287.0  -345.0
 48.5052 18.7600  601   0.20  -4.41  -0.14   283.0  -438.0
 48.5052 18.7600  602   0.20  -4.41  -0.14   290.0   402.0
 48.5052 18.7600  603   0.20  -4.41  -0.14   288.0   840.0
 48.5052 18.7600  604   0.20  -4.41  -0.14   293.0  -522.0
 48.5052 18.7600  605   0.20  -4.41  -0.14   284.0   254.0
 48.5052 18.7600  606   0.20  -4.41  -0.14   286.0    34.0
 48.5052 18.7600  607   0.20  -4.41  -0.14   277.0  -503.0
 48.5052 18.7600  608   0.20  -4.41  -0.14   285.0  -728.0
 48.5052 18.7600  609   0.20  -4.41  -0.14   285.0   156.0
 48.5052 18.7600  610   0.20  -4.41  -0.14   288.0  -390.0
 48.5052 18.7600  611   0.20  -4.41  -0.14   284.0   771.0
 48.5052 18.7600  612   0.20  -4.41  -0.14   281.0   -28.0
 48.5052 18.7600  613   0.20  -4.41  -0.14   284.0   120.0
 48.5052 18.7600  614   0.20  -4.41  -0.14   285.0  -369.0
 48.5052 18.7600  615   0.20  -4.41  -0.14   285.0  -656.0
 48.5052 18.7600  616   0.20  -4.41  -0.14   293.0   -86.0
 48.5052 18.7600  617   0.20  -4.41  -0.14   283.0  -903.0
 48.5052 18.7600  618   0.20  -4.41  -0.14   287.0   -71.0
 48.5052 18.7600  619   0.20  -4.41  -0.14   277.0  -419.0
 48.5052 18.7600  620   0.20  -4.41  -0.14   278.0   -17.0
 48.5052 18.7600  621   0.20  -4.41  -0.14   286.0  -260.0
 48.5052 18.7600  622   0.20  -4.41  -0.14   280.0  -722.0
 48.5052 18.7600  623   0.20  -4.41  -0.14   282.0  -469.0
 48.5052 18.7600  624   0.20  -4.41  -0.14   283.0  -531.0
 48.5052 18.7600  625   0.20  -4.41  -0.14   284.0   525.0
 48.5052 18.7600  626   0.20  -4.41  -0.14   283.0  -602.0
 48.5052 18.7600  627   0.20  -4.41  -0.14   284.0    55.0
 48.5052 18.7600  628   0.20  -4.41  -0.14   286.0  -562.0
 48.5052 18.7600  629   0.20  -4.41  -0.14   279.0  -900.0
 48.5052 18.7600  630   0.20  -4.41  -0.14   285.0  -253.0
 48.5052 18.7600  631   0.20  -4.41  -0.14   278.0  -461.0
 48.5052 18.7600  632   0.20  -4.41  -0.14   288.0  -162.0
 48.5052 18.7600  633   0.20  -4.41  -0.14   279.0   675.0
 48.5052 18.7600  634   0.20  -4.41  -0.14   282.0   864.0
 48.5052 18.7600  635   0.20  -4.41  -0.14   281.0    69.0
 48.5052 18.7600  636   0.20  -4.41  -0.14   288.0   705.0
 48.5052 18.7600  637   0.20  -4.41  -0.14   281.0   -61.0
 48.5052 18.7600  638   0.20  -4.41  -0.14   280.0   249.0
 48.5052 18.7600  639   0.20  -4.41  -0.14   282.0   -98.0
 48.5052 18.7600  640   0.20  -4.41  -0.14   283.0   -88.0
 48.5052 18.7600  641   0.20  -4.41  -0.14   284.0  1175.0
 48.5051 18.7600  642   0.20  -4.41  -0.14   275.0  -344.0
 48.5052 18.7600  643   0.20  -4.41  -0.14   286.0   224.0
 48.5052 18.7600  644   0.20  -4.41  -0.14   290.0   -89.0
 48.5052 18.7600  645   0.20  -4.41  -0.14   287.0    -2.0
 48.5052 18.7600  646   0.20  -4.41  -0.14   277.0   -89.0
 48.5052 18.7600  647   0.20  -4.41  -0.14   284.0 -1280.0
 48.5052 18.7600  648   0.20  -4.41  -0.14   290.0   444.0
 48.5052 18.7600  649   0.20  -4.41  -0.14   286.0   204.0
 48.5052 18.7600  650   0.20  -4.41  -0.14   284.0    90.0
 48.5052 18.7600  651   0.20  -4.41  -0.14   281.0   293.0
 48.5051 18.7600  652   0.20  -4.41  -0.14   291.0   215.0
 48.5052 18.7600  653   0.20  -4.41  -0.14   283.0  -426.0
 48.5051 18.7600  654   0.20  -4.41  -0.14   288.0  -717.0
 48.5052 18.7600  655   0.20  -4.41  -0.14   288.0   503.0
 48.5052 18.7600  656   0.20  -4.41  -0.14   278.0   107.0
 48.5052 18.7600  657   0.20  -4.41  -0.14   283.0  -604.0
 48.5051 18.7600  658   0.20  -4.41  -0.14   272.0   434.0
 48.5052 18.7600  659   0.20  -4.41  -0.14   283.0  -160.0
 48.5051 18.7600  660   0.20  -4.41  -0.14   284.0   584.0
 48.5051 18.7600  661   0.20  -4.41  -0.14   280.0   513.0
 48.5051 18.7600  662   0.20  -4.41  -0.14   279.0  -709.0
 48.5051 18.7600  663   0.20  -4.41  -0.14   277.0  -364.0
 48.5051 18.7600  664   0.20  -4.41  -0.14   276.0  -254.0
 48.5051 18.7600  665   0.20  -4.41  -0.14   283.0  -935.0
 48.5051 18.7600  666   0.20  -4.41  -0.14   286.0   342.0
 48.5051 18.7600  667   0.20  -4.41  -0.14   280.0  -381.0
 48.5051 18.7600  668   0.20  -4.41  -0.14   292.0 -1033.0
 48.5051 18.7600  669   0.20  -4.41  -0.14   294.0  -501.0
 48.5051 18.7600  670   0.20  -4.41  -0.14   288.0  -471.0
 48.5051 18.7600  671   0.20  -4.41  -0.14   283.0   105.0
 48.5052 18.7600  672   0.20  -4.41  -0.14   283.0  -497.0
 48.5052 18.7600  673   0.20  -4.41  -0.14   277.0   -44.0
 48.5052 18.7600  674   0.20  -4.41  -0.14   284.0  -326.0
 48.5052 18.7600  675   0.20  -4.41  -0.14   290.0    31.0
 48.5051 18.7600  676   0.20  -4.41  -0.14   279.0  -157.0
 48.5051 18.7600  677   0.20  -4.41  -0.14   293.0   454.0
 48.5051 18.7600  678   0.20  -4.41  -0.14   283.0  -468.0
 48.5051 18.7600  679   0.20  -4.41  -0.14   292.0   143.0
 48.5051 18.7600  680   0.20  -4.41  -0.14   287.0   309.0
 48.5051 18.7600  681   0.20  -4.41  -0.14   278.0   796.0
 48.5051 18.7600  682   0.20  -4.41  -0.14   285.0   142.0
 48.5051 18.7600  683   0.20  -4.41  -0.14   285.0  -105.0
 48.5051 18.7600  684   0.20  -4.41  -0.14   283.0  -231.0
 48.5051 18.7600  685   0.20  -4.41  -0.14   282.0  -511.0
 48.5051 18.7600  686   0.20  -4.41  -0.14   279.0  -451.0
 48.5051 18.7600  687   0.20  -4.41  -0.14   280.0   414.0
 48.5051 18.7600  688   0.20  -4.41  -0.14   286.0   125.0
 48.5051 18.7600  689   0.20  -4.41  -0.14   282.0  -943.0
 48.5051 18.7600  690   0.20  -4.41  -0.14   277.0  -440.0
 48.5051 18.7600  691   0.20  -4.41  -0.14   284.0   852.0
 48.5052 18.7600  692   0.20  -4.41  -0.14   279.0   -58.0
 48.5052 18.7600  693   0.20  -4.41  -0.14   273.0  -273.0
 48.5052 18.7600  694   0.20  -4.41  -0.14   279.0  -428.0
 48.5051 18.7600  695   0.20  -4.41  -0.14   284.0   468.0
 48.5051 18.7600  696   0.20  -4.41  -0.14   282.0  -495.0
 48.5051 18.7600  697   0.20  -4.41  -0.14   285.0  -769.0
 48.5051 18.7600  698   0.20  -4.41  -0.14   288.0    96.0
 48.5051 18.7600  699   0.20  -4.41  -0.14   284.0  -961.0
 48.5051 18.7600  700   0.20  -4.41  -0.14   278.0   300.0
 48.5051 18.7600  701   0.20  -4.41  -0.14   284.0  -532.0
 48.5051 18.7600  702   0.20  -4.41  -0.14   292.0  -895.0
 48.5051 18.7600  703   0.20  -4.41  -0.14   281.0  -232.0
 48.5052 18.7600  704   0.20  -4.41  -0.14   289.0  -212.0
 48.5052 18.7600  705   0.20  -4.41  -0.15   290.0  -163.0
 48.5052 18.7600  706   0.20  -4.41  -0.15   283.0    69.0
 48.5052 18.7600  707   0.20  -4.41  -0.15   279.0  -501.0
 48.5052 18.7600  708   0.20  -4.41  -0.15   284.0   113.0
 48.5052 18.7600  709   0.20  -4.41  -0.15   282.0   312.0
 48.5052 18.7600  710   0.20  -4.41  -0.15   276.0   -99.0
 48.5052 18.7600  711   0.20  -4.41  -0.15   285.0   271.0
 48.5052 18.7600  712   0.20  -4.41  -0.15   288.0   134.0
 48.5052 18.7600  713   0.20  -4.41  -0.15   286.0  -869.0
 48.5052 18.7600  714   0.20  -4.41  -0.15   285.0  1152.0
 48.5052 18.7600  715   0.20  -4.41  -0.15   280.0  -825.0
 48.5052 18.7600  716   0.20  -4.41  -0.15   282.0  -294.0
 48.5052 18.7600  717   0.20  -4.41  -0.15   282.0  -544.0
 48.5052 18.7600  718   0.20  -4.41  -0.15   283.0  -577.0
 48.5052 18.7600  719   0.20  -4.41  -0.15   281.0   -27.0
 48.5052 18.7600  720   0.20  -4.41  -0.15   278.0  -150.0
 48.5052 18.7600  721   0.20  -4.41  -0.15   288.0   285.0
 48.5052 18.7600  722   0.20  -4.41  -0.15   285.0   343.0
 48.5052 18.7600  723   0.20  -4.41  -0.15   289.0  -812.0
 48.5052 18.7600  724   0.20  -4.41  -0.15   277.0   -95.0
 48.5052 18.7600  725   0.20  -4.41  -0.15   282.0 -1366.0
 48.5052 18.7600  726   0.20  -4.41  -0.15   286.0   794.0
 48.5052 18.7600  727   0.20  -4.41  -0.15   288.0    99.0
 48.5052 18.7600  728   0.20  -4.41  -0.15   278.0   361.0
 48.5052 18.7600  729   0.20  -4.41  -0.15   285.0   125.0
 48.5051 18.7600  730   0.20  -4.41  -0.15   275.0   505.0
 48.5052 18.7600  731   0.20  -4.41  -0.15   279.0  -775.0
 48.5052 18.7600  732   0.20  -4.41  -0.15   281.0   767.0
 48.5052 18.7600  733   0.20  -4.41  -0.15   279.0  -909.0
 48.5052 18.7600  734   0.20  -4.41  -0.15   290.0  -435.0
 48.5052 18.7600  735   0.20  -4.41  -0.15   282.0   551.0
 48.5052 18.7600  736   0.20  -4.41  -0.15   284.0   -78.0
 48.5052 18.7600  737   0.20  -4.41  -0.15   277.0  -297.0
 48.5051 18.7600  738   0.20  -4.41  -0.15   289.0  -193.0
 48.5052 18.7600  739   0.20  -4.41  -0.15   279.0   471.0
 48.5052 18.7600  740   0.20  -4.41  -0.15   286.0   -99.0
 48.5052 18.7600  741   0.20  -4.41  -0.15   286.0  -474.0
 48.5052 18.7600  742   0.20  -4.41  -0.15   287.0   612.0
 48.5052 18.7600  743   0.20  -4.41  -0.15   273.0   157.0
 48.5052 18.7600  744   0.20  -4.41  -0.15   280.0  -441.0
 48.5052 18.7600  745   0.20  -4.41  -0.15   282.0  -248.0
 48.5051 18.7600  746   0.20  -4.41  -0.15   291.0   159.0
 48.5051 18.7600  747   0.20  -4.41  -0.15   277.0  -152.0
 48.5052 18.7600  748   0.20  -4.41  -0.15   278.0  -347.0
 48.5052 18.7600  749   0.20  -4.41  -0.15   282.0  -824.0
 48.5052 18.7600  750   0.20  -4.41  -0.15   282.0  -678.0
 48.5052 18.7600  751   0.20  -4.41  -0.15   291.0   942.0
 48.5051 18.7600  752   0.20  -4.41  -0.15   276.0   873.0
 48.5051 18.7600  753   0.20  -4.41  -0.15   279.0   439.0
 48.5051 18.7600  754   0.20  -4.41  -0.15   282.0  -261.0
 48.5052 18.7600  755   0.20  -4.41  -0.15   289.0   607.0
 48.5051 18.7600  756   0.20  -4.41  -0.15   291.0   426.0
 48.5052 18.7600  757   0.20  -4.41  -0.15   285.0  -163.0
 48.5051 18.7600  758   0.20  -4.41  -0.15   275.0  -275.0
 48.5051 18.7600  759   0.20  -4.41  -0.15   284.0  -677.0
 48.5052 18.7600  760   0.20  -4.41  -0.15   282.0   302.0
 48.5051 18.7600  761   0.20  -4.41  -0.15   283.0  -569.0
 48.5052 18.7600  762   0.20  -4.41  -0.15   284.0  -485.0
 48.5051 18.7600  763   0.20  -4.41  -0.15   280.0  -701.0
 48.5052 18.7600  764   0.20  -4.41  -0.15   281.0  -295.0
 48.5052 18.7600  765   0.20  -4.41  -0.15   281.0  -100.0
 48.5051 18.7600  766   0.20  -4.41  -0.15   284.0  -122.0
 48.5051 18.7600  767   0.20  -4.41  -0.15   276.0  -232.0
 48.5052 18.7600  768   0.20  -4.41  -0.15   280.0  -411.0
 48.5051 18.7600  769   0.20  -4.41  -0.15   290.0  -232.0
 48.5051 18.7600  770   0.20  -4.41  -0.15   285.0  -120.0
 48.5051 18.7600  771   0.20  -4.41  -0.15   278.0  -545.0
 48.5051 18.7600  772   0.20  -4.41  -0.15   291.0  -568.0
 48.5052 18.7600  773   0.20  -4.41  -0.15   287.0   193.0
 48.5051 18.7600  774   0.20  -4.41  -0.15   278.0  -618.0
 48.5051 18.7600  775   0.20  -4.41  -0.15   286.0    99.0
 48.5051 18.7600  776   0.20  -4.41  -0.15   289.0   110.0
 48.5051 18.7600  777   0.20  -4.41  -0.15   291.0  -673.0
 48.5051 18.7600  778   0.20  -4.41  -0.15   275.0   206.0
 48.5052 18.7600  779   0.20  -4.41  -0.15   284.0  -284.0
 48.5051 18.7600  780   0.20  -4.41  -0.15   289.0  -743.0
 48.5052 18.7600  781   0.20  -4.41  -0.15   279.0  -231.0
 48.5051 18.7600  782   0.20  -4.41  -0.15   279.0   142.0
 48.5051 18.7600  783   0.20  -4.41  -0.15   286.0  -606.0
 48.5051 18.7600  784   0.20  -4.41  -0.15   277.0   -54.0
 48.5051 18.7600  785   0.20  -4.41  -0.15   281.0   117.0
 48.5051 18.7600  786   0.20  -4.41  -0.15   280.0   146.0
 48.5051 18.7600  787   0.20  -4.41  -0.15   284.0  -337.0
 48.5051 18.7600  788   0.20  -4.41  -0.15   281.0   504.0
 48.5052 18.7600  789   0.20  -4.41  -0.15   278.0   207.0
 48.5052 18.7600  790   0.20  -4.41  -0.15   274.0  -461.0
 48.5052 18.7600  791   0.20  -4.41  -0.15   282.0  -277.0
 48.5051 18.7600  792   0.20  -4.41  -0.15   286.0  -101.0
 48.5051 18.7600  793   0.20  -4.41  -0.15   277.0   547.0
 48.5051 18.7600  794   0.20  -4.41  -0.15   278.0   427.0
 48.5051 18.7600  795   0.20  -4.41  -0.15   278.0  -585.0
 48.5051 18.7600  796   0.20  -4.41  -0.15   281.0  -369.0
 48.5051 18.7600  797   0.20  -4.41  -0.15   282.0  -407.0
 48.5051 18.7600  798   0.20  -4.41  -0.15   279.0    18.0
 48.5051 18.7600  799   0.20  -4.41  -0.15   275.0   -19.0
 48.5052 18.7600  800   0.20  -4.41  -0.15   281.0   -39.0
 48.5052 18.7600  801   0.20  -4.41  -0.15   280.0  -209.0
 48.5052 18.7600  802   0.20  -4.41  -0.15   282.0   459.0
 48.5052 18.7600  803   0.20  -4.41  -0.15   285.0    67.0
 48.5052 18.7600  804   0.20  -4.41  -0.15   281.0 -1153.0
 48.5052 18.7600  805   0.20  -4.41  -0.15   293.0  -158.0
 48.5052 18.7600  806   0.20  -4.41  -0.15   286.0   -53.0
 48.5051 18.7600  807   0.20  -4.41  -0.15   277.0   440.0
 48.5052 18.7600  808   0.20  -4.41  -0.15   286.0   129.0
 48.5051 18.7600  809   0.20  -4.41  -0.15   286.0   492.0
 48.5051 18.7600  810   0.20  -4.41  -0.15   291.0    21.0
 48.5051 18.7600  811   0.20  -4.41  -0.15   291.0   313.0
 48.5051 18.7600  812   0.20  -4.41  -0.15   280.0   245.0
 48.5051 18.7600  813   0.20  -4.41  -0.15   282.0   349.0
 48.5051 18.7600  814   0.20  -4.41  -0.15   282.0  1027.0
 48.5051 18.7600  815   0.20  -4.41  -0.15   280.0   116.0
 48.5052 18.7600  816   0.20  -4.41  -0.15   279.0   427.0
 48.5052 18.7600  817   0.20  -4.41  -0.15   270.0   331.0
 48.5052 18.7600  818   0.20  -4.41  -0.15   288.0  -812.0
 48.5051 18.7600  819   0.20  -4.41  -0.15   284.0   648.0
 48.5051 18.7600  820   0.20  -4.41  -0.15   285.0   -47.0
 48.5052 18.7600  821   0.20  -4.41  -0.15   282.0  -222.0
 48.5052 18.7600  822   0.20  -4.41  -0.15   284.0   171.0
 48.5051 18.7600  823   0.20  -4.41  -0.15   281.0 -1200.0
 48.5052 18.7600  824   0.20  -4.41  -0.15   278.0   209.0
 48.5051 18.7600  825   0.20  -4.41  -0.15   281.0    76.0
 48.5052 18.7600  826   0.20  -4.41  -0.15   277.0  -208.0
 48.5052 18.7600  827   0.20  -4.41  -0.15   273.0   325.0
 48.5051 18.7600  828   0.20  -4.41  -0.15   270.0 -1005.0
 48.5052 18.7600  829   0.20  -4.41  -0.15   281.0   487.0
 48.5052 18.7600  830   0.20  -4.41  -0.15   277.0    48.0
 48.5052 18.7600  831   0.20  -4.41  -0.15   277.0   -42.0
 48.5052 18.7600  832   0.20  -4.41  -0.15   286.0    34.0
 48.5052 18.7600  833   0.20  -4.41  -0.15   289.0  -314.0
 48.5052 18.7600  834   0.20  -4.41  -0.15   283.0   726.0
 48.5052 18.7600  835   0.20  -4.41  -0.15   281.0  -171.0
 48.5052 18.7600  836   0.20  -4.41  -0.15   279.0   975.0
 48.5052 18.7600  837   0.20  -4.41  -0.15   283.0  -531.0
 48.5052 18.7600  838   0.20  -4.41  -0.15   283.0  -534.0
 48.5052 18.7600  839   0.20  -4.41  -0.15   276.0    34.0
 48.5052 18.7600  840   0.20  -4.41  -0.15   279.0    98.0
 48.5051 18.7600  841   0.20  -4.41  -0.15   281.0  -190.0
 48.5052 18.7600  842   0.20  -4.41  -0.15   278.0  -495.0
 48.5052 18.7600  843   0.20  -4.41  -0.15   288.0  -468.0
 48.5052 18.7600  844   0.20  -4.41  -0.15   283.0  -242.0
 48.5052 18.7600  845   0.20  -4.41  -0.15   280.0   334.0
 48.5052 18.7600  846   0.20  -4.41  -0.15   281.0  1171.0
 48.5052 18.7600  847   0.20  -4.41  -0.15   282.0 -1177.0
 48.5052 18.7600  848   0.20  -4.41  -0.15   281.0    51.0
 48.5052 18.7600  849   0.20  -4.41  -0.15   279.0  -156.0
 48.5052 18.7600  850   0.20  -4.41  -0.15   281.0  -449.0
 48.5052 18.7600  851   0.20  -4.41  -0.15   281.0  -460.0
 48.5052 18.7600  852   0.20  -4.41  -0.15   277.0  -516.0
 48.5052 18.7600  853   0.20  -4.41  -0.15   286.0  -479.0
 48.5052 18.7600  854   0.20  -4.41  -0.15   283.0 -1026.0
 48.5052 18.7600  855   0.20  -4.41  -0.15   284.0  -614.0
 48.5052 18.7600  856   0.20  -4.41  -0.15   290.0 -1327.0
 48.5052 18.7600  857   0.20  -4.41  -0.15   280.0 -1672.0
 48.5052 18.7600  858   0.20  -4.41  -0.15   286.0   -26.0
 48.5052 18.7600  859   0.20  -4.41  -0.15   288.0  -115.0
 48.5052 18.7600  860   0.20  -4.41  -0.15   278.0   173.0
 48.5052 18.7600  861   0.20  -4.41  -0.15   276.0 -1379.0
 48.5052 18.7600  862   0.20  -4.41  -0.15   283.0    71.0
 48.5052 18.7600  863   0.20  -4.41  -0.15   284.0  -163.0
 48.5052 18.7600  864   0.20  -4.41  -0.15   270.0  -292.0
 48.5052 18.7600  865   0.20  -4.41  -0.15   287.0   238.0
 48.5052 18.7600  866   0.20  -4.41  -0.15   273.0   110.0
 48.5052 18.7600  867   0.20  -4.41  -0.15   283.0  -147.0
 48.5052 18.7600  868   0.20  -4.41  -0.15   285.0   752.0
 48.5052 18.7600  869   0.20  -4.41  -0.15   285.0  -576.0
 48.5052 18.7600  870   0.20  -4.41  -0.15   282.0   452.0
 48.5052 18.7600  871   0.20  -4.41  -0.15   277.0   113.0
 48.5052 18.7600  872   0.20  -4.41  -0.15   279.0   993.0
 48.5052 18.7600  873   0.20  -4.41  -0.15   281.0  -873.0
 48.5052 18.7600  874   0.20  -4.41  -0.15   282.0  -423.0
 48.5052 18.7600  875   0.20  -4.41  -0.15   285.0 -1005.0
 48.5052 18.7600  876   0.20  -4.41  -0.15   281.0  -177.0
 48.5052 18.7600  877   0.20  -4.41  -0.15   286.0   110.0
 48.5052 18.7600  878   0.20  -4.41  -0.15   283.0  -198.0
 48.5052 18.7600  879   0.20  -4.41  -0.15   287.0  -274.0
 48.5052 18.7600  880   0.20  -4.41  -0.15   281.0  -756.0
 48.5052 18.7600  881   0.20  -4.41  -0.15   277.0  -138.0
 48.5052 18.7600  882   0.20  -4.41  -0.15   286.0  -480.0
 48.5052 18.7600  883   0.20  -4.41  -0.15   275.0  -829.0
 48.5052 18.7600  884   0.20  -4.41  -0.15   289.0   -65.0
 48.5052 