 48.4147 18.6290    0   0.20  -4.39  30.02   882.0  -720.0
 48.4147 18.6290    1   0.20  -4.39  30.02   881.0  -375.0
 48.4147 18.6290    2   0.20  -4.39  30.02   875.0 -1080.0
 48.4147 18.6290    3   0.20  -4.39  30.02   882.0   726.0
 48.4147 18.6290    4   0.20  -4.39  30.02   881.0  -411.0
 48.4147 18.6290    5   0.20  -4.39  30.02   889.0   608.0
 48.4147 18.6290    6   0.20  -4.39  30.02   885.0  -623.0
 48.4147 18.6290    7   0.20  -4.39  30.02   890.0   439.0
 48.4147 18.6290    8   0.20  -4.39  30.02   882.0   672.0
 48.4147 18.6290    9   0.20  -4.39  30.02   877.0  -262.0
 48.4147 18.6290   10   0.20  -4.39  30.02   888.0   652.0
 48.4147 18.6290   11   0.20  -4.39  30.02   884.0   -40.0
 48.4147 18.6290   12   0.20  -4.39  30.02   881.0 -1072.0
 48.4147 18.6290   13   0.20  -4.39  30.02   886.0   265.0
 48.4147 18.6290   14   0.20  -4.39  30.02   886.0  -718.0
 48.4147 18.6290   15   0.20  -4.39  30.02   875.0    87.0
 48.4147 18.6290   16   0.20  -4.39  30.02   884.0  -239.0
 48.4147 18.6290   17   0.20  -4.39  30.02   882.0   386.0
 48.4147 18.6290   18   0.20  -4.39  30.02   884.0   274.0
 48.4147 18.6290   19   0.20  -4.39  30.02   881.0  -270.0
 48.4147 18.6290   20   0.20  -4.39  30.02   883.0   124.0
 48.4147 18.6290   21   0.20  -4.39  30.02   880.0  -520.0
 48.4147 18.6290   22   0.20  -4.39  30.02   883.0    71.0
 48.4147 18.6290   23   0.20  -4.39  30.02   880.0  1085.0
 48.4147 18.6290   24   0.20  -4.39  30.02   886.0    76.0
 48.4147 18.6290   25   0.20  -4.39  30.02   878.0   303.0
 48.4147 18.6290   26   0.20  -4.39  30.02   885.0    51.0
 48.4147 18.6290   27   0.20  -4.39  30.02   883.0  -584.0
 48.4147 18.6290   28   0.20  -4.39  30.02   878.0  -215.0
 48.4147 18.6290   29   0.20  -4.39  30.02   884.0   405.0
 48.4147 18.6290   30   0.20  -4.39  30.02   891.0  -308.0
 48.4147 18.6290   31   0.20  -4.39  30.02   881.0   202.0
 48.4147 18.6290   32   0.20  -4.39  30.02   881.0   615.0
 48.4147 18.6290   33   0.20  -4.39  30.02   883.0   195.0
 48.4147 18.6290   34   0.20  -4.39  30.02   880.0  -767.0
 48.4147 18.6290   35   0.20  -4.39  30.02   881.0   149.0
 48.4147 18.6290   36   0.20  -4.39  30.02   877.0  -695.0
 48.4147 18.6290   37   0.20  -4.39  30.02   884.0   654.0
 48.4147 18.6290   38   0.20  -4.39  30.02   882.0  -135.0
 48.4147 18.6290   39   0.20  -4.39  30.02   877.0  -541.0
 48.4147 18.6290   40   0.20  -4.39  30.02   876.0   274.0
 48.4147 18.6290   41   0.20  -4.39  30.02   887.0   300.0
 48.4147 18.6290   42   0.20  -4.39  30.02   881.0  -140.0
 48.4147 18.6290   43   0.20  -4.39  30.02   879.0   416.0
 48.4147 18.6290   44   0.20  -4.39  30.02   882.0   599.0
 48.4147 18.6290   45   0.20  -4.39  30.02   886.0  1078.0
 48.4147 18.6290   46   0.20  -4.39  30.02   876.0  -255.0
 48.4147 18.6290   47   0.20  -4.39  30.02   884.0   -30.0
 48.4147 18.6290   48   0.20  -4.39  30.02   886.0  -490.0
 48.4147 18.6290   49   0.20  -4.39  30.02   876.0  -618.0
 48.4147 18.6290   50   0.20  -4.39  30.02   877.0   -18.0
 48.4147 18.6290   51   0.20  -4.39  30.02   881.0  -191.0
 48.4147 18.6290   52   0.20  -4.39  30.02   892.0  1112.0
 48.4147 18.6290   53   0.20  -4.39  30.02   880.0   131.0
 48.4147 18.6290   54   0.20  -4.39  30.02   882.0  -488.0
 48.4147 18.6290   55   0.20  -4.39  30.02   881.0  -764.0
 48.4147 18.6290   56   0.20  -4.39  30.02   881.0   474.0
 48.4147 18.6290   57   0.20  -4.39  30.02   883.0  -287.0
 48.4147 18.6290   58   0.20  -4.39  30.02   884.0   290.0
 48.4147 18.6290   59   0.20  -4.39  30.02   878.0  -262.0
 48.4147 18.6290   60   0.20  -4.39  30.02   882.0   549.0
 48.4147 18.6290   61   0.20  -4.39  30.02   882.0  -322.0
 48.4147 18.6290   62   0.20  -4.39  30.02   879.0  -314.0
 48.4147 18.6290   63   0.20  -4.39  30.02   884.0    87.0
 48.4147 18.6290   64   0.20  -4.39  30.02   893.0  -411.0
 48.4147 18.6290   65   0.20  -4.39  30.02   887.0  -100.0
 48.4147 18.6290   66   0.20  -4.39  30.02   877.0   146.0
 48.4147 18.6290   67   0.20  -4.39  30.02   889.0  -851.0
 48.4147 18.6290   68   0.20  -4.39  30.02   884.0    -5.0
 48.4147 18.6290   69   0.20  -4.39  30.02   891.0  -183.0
 48.4147 18.6290   70   0.20  -4.39  30.02   877.0  1081.0
 48.4147 18.6290   71   0.20  -4.39  30.02   890.0   937.0
 48.4147 18.6290   72   0.20  -4.39  30.02   877.0   280.0
 48.4147 18.6290   73   0.20  -4.39  30.02   878.0  -405.0
 48.4147 18.6290   74   0.20  -4.39  30.02   875.0   195.0
 48.4147 18.6290   75   0.20  -4.39  30.02   884.0   555.0
 48.4147 18.6290   76   0.20  -4.39  30.02   880.0  -174.0
 48.4147 18.6290   77   0.20  -4.39  30.02   888.0   678.0
 48.4147 18.6290   78   0.20  -4.39  30.02   887.0    46.0
 48.4147 18.6290   79   0.20  -4.39  30.02   886.0   477.0
 48.4147 18.6290   80   0.20  -4.39  30.02   876.0   455.0
 48.4147 18.6290   81   0.20  -4.39  30.02   882.0 -1294.0
 48.4147 18.6290   82   0.20  -4.39  30.02   876.0  -836.0
 48.4147 18.6290   83   0.20  -4.39  30.02   881.0  -579.0
 48.4147 18.6290   84   0.20  -4.39  30.02   881.0   376.0
 48.4147 18.6290   85   0.20  -4.39  30.02   884.0 -1370.0
 48.4147 18.6290   86   0.20  -4.39  30.02   888.0  -731.0
 48.4147 18.6290   87   0.20  -4.39  30.02   884.0   -94.0
 48.4147 18.6290   88   0.20  -4.39  30.02   879.0  -641.0
 48.4147 18.6290   89   0.20  -4.39  30.02   884.0  -343.0
 48.4147 18.6290   90   0.20  -4.39  30.02   877.0   638.0
 48.4147 18.6290   91   0.20  -4.39  30.02   888.0  -332.0
 48.4147 18.6290   92   0.20  -4.39  30.02   889.0   223.0
 48.4147 18.6290   93   0.20  -4.39  30.02   881.0   -11.0
 48.4147 18.6290   94   0.20  -4.39  30.02   879.0  -377.0
 48.4147 18.6290   95   0.20  -4.39  30.02   887.0   582.0
 48.4147 18.6290   96   0.20  -4.39  30.02   880.0  -426.0
 48.4147 18.6290   97   0.20  -4.39  30.02   889.0   -39.0
 48.4147 18.6290   98   0.20  -4.39  30.02   881.0  -829.0
 48.4147 18.6290   99   0.20  -4.39  30.02   882.0  -985.0
 48.4147 18.6290  100   0.20  -4.39  30.02   879.0  -287.0
 48.4147 18.6290  101   0.20  -4.39  30.02   879.0  -292.0
 48.4147 18.6290  102   0.20  -4.39  30.02   881.0   -82.0
 48.4147 18.6290  103   0.20  -4.39  30.02   875.0  -136.0
 48.4147 18.6290  104   0.20  -4.39  30.02   890.0  -373.0
 48.4147 18.6290  105   0.20  -4.39  30.02   883.0   280.0
 48.4147 18.6290  106   0.20  -4.39  30.02   882.0  -771.0
 48.4147 18.6290  107   0.20  -4.39  30.02   882.0   -65.0
 48.4147 18.6290  108   0.20  -4.39  30.02   888.0    -1.0
 48.4147 18.6290  109   0.20  -4.39  30.02   883.0  -521.0
 48.4147 18.6290  110   0.20  -4.39  30.02   887.0   129.0
 48.4147 18.6290  111   0.20  -4.39  30.02   877.0  -202.0
 48.4147 18.6290  112   0.20  -4.39  30.02   875.0  1217.0
 48.4147 18.6290  113   0.20  -4.39  30.02   878.0   477.0
 48.4147 18.6290  114   0.20  -4.39  30.02   880.0   -42.0
 48.4147 18.6290  115   0.20  -4.39  30.02   877.0   459.0
 48.4147 18.6290  116   0.20  -4.39  30.02   880.0  -347.0
 48.4147 18.6290  117   0.20  -4.39  30.02   882.0  -538.0
 48.4147 18.6290  118   0.20  -4.39  30.02   886.0   -54.0
 48.4147 18.6290  119   0.20  -4.39  30.02   879.0  -505.0
 48.4147 18.6290  120   0.20  -4.39  30.02   887.0  -534.0
 48.4147 18.6290  121   0.20  -4.39  30.02   885.0   128.0
 48.4147 18.6290  122   0.20  -4.39  30.02   892.0  -378.0
 48.4147 18.6290  123   0.20  -4.39  30.02   886.0    78.0
 48.4147 18.6290  124   0.20  -4.39  30.02   885.0  -683.0
 48.4147 18.6290  125   0.20  -4.39  30.02   878.0   445.0
 48.4147 18.6290  126   0.20  -4.39  30.02   877.0  -620.0
 48.4147 18.6290  127   0.20  -4.39  30.02   883.0     0.0
 48.4147 18.6290  128   0.20  -4.39  30.02   879.0     6.0
 48.4147 18.6290  129   0.20  -4.39  30.02   881.0  -892.0
 48.4147 18.6290  130   0.20  -4.39  30.02   884.0  -293.0
 48.4147 18.6290  131   0.20  -4.39  30.02   879.0  -213.0
 48.4147 18.6290  132   0.20  -4.39  30.02   882.0  -173.0
 48.4147 18.6290  133   0.20  -4.39  30.02   879.0   396.0
 48.4147 18.6290  134   0.20  -4.39  30.02   884.0   215.0
 48.4147 18.6290  135   0.20  -4.39  30.02   885.0  -838.0
 48.4147 18.6290  136   0.20  -4.39  30.02   874.0   613.0
 48.4147 18.6290  137   0.20  -4.39  30.02   883.0  -578.0
 48.4147 18.6290  138   0.20  -4.39  30.02   883.0  -336.0
 48.4147 18.6290  139   0.20  -4.39  30.02   886.0  -735.0
 48.4147 18.6290  140   0.20  -4.39  30.02   880.0   200.0
 48.4146 18.6290  141   0.20  -4.39  30.02   876.0   336.0
 48.4147 18.6290  142   0.20  -4.39  30.02   880.0   -18.0
 48.4147 18.6290  143   0.20  -4.39  30.02   878.0   400.0
 48.4147 18.6290  144   0.20  -4.39  30.02   886.0   785.0
 48.4147 18.6290  145   0.20  -4.39  30.02   883.0   349.0
 48.4147 18.6290  146   0.20  -4.39  30.02   889.0    -5.0
 48.4147 18.6290  147   0.20  -4.39  30.02   883.0 -1058.0
 48.4147 18.6290  148   0.20  -4.39  30.02   882.0  -447.0
 48.4147 18.6290  149   0.20  -4.39  30.02   883.0  -442.0
 48.4147 18.6290  150   0.20  -4.39  30.02   872.0  -121.0
 48.4147 18.6290  151   0.20  -4.39  30.02   880.0  -615.0
 48.4147 18.6290  152   0.20  -4.39  30.02   888.0   692.0
 48.4147 18.6290  153   0.20  -4.39  30.02   883.0  -852.0
 48.4147 18.6290  154   0.20  -4.39  30.02   882.0  -758.0
 48.4147 18.6290  155   0.20  -4.39  30.02   875.0  -317.0
 48.4147 18.6290  156   0.20  -4.39  30.02   882.0   476.0
 48.4147 18.6290  157   0.20  -4.39  30.02   883.0   -84.0
 48.4147 18.6290  158   0.20  -4.39  30.02   879.0   185.0
 48.4147 18.6290  159   0.20  -4.39  30.02   886.0   639.0
 48.4147 18.6290  160   0.20  -4.39  30.02   882.0   -94.0
 48.4147 18.6290  161   0.20  -4.39  30.02   887.0   721.0
 48.4147 18.6290  162   0.20  -4.39  30.02   884.0  -398.0
 48.4147 18.6290  163   0.20  -4.39  30.02   884.0  -840.0
 48.4147 18.6290  164   0.20  -4.39  30.02   878.0   -86.0
 48.4147 18.6290  165   0.20  -4.39  30.02   882.0   729.0
 48.4147 18.6290  166   0.20  -4.39  30.02   878.0   583.0
 48.4147 18.6290  167   0.20  -4.39  30.02   883.0   226.0
 48.4147 18.6290  168   0.20  -4.39  30.02   879.0    24.0
 48.4147 18.6290  169   0.20  -4.39  30.02   889.0   -85.0
 48.4147 18.6290  170   0.20  -4.39  30.02   873.0  -618.0
 48.4147 18.6290  171   0.20  -4.39  30.02   887.0  -584.0
 48.4147 18.6290  172   0.20  -4.39  30.02   884.0   534.0
 48.4147 18.6290  173   0.20  -4.39  30.02   888.0  -178.0
 48.4147 18.6290  174   0.20  -4.39  30.02   873.0  -416.0
 48.4147 18.6290  175   0.20  -4.39  30.02   882.0  -813.0
 48.4147 18.6290  176   0.20  -4.39  30.02   879.0  -497.0
 48.4147 18.6290  177   0.20  -4.39  30.02   879.0   925.0
 48.4147 18.6290  178   0.20  -4.39  30.02   885.0  -715.0
 48.4147 18.6290  179   0.20  -4.39  30.02   889.0  -555.0
 48.4147 18.6290  180   0.20  -4.39  30.02   887.0  -319.0
 48.4147 18.6290  181   0.20  -4.39  30.02   886.0   451.0
 48.4146 18.6290  182   0.20  -4.39  30.02   882.0    30.0
 48.4147 18.6290  183   0.20  -4.39  30.02   893.0   627.0
 48.4146 18.6290  184   0.20  -4.39  30.02   882.0   280.0
 48.4146 18.6290  185   0.20  -4.39  30.02   885.0   205.0
 48.4146 18.6290  186   0.20  -4.39  30.02   881.0   393.0
 48.4146 18.6290  187   0.20  -4.39  30.02   885.0   951.0
 48.4146 18.6290  188   0.20  -4.39  30.02   869.0   329.0
 48.4146 18.6290  189   0.20  -4.39  30.02   879.0  -176.0
 48.4146 18.6290  190   0.20  -4.39  30.02   883.0  -574.0
 48.4146 18.6290  191   0.20  -4.39  30.02   882.0  -592.0
 48.4146 18.6290  192   0.20  -4.39  30.02   881.0   770.0
 48.4146 18.6290  193   0.20  -4.39  30.02   882.0   140.0
 48.4146 18.6290  194   0.20  -4.39  30.02   883.0  -108.0
 48.4146 18.6290  195   0.20  -4.39  30.02   882.0  -350.0
 48.4147 18.6290  196   0.20  -4.39  30.02   885.0  -353.0
 48.4147 18.6290  197   0.20  -4.39  30.02   887.0  -360.0
 48.4147 18.6290  198   0.20  -4.39  30.02   884.0   385.0
 48.4146 18.6290  199   0.20  -4.39  30.02   884.0   552.0
 48.4146 18.6290  200   0.20  -4.39  30.02   884.0   830.0
 48.4146 18.6290  201   0.20  -4.39  30.02   879.0  -979.0
 48.4147 18.6290  202   0.20  -4.39  30.02   885.0   207.0
 48.4147 18.6290  203   0.20  -4.39  30.02   882.0   237.0
 48.4146 18.6290  204   0.20  -4.39  30.02   867.0   233.0
 48.4147 18.6290  205   0.20  -4.39  30.02   883.0  -192.0
 48.4147 18.6290  206   0.20  -4.39  30.02   883.0   422.0
 48.4147 18.6290  207   0.20  -4.39  30.02   883.0   250.0
 48.4147 18.6290  208   0.20  -4.39  30.02   884.0  -636.0
 48.4146 18.6290  209   0.20  -4.39  30.02   885.0   537.0
 48.4146 18.6290  210   0.20  -4.39  30.02   883.0   289.0
 48.4146 18.6290  211   0.20  -4.39  30.02   888.0   -97.0
 48.4146 18.6290  212   0.20  -4.39  30.02   883.0 -1350.0
 48.4147 18.6290  213   0.20  -4.39  30.02   888.0   308.0
 48.4146 18.6290  214   0.20  -4.39  30.02   887.0  -151.0
 48.4147 18.6290  215   0.20  -4.39  30.02   882.0  -551.0
 48.4146 18.6290  216   0.20  -4.39  30.02   877.0   170.0
 48.4147 18.6290  217   0.20  -4.39  30.02   875.0   325.0
 48.4147 18.6290  218   0.20  -4.39  30.02   881.0   800.0
 48.4146 18.6290  219   0.20  -4.39  30.02   882.0  -408.0
 48.4147 18.6290  220   0.20  -4.39  30.02   881.0  -513.0
 48.4147 18.6290  221   0.20  -4.39  30.02   884.0   182.0
 48.4147 18.6290  222   0.20  -4.39  30.02   876.0   612.0
 48.4147 18.6290  223   0.20  -4.39  30.02   879.0   424.0
 48.4147 18.6290  224   0.20  -4.39  30.02   881.0   -89.0
 48.4146 18.6290  225   0.20  -4.39  30.02   875.0   561.0
 48.4147 18.6290  226   0.20  -4.39  30.02   881.0  -402.0
 48.4146 18.6290  227   0.20  -4.39  30.02   885.0   618.0
 48.4146 18.6290  228   0.20  -4.39  30.02   884.0  -284.0
 48.4146 18.6290  229   0.20  -4.39  30.02   884.0  -633.0
 48.4146 18.6290  230   0.20  -4.39  30.02   881.0  -525.0
 48.4146 18.6290  231   0.20  -4.39  30.02   882.0 -1037.0
 48.4146 18.6290  232   0.20  -4.39  30.02   885.0  -950.0
 48.4146 18.6290  233   0.20  -4.39  30.02   893.0   -31.0
 48.4146 18.6290  234   0.20  -4.39  30.02   876.0   369.0
 48.4146 18.6290  235   0.20  -4.39  30.02   880.0   479.0
 48.4146 18.6290  236   0.20  -4.39  30.02   876.0  -403.0
 48.4146 18.6290  237   0.20  -4.39  30.02   885.0  -437.0
 48.4146 18.6290  238   0.20  -4.39  30.02   884.0    88.0
 48.4146 18.6290  239   0.20  -4.39  30.02   877.0   418.0
 48.4146 18.6290  240   0.20  -4.39  30.02   876.0  -356.0
 48.4146 18.6290  241   0.20  -4.39  30.02   877.0  -484.0
 48.4146 18.6290  242   0.20  -4.39  30.02   880.0  -151.0
 48.4147 18.6290  243   0.20  -4.39  30.02   890.0   139.0
 48.4146 18.6290  244   0.20  -4.39  30.02   888.0  -324.0
 48.4146 18.6290  245   0.20  -4.39  30.02   874.0    -2.0
 48.4147 18.6290  246   0.20  -4.39  30.02   883.0   -99.0
 48.4147 18.6290  247   0.20  -4.39  30.02   876.0  -805.0
 48.4147 18.6290  248   0.20  -4.39  30.02   886.0   190.0
 48.4146 18.6290  249   0.20  -4.39  30.02   881.0    54.0
 48.4147 18.6290  250   0.20  -4.39  30.02   882.0   414.0
 48.4146 18.6290  251   0.20  -4.39  30.02   879.0   433.0
 48.4147 18.6290  252   0.20  -4.39  30.02   886.0   746.0
 48.4147 18.6290  253   0.20  -4.39  30.02   886.0  -209.0
 48.4147 18.6290  254   0.20  -4.39  30.02   879.0  -823.0
 48.4147 18.6290  255   0.20  -4.39  30.02   890.0   -91.0
 48.4147 18.6290  256   0.20  -4.39  30.02   881.0  -125.0
 48.4147 18.6290  257   0.20  -4.39  30.02   891.0   709.0
 48.4146 18.6290  258   0.20  -4.39  30.02   883.0  -424.0
 48.4147 18.6290  259   0.20  -4.39  30.02   884.0    99.0
 48.4146 18.6290  260   0.20  -4.39  30.02   888.0   254.0
 48.4147 18.6290  261   0.20  -4.39  30.02   884.0  -307.0
 48.4147 18.6290  262   0.20  -4.39  30.02   882.0   176.0
 48.4146 18.6290  263   0.20  -4.39  30.02   880.0  -129.0
 48.4146 18.6290  264   0.20  -4.39  30.02   884.0     1.0
 48.4147 18.6290  265   0.20  -4.39  30.02   885.0  1247.0
 48.4146 18.6290  266   0.20  -4.39  30.02   885.0    79.0
 48.4146 18.6290  267   0.20  -4.39  30.02   886.0  -221.0
 48.4147 18.6290  268   0.20  -4.39  30.02   886.0   937.0
 48.4147 18.6290  269   0.20  -4.39  30.02   879.0   230.0
 48.4146 18.6290  270   0.20  -4.39  30.02   883.0   -65.0
 48.4146 18.6290  271   0.20  -4.39  30.02   878.0   -90.0
 48.4147 18.6290  272   0.20  -4.39  30.02   878.0   -21.0
 48.4146 18.6290  273   0.20  -4.39  30.02   880.0   695.0
 48.4147 18.6290  274   0.20  -4.39  30.02   879.0  -571.0
 48.4146 18.6290  275   0.20  -4.39  30.02   881.0   340.0
 48.4146 18.6290  276   0.20  -4.39  30.02   891.0  -496.0
 48.4147 18.6290  277   0.20  -4.39  30.02   876.0   512.0
 48.4146 18.6290  278   0.20  -4.39  30.02   884.0   867.0
 48.4146 18.6290  279   0.20  -4.39  30.02   877.0   425.0
 48.4146 18.6290  280   0.20  -4.39  30.02   885.0  -109.0
 48.4146 18.6290  281   0.20  -4.39  30.02   878.0  -174.0
 48.4146 18.6290  282   0.20  -4.39  30.02   879.0  -200.0
 48.4146 18.6290  283   0.20  -4.39  30.02   879.0  -618.0
 48.4146 18.6290  284   0.20  -4.39  30.02   882.0   177.0
 48.4146 18.6290  285   0.20  -4.39  30.02   876.0   190.0
 48.4146 18.6290  286   0.20  -4.39  30.02   881.0  -142.0
 48.4146 18.6290  287   0.20  -4.39  30.02   872.0  -356.0
 48.4146 18.6290  288   0.20  -4.39  30.02   889.0   180.0
 48.4146 18.6290  289   0.20  -4.39  30.02   884.0  -257.0
 48.4146 18.6290  290   0.20  -4.39  30.02   890.0  -488.0
 48.4146 18.6290  291   0.20  -4.39  30.02   884.0   246.0
 48.4146 18.6290  292   0.20  -4.39  30.02   888.0    26.0
 48.4146 18.6290  293   0.20  -4.39  30.02   880.0   939.0
 48.4146 18.6290  294   0.20  -4.39  30.02   875.0  -690.0
 48.4146 18.6290  295   0.20  -4.39  30.02   879.0   572.0
 48.4146 18.6290  296   0.20  -4.39  30.02   890.0  -383.0
 48.4146 18.6290  297   0.20  -4.39  30.02   881.0  -159.0
 48.4146 18.6290  298   0.20  -4.39  30.02   886.0  -169.0
 48.4146 18.6290  299   0.20  -4.39  30.02   885.0  -706.0
 48.4146 18.6290  300   0.20  -4.39  30.02   883.0  -164.0
 48.4146 18.6290  301   0.20  -4.39  30.02   890.0   951.0
 48.4146 18.6290  302   0.20  -4.39  30.02   882.0  -227.0
 48.4146 18.6290  303   0.20  -4.39  30.02   884.0   525.0
 48.4146 18.6290  304   0.20  -4.39  30.02   890.0   828.0
 48.4146 18.6290  305   0.20  -4.39  30.02   879.0    77.0
 48.4146 18.6290  306   0.20  -4.39  30.02   885.0   596.0
 48.4146 18.6290  307   0.20  -4.39  30.02   886.0  -805.0
 48.4146 18.6290  308   0.20  -4.39  30.02   879.0    94.0
 48.4146 18.6290  309   0.20  -4.39  30.02   888.0   -50.0
 48.4146 18.6290  310   0.20  -4.39  30.02   889.0   668.0
 48.4146 18.6290  311   0.20  -4.39  30.02   880.0  -304.0
 48.4146 18.6290  312   0.20  -4.39  30.02   888.0 -1238.0
 48.4146 18.6290  313   0.20  -4.39  30.02   882.0  -832.0
 48.4146 18.6290  314   0.20  -4.39  30.02   884.0  -361.0
 48.4146 18.6290  315   0.20  -4.39  30.02   888.0  -754.0
 48.4146 18.6290  316   0.20  -4.39  30.02   876.0  -226.0
 48.4146 18.6290  317   0.20  -4.39  30.02   886.0  -792.0
 48.4146 18.6290  318   0.20  -4.39  30.02   889.0  -480.0
 48.4146 18.6290  319   0.20  -4.39  30.02   880.0    77.0
 48.4146 18.6290  320   0.20  -4.39  30.02   884.0  -742.0
 48.4146 18.6290  321   0.20  -4.39  30.02   886.0   340.0
 48.4146 18.6290  322   0.20  -4.39  30.02   884.0  -435.0
 48.4146 18.6290  323   0.20  -4.39  30.02   885.0  -738.0
 48.4146 18.6290  324   0.20  -4.39  30.02   878.0  -925.0
 48.4146 18.6290  325   0.20  -4.39  30.02   881.0   639.0
 48.4146 18.6290  326   0.20  -4.39  30.02   877.0   488.0
 48.4146 18.6290  327   0.20  -4.39  30.02   886.0    10.0
 48.4146 18.6290  328   0.20  -4.39  30.02   879.0   658.0
 48.4146 18.6290  329   0.20  -4.39  30.02   892.0  -307.0
 48.4146 18.6290  330   0.20  -4.39  30.02   882.0   288.0
 48.4146 18.6290  331   0.20  -4.39  30.02   882.0  -321.0
 48.4146 18.6290  332   0.20  -4.39  30.02   891.0  -249.0
 48.4146 18.6290  333   0.20  -4.39  30.02   880.0   456.0
 48.4146 18.6290  334   0.20  -4.39  30.02   887.0    44.0
 48.4146 18.6290  335   0.20  -4.39  30.02   884.0    44.0
 48.4146 18.6290  336   0.20  -4.39  30.02   872.0   234.0
 48.4146 18.6290  337   0.20  -4.39  30.02   880.0   757.0
 48.4146 18.6290  338   0.20  -4.39  30.02   881.0   174.0
 48.4146 18.6290  339   0.20  -4.39  30.02   893.0  1176.0
 48.4146 18.6290  340   0.20  -4.39  30.02   886.0  -338.0
 48.4146 18.6290  341   0.20  -4.39  30.02   885.0   -45.0
 48.4146 18.6290  342   0.20  -4.39  30.02   885.0  -371.0
 48.4146 18.6290  343   0.20  -4.39  30.02   878.0  -292.0
 48.4146 18.6290  344   0.20  -4.39  30.02   880.0    67.0
 48.4146 18.6290  345   0.20  -4.39  30.02   881.0   416.0
 48.4146 18.6290  346   0.20  -4.39  30.02   891.0  -176.0
 48.4146 18.6290  347   0.20  -4.39  30.02   889.0  -166.0
 48.4146 18.6290  348   0.20  -4.39  30.02   885.0  -268.0
 48.4146 18.6290  349   0.20  -4.39  30.02   882.0  -170.0
 48.4146 18.6290  350   0.20  -4.39  30.02   885.0  -105.0
 48.4146 18.6290  351   0.20  -4.39  30.02   883.0   -85.0
 48.4146 18.6290  352   0.20  -4.39  30.02   882.0  -225.0
 48.4146 18.6290  353   0.20  -4.39  30.02   882.0  -398.0
 48.4146 18.6290  354   0.20  -4.39  30.02   881.0   203.0
 48.4146 18.6290  355   0.20  -4.39  30.02   879.0    49.0
 48.4146 18.6290  356   0.20  -4.39  30.02   881.0  -285.0
 48.4146 18.6290  357   0.20  -4.39  30.02   879.0   616.0
 48.4146 18.6290  358   0.20  -4.39  30.02   877.0   297.0
 48.4146 18.6290  359   0.20  -4.39  30.02   889.0  -224.0
 48.4146 18.6290  360   0.20  -4.39  30.02   891.0  -266.0
 48.4146 18.6290  361   0.20  -4.39  30.02   891.0  -981.0
 48.4146 18.6290  362   0.20  -4.39  30.02   878.0  -269.0
 48.4146 18.6290  363   0.20  -4.39  30.02   882.0   -52.0
 48.4146 18.6290  364   0.20  -4.39  30.02   882.0   -54.0
 48.4146 18.6290  365   0.20  -4.39  30.02   882.0   552.0
 48.4146 18.6290  366   0.20  -4.39  30.02   875.0  -773.0
 48.4146 18.6290  367   0.20  -4.39  30.02   883.0  -970.0
 48.4146 18.6290  368   0.20  -4.39  30.02   881.0  -495.0
 48.4146 18.6290  369   0.20  -4.39  30.02   881.0   669.0
 48.4146 18.6290  370   0.20  -4.39  30.02   880.0   -15.0
 48.4146 18.6290  371   0.20  -4.39  30.02   879.0   -90.0
 48.4146 18.6290  372   0.20  -4.39  30.02   885.0  -656.0
 48.4146 18.6290  373   0.20  -4.39  30.02   880.0  -256.0
 48.4146 18.6290  374   0.20  -4.39  30.02   880.0  -186.0
 48.4146 18.6290  375   0.20  -4.39  30.02   885.0   203.0
 48.4146 18.6290  376   0.20  -4.39  30.02   884.0   386.0
 48.4146 18.6290  377   0.20  -4.39  30.02   880.0  -316.0
 48.4146 18.6290  378   0.20  -4.39  30.02   882.0   193.0
 48.4146 18.6290  379   0.20  -4.39  30.02   885.0   339.0
 48.4146 18.6290  380   0.20  -4.39  30.02   886.0   670.0
 48.4146 18.6290  381   0.20  -4.39  30.02   889.0   191.0
 48.4146 18.6290  382   0.20  -4.39  30.02   889.0  -580.0
 48.4146 18.6290  383   0.20  -4.39  30.02   886.0    62.0
 48.4146 18.6290  384   0.20  -4.39  30.02   886.0   -46.0
 48.4146 18.6290  385   0.20  -4.39  30.02   875.0  -263.0
 48.4146 18.6290  386   0.20  -4.39  30.02   883.0    29.0
 48.4146 18.6290  387   0.20  -4.39  30.02   885.0  -165.0
 48.4146 18.6290  388   0.20  -4.39  30.02   875.0  -520.0
 48.4146 18.6290  389   0.20  -4.39  30.02   881.0    35.0
 48.4146 18.6290  390   0.20  -4.39  30.02   885.0  -347.0
 48.4146 18.6290  391   0.20  -4.39  30.02   880.0   274.0
 48.4146 18.6290  392   0.20  -4.39  30.02   883.0   818.0
 48.4146 18.6290  393   0.20  -4.39  30.02   878.0  -707.0
 48.4146 18.6290  394   0.20  -4.39  30.02   880.0  -462.0
 48.4146 18.6290  395   0.20  -4.39  30.02   883.0  -261.0
 48.4146 18.6290  396   0.20  -4.39  30.02   878.0   149.0
 48.4146 18.6290  397   0.20  -4.39  30.02   881.0  -318.0
 48.4146 18.6290  398   0.20  -4.39  30.02   884.0   632.0
 48.4146 18.6290  399   0.20  -4.39  30.02   885.0   678.0
 48.4146 18.6290  400   0.20  -4.39  30.02   882.0   498.0
 48.4146 18.6290  401   0.20  -4.39  30.02   884.0   547.0
 48.4146 18.6290  402   0.20  -4.39  30.02   880.0   729.0
 48.4146 18.6290  403   0.20  -4.39  30.02   883.0  -421.0
 48.4146 18.6290  404   0.20  -4.39  30.02   874.0   121.0
 48.4146 18.6290  405   0.20  -4.39  30.02   889.0   565.0
 48.4146 18.6290  406   0.20  -4.39  30.02   878.0   657.0
 48.4146 18.6290  407   0.20  -4.39  30.02   879.0   710.0
 48.4146 18.6290  408   0.20  -4.39  30.02   884.0  -179.0
 48.4146 18.6290  409   0.20  -4.39  30.02   881.0    10.0
 48.4146 18.6290  410   0.20  -4.39  30.02   885.0  -210.0
 48.4146 18.6290  411   0.20  -4.39  30.02   878.0   819.0
 48.4146 18.6290  412   0.20  -4.39  30.02   881.0  -529.0
 48.4146 18.6290  413   0.20  -4.39  30.02   890.0   465.0
 48.4146 18.6290  414   0.20  -4.39  30.02   878.0     0.0
 48.4146 18.6290  415   0.20  -4.39  30.02   880.0  -276.0
 48.4146 18.6290  416   0.20  -4.39  30.02   886.0   -78.0
 48.4146 18.6290  417   0.20  -4.39  30.02   878.0   294.0
 48.4146 18.6290  418   0.20  -4.39  30.02   884.0  -829.0
 48.4146 18.6290  419   0.20  -4.39  30.02   883.0  -675.0
 48.4146 18.6290  420   0.20  -4.39  30.02   878.0  -937.0
 48.4146 18.6290  421   0.20  -4.39  30.02   884.0  -231.0
 48.4146 18.6290  422   0.20  -4.39  30.02   884.0   669.0
 48.4146 18.6290  423   0.20  -4.39  30.02   879.0   174.0
 48.4146 18.6290  424   0.20  -4.39  30.02   879.0   574.0
 48.4146 18.6290  425   0.20  -4.39  30.02   885.0  -223.0
 48.4146 18.6290  426   0.20  -4.39  30.02   879.0  -699.0
 48.4146 18.6290  427   0.20  -4.39  30.02   883.0  -361.0
 48.4146 18.6290  428   0.20  -4.39  30.02   879.0  -706.0
 48.4146 18.6290  429   0.20  -4.39  30.02   884.0   777.0
 48.4146 18.6290  430   0.20  -4.39  30.02   884.0   476.0
 48.4146 18.6290  431   0.20  -4.39  30.02   880.0  -626.0
 48.4146 18.6290  432   0.20  -4.39  30.02   882.0  -967.0
 48.4146 18.6290  433   0.20  -4.39  30.02   890.0   483.0
 48.4146 18.6290  434   0.20  -4.39  30.02   886.0   175.0
 48.4146 18.6290  435   0.20  -4.39  30.02   879.0  -613.0
 48.4146 18.6290  436   0.20  -4.39  30.02   882.0   300.0
 48.4146 18.6290  437   0.20  -4.39  30.02   879.0  -607.0
 48.4146 18.6290  438   0.20  -4.39  30.02   883.0  -391.0
 48.4146 18.6290  439   0.20  -4.39  30.02   878.0  -125.0
 48.4146 18.6290  440   0.20  -4.39  30.02   881.0   755.0
 48.4146 18.6290  441   0.20  -4.39  30.02   881.0   -12.0
 48.4146 18.6290  442   0.20  -4.39  30.02   880.0  -267.0
 48.4146 18.6290  443   0.20  -4.39  30.02   878.0  -659.0
 48.4146 18.6290  444   0.20  -4.39  30.02   883.0   731.0
 48.4146 18.6290  445   0.20  -4.39  30.02   889.0   132.0
 48.4146 18.6290  446   0.20  -4.39  30.02   890.0 -1298.0
 48.4146 18.6290  447   0.20  -4.39  30.02   887.0   515.0
 48.4146 18.6290  448   0.20  -4.39  30.02   882.0  -642.0
 48.4146 18.6290  449   0.20  -4.39  30.02   881.0   385.0
 48.4146 18.6290  450   0.20  -4.39  30.02   890.0  -266.0
 48.4146 18.6290  451   0.20  -4.39  30.02   882.0   334.0
 48.4146 18.6290  452   0.20  -4.39  30.02   885.0  -800.0
 48.4146 18.6290  453   0.20  -4.39  30.02   879.0  -567.0
 48.4146 18.6290  454   0.20  -4.39  30.02   875.0  -456.0
 48.4146 18.6290  455   0.20  -4.39  30.02   879.0   562.0
 48.4146 18.6290  456   0.20  -4.39  30.02   882.0   849.0
 48.4146 18.6290  457   0.20  -4.39  30.02   881.0  -686.0
 48.4146 18.6290  458   0.20  -4.39  30.02   883.0  -360.0
 48.4146 18.6290  459   0.20  -4.39  30.02   884.0   989.0
 48.4146 18.6290  460   0.20  -4.39  30.02   885.0  -582.0
 48.4146 18.6290  461   0.20  -4.39  30.02   873.0  -184.0
 48.4146 18.6290  462   0.20  -4.39  30.02   884.0  -127.0
 48.4146 18.6290  463   0.20  -4.39  30.02   885.0  -103.0
 48.4146 18.6290  464   0.20  -4.39  30.02   879.0   260.0
 48.4146 18.6290  465   0.20  -4.39  30.02   885.0    -4.0
 48.4146 18.6290  466   0.20  -4.39  30.02   879.0   578.0
 48.4146 18.6290  467   0.20  -4.39  30.02   878.0  -366.0
 48.4146 18.6290  468   0.20  -4.39  30.02   876.0   289.0
 48.4146 18.6290  469   0.20  -4.39  30.02   881.0   238.0
 48.4146 18.6290  470   0.20  -4.39  30.02   879.0 -1241.0
 48.4146 18.6290  471   0.20  -4.39  30.02   883.0   535.0
 48.4146 18.6290  472   0.20  -4.39  30.02   880.0   356.0
 48.4146 18.6290  473   0.20  -4.39  30.02   875.0     2.0
 48.4146 18.6290  474   0.20  -4.39  30.02   881.0  -379.0
 48.4146 18.6290  475   0.20  -4.39  30.02   880.0  -635.0
 48.4146 18.6290  476   0.20  -4.39  30.02   884.0   550.0
 48.4146 18.6290  477   0.20  -4.39  30.02   881.0  -297.0
 48.4146 18.6290  478   0.20  -4.39  30.02   884.0   801.0
 48.4146 18.6290  479   0.20  -4.39  30.02   880.0  -689.0
 48.4146 18.6290  480   0.20  -4.39  30.02   879.0   188.0
 48.4146 18.6290  481   0.20  -4.39  30.02   891.0   418.0
 48.4146 18.6290  482   0.20  -4.39  30.02   886.0   -95.0
 48.4146 18.6290  483   0.20  -4.39  30.02   882.0   221.0
 48.4146 18.6290  484   0.20  -4.39  30.02   878.0  -362.0
 48.4146 18.6290  485   0.20  -4.39  30.02   878.0   331.0
 48.4146 18.6290  486   0.20  -4.39  30.02   879.0  -132.0
 48.4146 18.6290  487   0.20  -4.39  30.02   880.0  1031.0
 48.4146 18.6290  488   0.20  -4.39  30.02   880.0  -217.0
 48.4146 18.6290  489   0.20  -4.39  30.02   884.0  -116.0
 48.4146 18.6290  490   0.20  -4.39  30.02   883.0  -115.0
 48.4146 18.6290  491   0.20  -4.39  30.02   888.0   219.0
 48.4146 18.6290  492   0.20  -4.39  30.02   881.0   264.0
 48.4146 18.6290  493   0.20  -4.39  30.02   881.0   183.0
 48.4146 18.6290  494   0.20  -4.39  30.02   881.0    99.0
 48.4146 18.6290  495   0.20  -4.39  30.02   887.0   -19.0
 48.4146 18.6290  496   0.20  -4.39  30.02   882.0  -729.0
 48.4146 18.6290  497   0.20  -4.39  30.02   887.0  -536.0
 48.4146 18.6290  498   0.20  -4.39  30.02   879.0  -518.0
 48.4146 18.6290  499   0.20  -4.39  30.02   882.0  -133.0
 48.4146 18.6290  500   0.20  -4.39  30.02   882.0    33.0
 48.4146 18.6290  501   0.20  -4.39  30.02   881.0  -426.0
 48.4146 18.6290  502   0.20  -4.39  30.02   886.0  -918.0
 48.4146 18.6290  503   0.20  -4.39  30.02   888.0  -149.0
 48.4146 18.6290  504   0.20  -4.39  30.02   885.0  -923.0
 48.4146 18.6290  505   0.20  -4.39  30.02   880.0    10.0
 48.4146 18.6290  506   0.20  -4.39  30.02   879.0  -103.0
 48.4146 18.6290  507   0.20  -4.39  30.02   883.0   750.0
 48.4146 18.6290  508   0.20  -4.39  30.02   878.0   411.0
 48.4146 18.6290  509   0.20  -4.39  30.02   884.0   418.0
 48.4146 18.6290  510   0.20  -4.39  30.02   885.0  -455.0
 48.4146 18.6290  511   0.20  -4.39  30.02   882.0  -555.0
 48.4146 18.6290  512   0.20  -4.39  30.02   877.0  -290.0
 48.4146 18.6290  513   0.20  -4.39  30.02   883.0  -639.0
 48.4146 18.6290  514   0.20  -4.39  30.02   876.0     2.0
 48.4146 18.6290  515   0.20  -4.39  30.02   880.0  -900.0
 48.4146 18.6290  516   0.20  -4.39  30.02   877.0    95.0
 48.4146 18.6290  517   0.20  -4.39  30.02   882.0  -631.0
 48.4146 18.6290  518   0.20  -4.39  30.02   883.0  -301.0
 48.4146 18.6290  519   0.20  -4.39  30.02   880.0   -30.0
 48.4146 18.6290  520   0.20  -4.39  30.02   876.0  -630.0
 48.4146 18.6290  521   0.20  -4.39  30.02   885.0    53.0
 48.4146 18.6290  522   0.20  -4.39  30.02   881.0   125.0
 48.4146 18.6290  523   0.20  -4.39  30.02   872.0  -444.0
 48.4146 18.6290  524   0.20  -4.39  30.02   883.0   789.0
 48.4146 18.6290  525   0.20  -4.39  30.02   877.0  -397.0
 48.4146 18.6290  526   0.20  -4.39  30.02   876.0  -200.0
 48.4146 18.6290  527   0.20  -4.39  30.02   882.0   -23.0
 48.4146 18.6290  528   0.20  -4.39  30.02   888.0  -375.0
 48.4146 18.6290  529   0.20  -4.39  30.02   878.0    -7.0
 48.4146 18.6290  530   0.20  -4.39  30.02   879.0  -515.0
 48.4146 18.6290  531   0.20  -4.39  30.02   875.0   687.0
 48.4146 18.6290  532   0.20  -4.39  30.02   877.0  -976.0
 48.4146 18.6290  533   0.20  -4.39  30.02   885.0    63.0
 48.4146 18.6290  534   0.20  -4.39  30.02   883.0  -141.0
 48.4146 18.6290  535   0.20  -4.39  30.02   879.0   663.0
 48.4146 18.6290  536   0.20  -4.39  30.02   886.0  -168.0
 48.4146 18.6290  537   0.20  -4.39  30.02   881.0  -355.0
 48.4146 18.6290  538   0.20  -4.39  30.02   884.0  -151.0
 48.4146 18.6290  539   0.20  -4.39  30.02   877.0   376.0
 48.4146 18.6290  540   0.20  -4.39  30.02   879.0     4.0
 48.4146 18.6290  541   0.20  -4.39  30.02   882.0   253.0
 48.4146 18.6290  542   0.20  -4.39  30.02   883.0   864.0
 48.4146 18.6290  543   0.20  -4.39  30.02   893.0   395.0
 48.4146 18.6290  544   0.20  -4.39  30.02   880.0  -156.0
 48.4146 18.6290  545   0.20  -4.39  30.02   885.0  -563.0
 48.4146 18.6290  546   0.20  -4.39  30.02   879.0    14.0
 48.4146 18.6290  547   0.20  -4.39  30.02   878.0  -301.0
 48.4146 18.6290  548   0.20  -4.39  30.02   881.0   488.0
 48.4146 18.6290  549   0.20  -4.39  30.02   870.0  -223.0
 48.4146 18.6290  550   0.20  -4.39  30.02   875.0  -488.0
 48.4146 18.6290  551   0.20  -4.39  30.02   880.0  -580.0
 48.4146 18.6290  552   0.20  -4.39  30.02   879.0  -178.0
 48.4146 18.6290  553   0.20  -4.39  30.02   882.0  -119.0
 48.4146 18.6290  554   0.20  -4.39  30.02   883.0   -49.0
 48.4146 18.6290  555   0.20  -4.39  30.02   884.0   392.0
 48.4146 18.6290  556   0.20  -4.39  30.02   874.0  -563.0
 48.4146 18.6290  557   0.20  -4.39  30.02   878.0  -287.0
 48.4146 18.6290  558   0.20  -4.39  30.02   876.0  -585.0
 48.4146 18.6290  559   0.20  -4.39  30.02   885.0   843.0
 48.4146 18.6290  560   0.20  -4.39  30.02   885.0   549.0
 48.4146 18.6290  561   0.20  -4.39  30.02   876.0   564.0
 48.4146 18.6290  562   0.20  -4.39  30.02   878.0    16.0
 48.4146 18.6290  563   0.20  -4.39  30.02   878.0  -479.0
 48.4146 18.6290  564   0.20  -4.39  30.02   887.0   292.0
 48.4146 18.6290  565   0.20  -4.39  30.02   881.0   238.0
 48.4146 18.6290  566   0.20  -4.39  30.02   881.0  -270.0
 48.4146 18.6290  567   0.20  -4.39  30.02   873.0   855.0
 48.4146 18.6290  568   0.20  -4.39  30.02   879.0   -84.0
 48.4146 18.6290  569   0.20  -4.39  30.02   880.0   923.0
 48.4146 18.6290  570   0.20  -4.39  30.02   872.0  -980.0
 48.4146 18.6290  571   0.20  -4.39  30.02   878.0  -784.0
 48.4146 18.6290  572   0.20  -4.39  30.02   879.0  -369.0
 48.4146 18.6290  573   0.20  -4.39  30.02   881.0   547.0
 48.4146 18.6290  574   0.20  -4.39  30.02   881.0  -166.0
 48.4146 18.6290  575   0.20  -4.39  30.02   895.0   390.0
 48.4146 18.6290  576   0.20  -4.39  30.02   877.0   102.0
 48.4146 18.6290  577   0.20  -4.39  30.02   878.0  -921.0
 48.4146 18.6290  578   0.20  -4.39  30.02   874.0  -146.0
 48.4146 18.6290  579   0.20  -4.39  30.02   883.0  -867.0
 48.4146 18.6290  580   0.20  -4.39  30.02   879.0  -266.0
 48.4146 18.6290  581   0.20  -4.39  30.02   880.0   936.0
 48.4146 18.6290  582   0.20  -4.39  30.02   883.0  -417.0
 48.4146 18.6290  583   0.20  -4.39  30.02   878.0  -477.0
 48.4146 18.6290  584   0.20  -4.39  30.02   879.0   253.0
 48.4146 18.6290  585   0.20  -4.39  30.02   880.0  -662.0
 48.4146 18.6290  586   0.20  -4.39  30.02   878.0  -483.0
 48.4146 18.6290  587   0.20  -4.39  30.02   881.0  -537.0
 48.4146 18.6290  588   0.20  -4.39  30.02   882.0   -41.0
 48.4146 18.6290  589   0.20  -4.39  30.02   874.0   173.0
 48.4146 18.6290  590   0.20  -4.39  30.02   881.0 -1045.0
 48.4146 18.6290  591   0.20  -4.39  30.02   885.0   121.0
 48.4146 18.6290  592   0.20  -4.39  30.02   881.0  -813.0
 48.4146 18.6290  593   0.20  -4.39  30.02   879.0  -449.0
 48.4146 18.6290  594   0.20  -4.39  30.02   885.0  -239.0
 48.4146 18.6290  595   0.20  -4.39  30.02   873.0  -436.0
 48.4146 18.6290  596   0.20  -4.39  30.02   887.0  -207.0
 48.4146 18.6290  597   0.20  -4.39  30.02   872.0  -909.0
 48.4146 18.6290  598   0.20  -4.39  30.02   874.0    75.0
 48.4146 18.6290  599   0.20  -4.39  30.02   889.0  -422.0
 48.4146 18.6290  600   0.20  -4.39  30.02   881.0  -210.0
 48.4146 18.6290  601   0.20  -4.39  30.02   879.0  -529.0
 48.4146 18.6290  602   0.20  -4.39  30.02   880.0   896.0
 48.4146 18.6290  603   0.20  -4.39  30.02   879.0   392.0
 48.4146 18.6290  604   0.20  -4.39  30.02   875.0   366.0
 48.4146 18.6290  605   0.20  -4.39  30.02   886.0  -414.0
 48.4146 18.6290  606   0.20  -4.39  30.02   880.0  -315.0
 48.4146 18.6290  607   0.20  -4.39  30.02   869.0    21.0
 48.4146 18.6290  608   0.20  -4.39  30.02   884.0    12.0
 48.4146 18.6290  609   0.20  -4.39  30.02   886.0  -393.0
 48.4146 18.6290  610   0.20  -4.39  30.02   877.0   150.0
 48.4146 18.6290  611   0.20  -4.39  30.02   870.0 -1011.0
 48.4146 18.6290  612   0.20  -4.39  30.02   881.0    23.0
 48.4146 18.6290  613   0.20  -4.39  30.02   886.0   336.0
 48.4146 18.6290  614   0.20  -4.39  30.02   878.0   681.0
 48.4146 18.6290  615   0.20  -4.39  30.02   878.0   354.0
 48.4146 18.6290  616   0.20  -4.39  30.02   884.0  -349.0
 48.4146 18.6290  617   0.20  -4.39  30.02   879.0   242.0
 48.4146 18.6290  618   0.20  -4.39  30.02   887.0   603.0
 48.4146 18.6290  619   0.20  -4.39  30.02   882.0   256.0
 48.4146 18.6290  620   0.20  -4.39  30.02   878.0  -182.0
 48.4146 18.6290  621   0.20  -4.39  30.02   887.0   -66.0
 48.4146 18.6290  622   0.20  -4.39  30.02   879.0   236.0
 48.4146 18.6290  623   0.20  -4.39  30.02   875.0  -571.0
 48.4146 18.6290  624   0.20  -4.39  30.02   881.0  -219.0
 48.4146 18.6290  625   0.20  -4.39  30.02   883.0   406.0
 48.4146 18.6290  626   0.20  -4.39  30.02   882.0    32.0
 48.4146 18.6290  627   0.20  -4.39  30.02   882.0   247.0
 48.4146 18.6290  628   0.20  -4.39  30.02   891.0    72.0
 48.4146 18.6290  629   0.20  -4.39  30.02   885.0  -571.0
 48.4146 18.6290  630   0.20  -4.39  30.02   879.0   560.0
 48.4146 18.6290  631   0.20  -4.39  30.02   880.0   115.0
 48.4146 18.6290  632   0.20  -4.39  30.02   886.0  -365.0
 48.4146 18.6290  633   0.20  -4.39  30.02   878.0  -648.0
 48.4146 18.6290  634   0.20  -4.39  30.02   880.0  -351.0
 48.4146 18.6290  635   0.20  -4.39  30.02   878.0   464.0
 48.4146 18.6290  636   0.20  -4.39  30.02   887.0  -593.0
 48.4146 18.6290  637   0.20  -4.39  30.02   884.0   205.0
 48.4146 18.6290  638   0.20  -4.39  30.02   884.0  -394.0
 48.4146 18.6290  639   0.20  -4.39  30.02   886.0  1003.0
 48.4146 18.6290  640   0.20  -4.39  30.02   881.0  -585.0
 48.4146 18.6290  641   0.20  -4.39  30.02   881.0   286.0
 48.4146 18.6290  642   0.20  -4.39  30.02   880.0   686.0
 48.4146 18.6290  643   0.20  -4.39  30.02   888.0   683.0
 48.4146 18.6290  644   0.20  -4.39  30.02   880.0  -736.0
 48.4146 18.6290  645   0.20  -4.39  30.02   879.0   376.0
 48.4146 18.6290  646   0.20  -4.39  30.02   882.0   621.0
 48.4146 18.6290  647   0.20  -4.39  30.02   876.0   520.0
 48.4146 18.6290  648   0.20  -4.39  30.02   882.0 -1201.0
 48.4146 18.6290  649   0.20  -4.39  30.02   873.0  -331.0
 48.4146 18.6290  650   0.20  -4.39  30.02   875.0   356.0
 48.4146 18.6290  651   0.20  -4.39  30.02   882.0   183.0
 48.4146 18.6290  652   0.20  -4.39  30.02   876.0   454.0
 48.4146 18.6290  653   0.20  -4.39  30.02   880.0   343.0
 48.4146 18.6290  654   0.20  -4.39  30.02   882.0   703.0
 48.4146 18.6290  655   0.20  -4.39  30.02   878.0  -212.0
 48.4146 18.6290  656   0.20  -4.39  30.02   879.0  -263.0
 48.4146 18.6290  657   0.20  -4.39  30.02   877.0  -416.0
 48.4146 18.6290  658   0.20  -4.39  30.02   882.0  -844.0
 48.4146 18.6290  659   0.20  -4.39  30.02   876.0  -145.0
 48.4146 18.6290  660   0.20  -4.39  30.02   882.0   670.0
 48.4146 18.6290  661   0.20  -4.39  30.02   880.0    86.0
 48.4146 18.6290  662   0.20  -4.39  30.02   886.0  -300.0
 48.4146 18.6290  663   0.20  -4.39  30.02   879.0   441.0
 48.4146 18.6290  664   0.20  -4.39  30.02   881.0    85.0
 48.4146 18.6290  665   0.20  -4.39  30.02   880.0   601.0
 48.4146 18.6290  666   0.20  -4.39  30.02   883.0  -813.0
 48.4146 18.6290  667   0.20  -4.39  30.02   882.0   758.0
 48.4146 18.6290  668   0.20  -4.39  30.02   881.0  -441.0
 48.4146 18.6290  669   0.20  -4.39  30.02   879.0   865.0
 48.4146 18.6290  670   0.20  -4.39  30.02   877.0  -324.0
 48.4146 18.6290  671   0.20  -4.39  30.02   876.0  -601.0
 48.4146 18.6290  672   0.20  -4.39  30.02   884.0   575.0
 48.4146 18.6290  673   0.20  -4.39  30.02   875.0  -626.0
 48.4146 18.6290  674   0.20  -4.39  30.02   876.0  1289.0
 48.4146 18.6290  675   0.20  -4.39  30.02   884.0  -256.0
 48.4146 18.6290  676   0.20  -4.39  30.02   884.0  -356.0
 48.4146 18.6290  677   0.20  -4.39  30.02   881.0    82.0
 48.4146 18.6290  678   0.20  -4.39  30.02   886.0   434.0
 48.4146 18.6290  679   0.20  -4.39  30.02   880.0   106.0
 48.4146 18.6290  680   0.20  -4.39  30.02   881.0  -140.0
 48.4146 18.6290  681   0.20  -4.39  30.02   883.0  -136.0
 48.4146 18.6290  682   0.20  -4.39  30.02   869.0   100.0
 48.4146 18.6290  683   0.20  -4.39  30.02   882.0  -106.0
 48.4146 18.6290  684   0.20  -4.39  30.02   885.0  -237.0
 48.4146 18.6290  685   0.20  -4.39  30.02   876.0  -967.0
 48.4146 18.6290  686   0.20  -4.39  30.02   878.0  -143.0
 48.4146 18.6290  687   0.20  -4.39  30.02   882.0  -272.0
 48.4146 18.6290  688   0.20  -4.39  30.02   881.0  -495.0
 48.4146 18.6290  689   0.20  -4.39  30.02   881.0   151.0
 48.4146 18.6290  690   0.20  -4.39  30.02   895.0   259.0
 48.4146 18.6290  691   0.20  -4.39  30.02   879.0  -184.0
 48.4146 18.6290  692   0.20  -4.39  30.02   880.0   125.0
 48.4146 18.6290  693   0.20  -4.39  30.02   886.0   436.0
 48.4146 18.6290  694   0.20  -4.39  30.02   877.0   445.0
 48.4146 18.6290  695   0.20  -4.39  30.02   883.0    23.0
 48.4146 18.6290  696   0.20  -4.39  30.02   886.0   274.0
 48.4146 18.6290  697   0.20  -4.39  30.02   881.0   161.0
 48.4146 18.6290  698   0.20  -4.39  30.02   873.0  -611.0
 48.4146 18.6290  699   0.20  -4.39  30.02   884.0   597.0
 48.4146 18.6290  700   0.20  -4.39  30.02   879.0   655.0
 48.4146 18.6290  701   0.20  -4.39  30.02   882.0   213.0
 48.4146 18.6290  702   0.20  -4.39  30.02   877.0  -200.0
 48.4146 18.6290  703   0.20  -4.39  30.02   880.0  -294.0
 48.4146 18.6290  704   0.20  -4.39  30.02   886.0   264.0
 48.4146 18.6290  705   0.20  -4.39  30.02   877.0    85.0
 48.4146 18.6290  706   0.20  -4.39  30.02   888.0   241.0
 48.4146 18.6290  707   0.20  -4.39  30.02   881.0   406.0
 48.4146 18.6290  708   0.20  -4.39  30.02   877.0   291.0
 48.4146 18.6290  709   0.20  -4.39  30.02   874.0  -167.0
 48.4146 18.6290  710   0.20  -4.39  30.02   881.0   153.0
 48.4146 18.6290  711   0.20  -4.39  30.02   882.0  -760.0
 48.4146 18.6290  712   0.20  -4.39  30.02   876.0  -724.0
 48.4146 18.6290  713   0.20  -4.39  30.02   885.0   742.0
 48.4146 18.6290  714   0.20  -4.39  30.02   875.0  -103.0
 48.4146 18.6290  715   0.20  -4.39  30.02   884.0  -372.0
 48.4146 18.6290  716   0.20  -4.39  30.02   880.0  -766.0
 48.4146 18.6290  717   0.20  -4.39  30.02   874.0   467.0
 48.4146 18.6290  718   0.20  -4.39  30.02   881.0  -289.0
 48.4146 18.6290  719   0.20  -4.39  30.02   878.0   308.0
 48.4146 18.6290  720   0.20  -4.39  30.02   883.0    11.0
 48.4146 18.6290  721   0.20  -4.39  30.02   894.0   117.0
 48.4146 18.6290  722   0.20  -4.39  30.02   887.0   -88.0
 48.4146 18.6290  723   0.20  -4.39  30.02   883.0  -353.0
 48.4146 18.6290  724   0.20  -4.39  30.02   877.0  -319.0
 48.4146 18.6290  725   0.20  -4.39  30.02   878.0  -356.0
 48.4146 18.6290  726   0.20  -4.39  30.02   876.0   124.0
 48.4146 18.6290  727   0.20  -4.39  30.02   883.0  -519.0
 48.4146 18.6290  728   0.20  -4.39  30.02   877.0  -649.0
 48.4146 18.6290  729   0.20  -4.39  30.02   894.0  -286.0
 48.4146 18.6290  730   0.20  -4.39  30.02   878.0   -52.0
 48.4146 18.6290  731   0.20  -4.39  30.02   875.0     5.0
 48.4146 18.6290  732   0.20  -4.39  30.02   884.0    16.0
 48.4146 18.6290  733   0.20  -4.39  30.02   884.0   190.0
 48.4146 18.6290  734   0.20  -4.39  30.02   884.0   508.0
 48.4146 18.6290  735   0.20  -4.39  30.02   886.0  -480.0
 48.4146 18.6290  736   0.20  -4.39  30.02   875.0   724.0
 48.4146 18.6290  737   0.20  -4.39  30.02   885.0   203.0
 48.4146 18.6290  738   0.20  -4.39  30.02   883.0 -1169.0
 48.4146 18.6290  739   0.20  -4.39  30.02   884.0   110.0
 48.4146 18.6290  740   0.20  -4.39  30.02   872.0  -101.0
 48.4146 18.6290  741   0.20  -4.39  30.02   881.0  -155.0
 48.4146 18.6290  742   0.20  -4.39  30.02   879.0   635.0
 48.4146 18.6290  743   0.20  -4.39  30.02   884.0   221.0
 48.4146 18.6290  744   0.20  -4.39  30.02   884.0    50.0
 48.4146 18.6290  745   0.20  -4.39  30.02   884.0   604.0
 48.4146 18.6290  746   0.20  -4.39  30.02   878.0  -377.0
 48.4146 18.6290  747   0.20  -4.39  30.02   876.0    63.0
 48.4146 18.6290  748   0.20  -4.39  30.02   886.0   225.0
 48.4146 18.6290  749   0.20  -4.39  30.02   877.0    39.0
 48.4146 18.6290  750   0.20  -4.39  30.02   883.0  -907.0
 48.4146 18.6290  751   0.20  -4.39  30.02   885.0   673.0
 48.4146 18.6290  752   0.20  -4.39  30.02   880.0   474.0
 48.4146 18.6290  753   0.20  -4.39  30.02   880.0  -165.0
 48.4146 18.6290  754   0.20  -4.39  30.02   881.0  1047.0
 48.4146 18.6290  755   0.20  -4.39  30.02   879.0  -186.0
 48.4146 18.6290  756   0.20  -4.39  30.02   878.0  -253.0
 48.4147 18.6289  757   0.20  -4.39  30.02   884.0  -318.0
 48.4148 18.6289  758   0.20  -4.39  30.02   879.0  -477.0
 48.4148 18.6289  759   0.20  -4.39  30.02   877.0  -355.0
 48.4148 18.6289  760   0.20  -4.39  30.02   878.0 -1714.0
 48.4148 18.6289  761   0.20  -4.39  30.02   882.0   193.0
 48.4148 18.6289  762   0.20  -4.39  30.02   890.0  -100.0
 48.4148 18.6289  763   0.20  -4.39  30.02   889.0  -292.0
 48.4148 18.6289  764   0.20  -4.39  30.02   879.0   407.0
 48.4148 18.6289  765   0.20  -4.39  30.02   885.0  -342.0
 48.4148 18.6289  766   0.20  -4.39  30.02   879.0  -235.0
 48.4148 18.6289  767   0.20  -4.39  30.02   882.0   185.0
 48.4148 18.6289  768   0.20  -4.39  30.02   880.0   522.0
 48.4148 18.6289  769   0.20  -4.39  30.02   882.0  -134.0
 48.4148 18.6289  770   0.20  -4.39  30.02   876.0  -153.0
 48.4148 18.6289  771   0.20  -4.39  30.02   876.0     0.0
 48.4148 18.6289  772   0.20  -4.39  30.02   879.0   359.0
 48.4148 18.6289  773   0.20  -4.39  30.02   876.0  -138.0
 48.4148 18.6289  774   0.20  -4.39  30.02   881.0   142.0
 48.4148 18.6289  775   0.20  -4.39  30.02   883.0    93.0
 48.4148 18.6289  776   0.20  -4.39  30.02   891.0  -515.0
 48.4148 18.6289  777   0.20  -4.39  30.02   881.0  -909.0
 48.4148 18.6289  778   0.20  -4.39  30.02   875.0  -474.0
 48.4148 18.6289  779   0.20  -4.39  30.02   877.0  -108.0
 48.4148 18.6289  780   0.20  -4.39  30.02   883.0  -382.0
 48.4148 18.6289  781   0.20  -4.39  30.02   884.0   761.0
 48.4148 18.6289  782   0.20  -4.39  30.02   885.0   504.0
 48.4148 18.6289  783   0.20  -4.39  30.02   879.0  -536.0
 48.4148 18.6289  784   0.20  -4.39  30.02   878.0  -736.0
 48.4150 18.6289  785   0.20  -4.39  30.02   873.0   117.0
 48.4149 18.6289  786   0.20  -4.39  30.02   881.0   -73.0
 48.4149 18.6289  787   0.20  -4.39  30.02   879.0  -107.0
 48.4149 18.6289  788   0.20  -4.39  30.02   886.0   709.0
 48.4149 18.6289  789   0.20  -4.39  30.02   881.0  -750.0
 48.4149 18.6288  790   0.20  -4.39  30.02   883.0  -839.0
 48.4149 18.6288  791   0.20  -4.39  30.02   880.0   660.0
 48.4149 18.6288  792   0.20  -4.39  30.02   880.0  -340.0
 48.4149 18.6288  793   0.20  -4.39  30.02   882.0  -715.0
 48.4149 18.6288  794   0.20  -4.39  30.02   886.0   390.0
 48.4149 18.6288  795   0.20  -4.39  30.02   880.0  1079.0
 48.4149 18.6288  796   0.20  -4.39  30.02   880.0  -566.0
 48.4149 18.6288  797   0.20  -4.39  30.02   876.0  -490.0
 48.4149 18.6288  798   0.20  -4.39  30.02   874.0   569.0
 48.4149 18.6288  799   0.20  -4.39  30.02   885.0  -536.0
 48.4149 18.6288  800   0.20  -4.39  30.02   885.0  -781.0
 48.4149 18.6288  801   0.20  -4.39  30.02   882.0 -1100.0
 48.4149 18.6288  802   0.20  -4.39  30.02   888.0  -929.0
 48.4149 18.6289  803   0.20  -4.39  30.02   882.0  -659.0
 48.4149 18.6288  804   0.20  -4.39  30.02   877.0   757.0
 48.4149 18.6288  805   0.20  -4.39  30.02   877.0   737.0
 48.4149 18.6288  806   0.20  -4.39  30.02   881.0  -259.0
 48.4149 18.6288  807   0.20  -4.39  30.02   887.0    66.0
 48.4149 18.6288  808   0.20  -4.39  30.02   886.0 -1801.0
 48.4149 18.6288  809   0.20  -4.39  30.02   878.0   302.0
 48.4149 18.6288  810   0.20  -4.39  30.02   882.0   285.0
 48.4149 18.6288  811   0.20  -4.39  30.02   873.0   566.0
 48.4148 18.6288  812   0.20  -4.39  30.02   886.0  -688.0
 48.4077 18.6288  813   0.20  -4.39  30.02   869.0   -48.0
 48.3569 18.6288  814   0.20  -4.39  30.02   717.0   562.0
 48.2267 18.6289  815   0.20  -4.39  30.02   256.0  -415.0
 48.0918 18.6289  816   0.20  -4.39  30.02   133.0    -1.0
 48.0368 18.6288  817   0.20  -4.39  30.02    49.0  -266.0
 48.0250 18.6288  818   0.20  -4.39  30.02    19.0  -805.0
 48.0212 18.6288  819   0.20  -4.39  30.02    23.0  -241.0
 48.0196 18.6288  820   0.20  -4.39  30.02    43.0  -200.0
 48.0188 18.6288  821   0.20  -4.39  30.02    45.0   -68.0
 48.0185 18.6289  822   0.20  -4.39  30.02    54.0   130.0
 48.0183 18.6289  823   0.20  -4.39  30.02    39.0  -225.0
 48.0182 18.6289  824   0.20  -4.39  30.02    48.0  -370.0
 48.0182 18.6289  825   0.20  -4.39  30.02    35.0  -854.0
 48.0182 18.6288  826   0.20  -4.39  30.02    34.0  -974.0
 48.0182 18.6289  827   0.20  -4.39  30.02    49.0  -698.0
 48.0182 18.6289  828   0.20  -4.39  30.02    38.0   -52.0
 48.0182 18.6289  829   0.20  -4.39  30.02    45.0  -222.0
 48.0182 18.6289  830   0.20  -4.39  30.02    36.0  -276.0
 48.0182 18.6289  831   0.20  -4.39  30.02    42.0   507.0
 48.0182 18.6290  832   0.20  -4.39  30.02    42.0   290.0
 48.0182 18.6289  833   0.20  -4.39  30.02    42.0     3.0
 48.0182 18.6289  834   0.20  -4.39  30.02    34.0   619.0
 48.0182 18.6290  835   0.20  -4.39  30.02    37.0   105.0
 48.0182 18.6290  836   0.20  -4.39  30.02    38.0    74.0
 48.0182 18.6290  837   0.20  -4.39  30.02    54.0   542.0
 48.0182 18.6290  838   0.20  -4.39  30.02    48.0  -439.0
 48.0182 18.6290  839   0.20  -4.39  30.02    44.0  -206.0
 48.0182 18.6290  840   0.20  -4.39  30.02    37.0  -234.0
 48.0182 18.6290  841   0.20  -4.39  30.02    37.0  -458.0
 48.0182 18.6290  842   0.20  -4.39  30.02    38.0   215.0
 48.0182 18.6290  843   0.20  -4.39  30.02    32.0   296.0
 48.0182 18.6290  844   0.20  -4.39  30.02    45.0     4.0
 48.0183 18.6290  845   0.20  -4.39  30.02    51.0  -410.0
 48.0183 18.6290  846   0.20  -4.39  30.02    34.0   241.0
 48.0182 18.6291  847   0.20  -4.39  30.02    39.0  -671.0
 48.0182 18.6291  848   0.20  -4.39  30.02    44.0  -221.0
 48.0183 18.6291  849   0.20  -4.39  30.02    38.0  -297.0
 48.0183 18.6290  850   0.20  -4.39  30.02    37.0  -803.0
 48.0183 18.6290  851   0.20  -4.39  30.02    47.0  -152.0
 48.0182 18.6290  852   0.20  -4.39  30.02    44.0  -418.0
 48.0182 18.6290  853   0.20  -4.39  30.02    47.0  -844.0
 48.0182 18.6291  854   0.20  -4.39  30.02    39.0   747.0
 48.0182 18.6290  855   0.20  -4.39  30.02    40.0   254.0
 48.0183 18.6290  856   0.20  -4.39  30.02    28.0   608.0
 48.0182 18.6290  857   0.20  -4.39  30.02    47.0  -472.0
 48.0182 18.6291  858   0.20  -4.39  30.02    34.0  -260.0
 48.0183 18.6290  859   0.20  -4.39  30.02    37.0  -818.0
 48.0183 18.6290  860   0.20  -4.39  30.02    33.0   648.0
 48.0182 18.6291  861   0.20  -4.39  30.02    42.0    14.0
 48.0183 18.6290  862   0.20  -4.39  30.02    28.0   207.0
 48.0183 18.6290  863   0.20  -4.39  30.02    43.0   254.0
 48.0182 18.6290  864   0.20  -4.39  30.02    40.0  -561.0
 48.0182 18.6290  865   0.20  -4.39  30.02    32.0  -266.0
 48.0182 18.6290  866   0.20  -4.39  30.02    40.0  -661.0
 48.0182 18.6291  867   0.20  -4.39  30.02    30.0   594.0
 48.0183 18.6290  868   0.20  -4.39  30.02    41.0    94.0
 48.0182 18.6290  869   0.20  -4.39  30.02    42.0   404.0
 48.0182 18.6291  870   0.20  -4.39  30.02    41.0   235.0
 48.0183 18.6290  871   0.20  -4.39  30.02    43.0  -174.0
 48.0182 18.6290  872   0.20  -4.39  30.02    37.0  -488.0
 48.0183 18.6290  873   0.20  -4.39  30.02    47.0  -320.0
 48.0183 18.6290  874   0.20  -4.39  30.02    36.0   477.0
 48.0182 18.6290  875   0.20  -4.39  30.02    38.0  -741.0
 48.0183 18.6290  876   0.20  -4.39  30.02    43.0  -519.0
 48.0182 18.6290  877   0.20  -4.39  30.02    36.0  1329.0
 48.0182 18.6290  878   0.20  -4.39  30.02    37.0   -40.0
 48.0183 18.6290  879   0.20  -4.39  30.02    43.0    21.0
 48.0182 18.6290  880   0.20  -4.39  30.02    35.0   424.0
 48.0183 18.6290  881   0.20  -4.39  30.02    36.0  -656.0
 48.0182 18.6290  882   0.20  -4.39  30.02    38.0   546.0
 48.0183 18.6290  883   0.20  -4.39  30.02    43.0   210.0
 48.0183 18.6290  884   0.20  -4.39  30.02    58.0   833.0
 48.0182 18.6290  885   0.20  -4.39  30.02    38.0   559.0
 48.0183 18.6290  886   0.20  -4.39  30.02    32.0  -209.0
 48.0183 18.6290  887   0.20  -4.39  30.02    45.0  -281.0
 48.0183 18.6290  888   0.20  -4.39  30.02    41.0  -573.0
 48.0183 18.6290  889   0.20  -4.39  30.02    41.0   742.0
 48.0183 18.6290  890   0.20  -4.39  30.02    41.0   229.0
 48.0183 18.6290  891   0.20  -4.39  30.02    41.0  -161.0
 48.0182 18.6290  892   0.20  -4.39  30.02    42.0  -488.0
 48.0183 18.6290  893   0.20  -4.39  30.02    42.0  -555.0
 48.0182 18.6290  894   0.20  -4.39  30.02    46.0  -802.0
 48.0183 18.6290  895   0.20  -4.39  30.02    40.0   153.0
 48.0182 18.6290  896   0.20  -4.39  30.02    36.0   -63.0
 48.0183 18.6290  897   0.20  -4.39  30.02    41.0   174.0
 48.0182 18.6290  898   0.20  -4.39  30.02    31.0   891.0
 48.0183 18.6290  899   0.20  -4.39  30.02    39.0   409.0
 48.0182 18.6290  900   0.20  -4.39  30.02    40.0  -191.0
 48.0182 18.6290  901   0.20  -4.39  30.02    50.0  -413.0
 48.0182 18.6290  902   0.20  -4.39  30.02    37.0  -114.0
 48.0182 18.6290  903   0.20  -4.39  30.02    50.0   664.0
 48.0183 18.6290  904   0.20  -4.39  30.02    40.0  -773.0
 48.0183 18.6290  905   0.20  -4.39  30.02    35.0  -315.0
 48.0183 18.6290  906   0.20  -4.39  30.02    40.0   264.0
 48.0183 18.6290  907   0.20  -4.39  30.02    51.0    25.0
 48.0183 18.6290  908   0.20  -4.39  30.02    45.0   249.0
 48.0183 18.6290  909   0.20  -4.39  30.02    35.0    62.0
 48.0183 18.6290  910   0.20  -4.39  30.02    28.0  -438.0
 48.0183 18.6290  911   0.20  -4.39  30.02    51.0   -49.0
 48.0183 18.6290  912   0.20  -4.39  30.02    36.0  -561.0
 48.0182 18.6290  913   0.20  -4.39  30.02    35.0  -162.0
 48.0183 18.6290  914   0.20  -4.39  30.02    33.0  -253.0
 48.0183 18.6290  915   0.20  -4.39  30.02    52.0  -243.0
 48.0183 18.6290  916   0.20  -4.39  30.02    45.0  -226.0
 48.0183 18.6290  917   0.20  -4.39  30.02    44.0   882.0
 48.0183 18.6290  918   0.20  -4.39  30.02    39.0  -470.0
 48.0182 18.6290  919   0.20  -4.39  30.02    31.0   677.0
 48.0183 18.6290  920   0.20  -4.39  30.02    34.0   -47.0
 48.0182 18.6290  921   0.20  -4.39  30.02    45.0  -494.0
 48.0183 18.6290  922   0.20  -4.39  30.02    34.0     9.0
 48.0183 18.6290  923   0.20  -4.39  30.02    55.0  -392.0
 48.0183 18.6290  924   0.20  -4.39  30.02    55.0   -69.0
 48.0182 18.6290  925   0.20  -4.39  30.02    46.0 -1001.0
 48.0183 18.6290  926   0.20  -4.39  30.02    36.0   507.0
 48.0182 18.6290  927   0.20  -4.39  30.02    48.0    90.0
 48.0183 18.6290  928   0.20  -4.39  30.02    36.0     3.0
 48.0183 18.6290  929   0.20  -4.39  30.02    55.0  -657.0
 48.0183 18.6290  930   0.20  -4.39  30.02    51.0  -283.0
 48.0183 18.6290  931   0.20  -4.39  30.02    41.0  1123.0
 48.0183 18.6290  932   0.20  -4.39  30.02    43.0  -497.0
 48.0182 18.6290  933   0.20  -4.39  30.02    53.0    15.0
 48.0183 18.6290  934   0.20  -4.39  30.02    40.0   199.0
 48.0183 18.6290  935   0.20  -4.39  30.02    36.0   435.0
 48.0183 18.6290  936   0.20  -4.39  30.02    39.0  -407.0
 48.0182 18.6290  937   0.20  -4.39  30.02    48.0  -460.0
 48.0183 18.6290  938   0.20  -4.39  30.02    38.0  -947.0
 48.0183 18.6290  939   0.20  -4.39  30.02    42.0  -764.0
 48.0182 18.6290  940   0.20  -4.39  30.02    28.0    12.0
 48.0183 18.6290  941   0.20  -4.39  30.02    43.0  -175.0
 48.0182 18.6290  942   0.20  -4.39  30.02    42.0   871.0
 48.0183 18.6290  943   0.20  -4.39  30.02    41.0  -227.0
 48.0182 18.6290  944   0.20  -4.39  30.02    45.0    71.0
 48.0183 18.6290  945   0.20  -4.39  30.02    40.0   -56.0
 48.0183 18.6290  946   0.20  -4.39  30.02    52.0  -580.0
 48.0183 18.6290  947   0.20  -4.39  30.02    35.0  -536.0
 48.0183 18.6290  948   0.20  -4.39  30.02    45.0  -117.0
 48.0183 18.6290  949   0.20  -4.39  30.02    37.0   151.0
 48.0182 18.6290  950   0.20  -4.39  30.02    33.0  -535.0
 48.0183 18.6290  951   0.20  -4.39  30.02    38.0  -492.0
 48.0183 18.6290  952   0.20  -4.39  30.02    33.0  -775.0
 48.0183 18.6290  953   0.20  -4.39  30.02    46.0  -858.0
 48.0182 18.6290  954   0.20  -4.39  30.02    63.0  -514.0
 48.0183 18.6290  955   0.20  -4.39  30.02    31.0  -259.0
 48.0183 18.6290  956   0.20  -4.39  30.02    50.0  -126.0
 48.0182 18.6290  957   0.20  -4.39  30.02    41.0   -43.0
 48.0183 18.6290  958   0.20  -4.39  30.02    45.0   440.0
 48.0183 18.6290  959   0.20  -4.39  30.02    37.0  -103.0
 48.0183 18.6290  960   0.20  -4.39  30.02    38.0  -994.0
 48.0183 18.6290  961   0.20  -4.39  30.02    45.0   -77.0
 48.0183 18.6290  962   0.20  -4.39  30.02    33.0  -504.0
 48.0183 18.6290  963   0.20  -4.39  30.02    35.0   -84.0
 48.0182 18.6290  964   0.20  -4.39  30.02    38.0  1064.0
 48.0183 18.6290  965   0.20  -4.39  30.02    42.0  -391.0
 48.0183 18.6290  966   0.20  -4.39  30.02    41.0  -172.0
 48.0182 18.6290  967   0.20  -4.39  30.02    33.0    20.0
 48.0183 18.6290  968   0.20  -4.39  30.02    35.0  -126.0
 48.0183 18.6290  969   0.20  -4.39  30.02    41.0   -77.0
 48.0182 18.6290  970   0.20  -4.39  30.02    48.0  -546.0
 48.0183 18.6290  971   0.20  -4.39  30.02    47.0   103.0
 48.0183 18.6290  972   0.20  -4.39  30.02    33.0    65.0
 48.0183 18.6290  973   0.20  -4.39  30.02    28.0   547.0
 48.0183 18.6290  974   0.20  -4.39  30.02    33.0  -248.0
 48.0183 18.6290  975   0.20  -4.39  30.02    38.0  -300.0
 48.0183 18.6290  976   0.20  -4.39  30.02    40.0   231.0
 48.0183 18.6290  977   0.20  -4.39  30.02    43.0  -444.0
 48.0183 18.6290  978   0.20  -4.39  30.02    40.0  -849.0
 48.0183 18.6290  979   0.20  -4.39  30.02    48.0   858.0
 48.0183 18.6290  980   0.20  -4.39  30.02    54.0  -786.0
 48.0183 18.6290  981   0.20  -4.39  30.02    36.0  -537.0
 48.0182 18.6290  982   0.20  -4.39  30.02    40.0  -453.0
 48.0182 18.6290  983   0.20  -4.39  30.02    35.0  -973.0
 48.0183 18.6290  984   0.20  -4.39  30.02    30.0   136.0
 48.0183 18.6290  985   0.20  -4.39  30.02    40.0    92.0
 48.0183 18.6290  986   0.20  -4.39  30.02    30.0  -209.0
 48.0183 18.6290  987   0.20  -4.39  30.02    34.0   439.0
 48.0183 18.6290  988   0.20  -4.39  30.02    53.0   -21.0
 48.0183 18.6290  989   0.20  -4.39  30.02    46.0   429.0
 48.0183 18.6290  990   0.20  -4.39  30.02    40.0  -398.0
 48.0183 18.6290  991   0.20  -4.39  30.02    41.0  -691.0
 48.0183 18.6290  992   0.20  -4.39  30.02    38.0  -562.0
 48.0183 18.6290  993   0.20  -4.39  30.02    40.0   -31.0
 48.0183 18.6290  994   0.20  -4.39  30.02    42.0   -68.0
 48.0183 18.6290  995   0.20  -4.39  30.02    50.0    42.0
 48.0183 18.6290  996   0.20  -4.39  30.02    31.0  -214.0
 48.0183 18.6290  997   0.20  -4.39  30.02    52.0  -231.0
 48.0183 18.6290  998   0.20  -4.39  30.02    39.0  -380.0
 48.0183 18.6290  999   0.20  -4.39  30.02    32.0  -675.0
