 48.5051 18.7659    0   0.20  -4.40  -0.07   314.0    25.0
 48.5052 18.7600    1   0.20  -4.40  -0.07   311.0 -1095.0
 48.5052 18.7600    2   0.20  -4.40  -0.07   312.0  -144.0
 48.5051 18.7600    3   0.20  -4.40  -0.07   308.0   673.0
 48.5052 18.7600    4   0.20  -4.40  -0.07   310.0  -911.0
 48.5051 18.7600    5   0.20  -4.40  -0.07   307.0   149.0
 48.5052 18.7600    6   0.20  -4.40  -0.07   303.0    13.0
 48.5051 18.7600    7   0.20  -4.40  -0.07   304.0  -667.0
 48.5052 18.7600    8   0.20  -4.40  -0.07   313.0  1381.0
 48.5052 18.7600    9   0.20  -4.40  -0.07   311.0  -558.0
 48.5051 18.7600   10   0.20  -4.40  -0.07   315.0   -75.0
 48.5052 18.7600   11   0.20  -4.40  -0.07   309.0   580.0
 48.5052 18.7600   12   0.20  -4.40  -0.07   314.0  -394.0
 48.5052 18.7600   13   0.20  -4.40  -0.07   310.0 -1013.0
 48.5052 18.7600   14   0.20  -4.40  -0.07   317.0    -7.0
 48.5052 18.7600   15   0.20  -4.40  -0.07   305.0  -471.0
 48.5052 18.7600   16   0.20  -4.40  -0.07   309.0   358.0
 48.5052 18.7600   17   0.20  -4.40  -0.07   307.0   441.0
 48.5052 18.7600   18   0.20  -4.40  -0.07   303.0   -26.0
 48.5052 18.7600   19   0.20  -4.40  -0.07   312.0  -246.0
 48.5052 18.7600   20   0.20  -4.40  -0.07   312.0  -148.0
 48.5052 18.7600   21   0.20  -4.40  -0.07   306.0   417.0
 48.5052 18.7600   22   0.20  -4.40  -0.07   309.0    33.0
 48.5052 18.7600   23   0.20  -4.40  -0.07   308.0   150.0
 48.5052 18.7600   24   0.20  -4.40  -0.07   310.0   -61.0
 48.5052 18.7600   25   0.20  -4.40  -0.07   318.0  -198.0
 48.5052 18.7600   26   0.20  -4.40  -0.07   307.0   292.0
 48.5052 18.7600   27   0.20  -4.40  -0.07   309.0  -424.0
 48.5052 18.7600   28   0.20  -4.40  -0.07   320.0  -215.0
 48.5052 18.7600   29   0.20  -4.40  -0.07   305.0    97.0
 48.5052 18.7600   30   0.20  -4.40  -0.07   307.0  -672.0
 48.5052 18.7600   31   0.20  -4.40  -0.07   310.0 -1250.0
 48.5052 18.7600   32   0.20  -4.40  -0.07   319.0  -352.0
 48.5051 18.7600   33   0.20  -4.40  -0.07   308.0 -1037.0
 48.5052 18.7600   34   0.20  -4.40  -0.07   309.0  -202.0
 48.5052 18.7600   35   0.20  -4.40  -0.07   312.0   193.0
 48.5052 18.7600   36   0.20  -4.40  -0.07   312.0  -212.0
 48.5052 18.7600   37   0.20  -4.40  -0.07   307.0  -165.0
 48.5052 18.7600   38   0.20  -4.40  -0.07   305.0  -966.0
 48.5052 18.7600   39   0.20  -4.40  -0.07   307.0   223.0
 48.5052 18.7600   40   0.20  -4.40  -0.07   307.0  -655.0
 48.5052 18.7600   41   0.20  -4.40  -0.07   307.0  -133.0
 48.5052 18.7600   42   0.20  -4.40  -0.07   305.0   608.0
 48.5052 18.7600   43   0.20  -4.40  -0.07   309.0  -587.0
 48.5052 18.7600   44   0.20  -4.40  -0.07   312.0  -217.0
 48.5051 18.7600   45   0.20  -4.40  -0.07   306.0  -521.0
 48.5052 18.7600   46   0.20  -4.40  -0.07   305.0  -521.0
 48.5052 18.7600   47   0.20  -4.40  -0.07   309.0   173.0
 48.5051 18.7600   48   0.20  -4.40  -0.07   315.0   -31.0
 48.5051 18.7600   49   0.20  -4.40  -0.07   313.0   782.0
 48.5051 18.7600   50   0.20  -4.40  -0.07   310.0   -57.0
 48.5051 18.7600   51   0.20  -4.40  -0.08   317.0   259.0
 48.5051 18.7600   52   0.20  -4.40  -0.08   306.0 -1128.0
 48.5052 18.7600   53   0.20  -4.40  -0.08   317.0  -669.0
 48.5051 18.7600   54   0.20  -4.40  -0.08   307.0  -805.0
 48.5051 18.7600   55   0.20  -4.40  -0.08   305.0    86.0
 48.5051 18.7600   56   0.20  -4.40  -0.08   305.0   151.0
 48.5051 18.7600   57   0.20  -4.40  -0.08   306.0  -251.0
 48.5052 18.7600   58   0.20  -4.40  -0.08   309.0     3.0
 48.5051 18.7600   59   0.20  -4.40  -0.08   306.0  -669.0
 48.5051 18.7600   60   0.20  -4.40  -0.08   300.0  -767.0
 48.5051 18.7600   61   0.20  -4.40  -0.08   313.0  -216.0
 48.5051 18.7600   62   0.20  -4.40  -0.08   307.0   240.0
 48.5051 18.7600   63   0.20  -4.40  -0.08   315.0   150.0
 48.5051 18.7600   64   0.20  -4.40  -0.08   305.0   579.0
 48.5051 18.7600   65   0.20  -4.40  -0.08   309.0  -298.0
 48.5051 18.7600   66   0.20  -4.40  -0.08   295.0 -1411.0
 48.5051 18.7600   67   0.20  -4.40  -0.08   304.0 -1015.0
 48.5051 18.7600   68   0.20  -4.40  -0.08   312.0   384.0
 48.5051 18.7600   69   0.20  -4.40  -0.08   309.0   677.0
 48.5052 18.7600   70   0.20  -4.40  -0.08   310.0  -213.0
 48.5052 18.7600   71   0.20  -4.40  -0.08   303.0  -841.0
 48.5051 18.7600   72   0.20  -4.40  -0.08   308.0    42.0
 48.5052 18.7600   73   0.20  -4.40  -0.08   305.0   987.0
 48.5051 18.7600   74   0.20  -4.40  -0.08   299.0  -358.0
 48.5052 18.7600   75   0.20  -4.40  -0.08   306.0  -281.0
 48.5052 18.7600   76   0.20  -4.40  -0.08   305.0  -422.0
 48.5051 18.7600   77   0.20  -4.40  -0.08   304.0  -881.0
 48.5051 18.7600   78   0.20  -4.40  -0.08   307.0 -1311.0
 48.5052 18.7600   79   0.20  -4.40  -0.08   309.0  -347.0
 48.5052 18.7600   80   0.20  -4.40  -0.08   304.0  -664.0
 48.5052 18.7600   81   0.20  -4.40  -0.08   304.0   267.0
 48.5052 18.7600   82   0.20  -4.40  -0.08   305.0  -867.0
 48.5052 18.7600   83   0.20  -4.40  -0.08   301.0   645.0
 48.5052 18.7600   84   0.20  -4.40  -0.08   304.0  -320.0
 48.5052 18.7600   85   0.20  -4.40  -0.08   307.0   -89.0
 48.5052 18.7600   86   0.20  -4.40  -0.08   307.0    82.0
 48.5052 18.7600   87   0.20  -4.40  -0.08   312.0  1104.0
 48.5052 18.7600   88   0.20  -4.40  -0.08   304.0   825.0
 48.5052 18.7600   89   0.20  -4.40  -0.08   304.0   251.0
 48.5051 18.7600   90   0.20  -4.40  -0.08   298.0   -78.0
 48.5052 18.7600   91   0.20  -4.40  -0.08   311.0   -39.0
 48.5052 18.7600   92   0.20  -4.40  -0.08   313.0  -297.0
 48.5052 18.7600   93   0.20  -4.40  -0.08   310.0  -174.0
 48.5052 18.7600   94   0.20  -4.40  -0.08   303.0   622.0
 48.5051 18.7600   95   0.20  -4.40  -0.08   314.0  -500.0
 48.5052 18.7600   96   0.20  -4.40  -0.08   312.0  -779.0
 48.5052 18.7600   97   0.20  -4.40  -0.08   311.0    -5.0
 48.5051 18.7600   98   0.20  -4.40  -0.08   315.0  -393.0
 48.5052 18.7600   99   0.20  -4.40  -0.08   309.0  -601.0
 48.5052 18.7600  100   0.20  -4.40  -0.08   315.0  1238.0
 48.5052 18.7600  101   0.20  -4.40  -0.08   324.0  -371.0
 48.5052 18.7600  102   0.20  -4.40  -0.07   329.0  -918.0
 48.5052 18.7600  103   0.20  -4.40  -0.00   334.0  -134.0
 48.5052 18.7600  104   0.20  -4.40  -0.00   330.0   297.0
 48.5052 18.7600  105   0.20  -4.40  -0.00   336.0  -516.0
 48.5052 18.7600  106   0.20  -4.40  -0.00   340.0  -121.0
 48.5052 18.7600  107   0.20  -4.40  -0.00   329.0  -698.0
 48.5052 18.7600  108   0.20  -4.40  -0.00   337.0  -333.0
 48.5052 18.7600  109   0.20  -4.40  -0.00   334.0  -363.0
 48.5052 18.7600  110   0.20  -4.40  -0.00   334.0  -276.0
 48.5052 18.7600  111   0.20  -4.40  -0.00   334.0    78.0
 48.5052 18.7600  112   0.20  -4.40  -0.00   324.0  -278.0
 48.5052 18.7600  113   0.20  -4.40   0.07   329.0   -35.0
 48.5052 18.7600  114   0.20  -4.40   0.28   316.0   431.0
 48.5052 18.7600  115   0.20  -4.40   0.28   308.0  -550.0
 48.5052 18.7600  116   0.20  -4.40   0.28   311.0  -377.0
 48.5052 18.7600  117   0.20  -4.40   0.28   310.0   814.0
 48.5052 18.7600  118   0.20  -4.40   0.28   326.0   177.0
 48.5052 18.7600  119   0.20  -4.40   0.28   342.0   592.0
 48.5052 18.7600  120   0.20  -4.40   0.28   358.0  -232.0
 48.5051 18.7600  121   0.20  -4.40   0.28   369.0   213.0
 48.5052 18.7600  122   0.20  -4.40   0.28   380.0   380.0
 48.5052 18.7600  123   0.20  -4.40   0.28   375.0  -161.0
 48.5051 18.7600  124   0.20  -4.40   0.61   359.0   440.0
 48.5052 18.7600  125   0.20  -4.40   0.89   339.0    53.0
 48.5052 18.7600  126   0.20  -4.40   0.89   334.0  -352.0
 48.5052 18.7600  127   0.20  -4.40   0.89   346.0   545.0
 48.5052 18.7600  128   0.20  -4.40   0.89   363.0  -662.0
 48.5052 18.7600  129   0.20  -4.40   0.89   375.0  -115.0
 48.5052 18.7600  130   0.20  -4.40   0.89   380.0  -390.0
 48.5051 18.7600  131   0.20  -4.40   0.89   364.0 -1450.0
 48.5052 18.7600  132   0.20  -4.40   0.89   338.0  -213.0
 48.5052 18.7600  133   0.20  -4.40   0.89   311.0  -655.0
 48.5052 18.7600  134   0.20  -4.40   0.89   325.0  -665.0
 48.5052 18.7600  135   0.20  -4.40   1.58   340.0   106.0
 48.5052 18.7600  136   0.20  -4.40   1.88   343.0  -315.0
 48.5052 18.7600  137   0.20  -4.40   1.88   334.0  -118.0
 48.5052 18.7600  138   0.20  -4.40   1.88   304.0    80.0
 48.5052 18.7600  139   0.20  -4.40   1.88   280.0   256.0
 48.5052 18.7600  140   0.20  -4.40   1.88   293.0   472.0
 48.5052 18.7600  141   0.20  -4.40   1.88   322.0  -550.0
 48.5051 18.7600  142   0.20  -4.40   1.88   346.0   142.0
 48.5052 18.7600  143   0.20  -4.40   1.88   338.0  -932.0
 48.5052 18.7600  144   0.20  -4.40   1.88   315.0  -145.0
 48.5052 18.7600  145   0.20  -4.40   1.94   300.0     8.0
 48.5052 18.7600  146   0.20  -4.40   3.08   319.0  1119.0
 48.5052 18.7600  147   0.20  -4.40   3.08   355.0   714.0
 48.5051 18.7600  148   0.20  -4.40   3.08   376.0  -444.0
 48.5052 18.7600  149   0.20  -4.40   3.08   365.0  -206.0
 48.5052 18.7600  150   0.20  -4.40   3.08   341.0  -441.0
 48.5052 18.7600  151   0.20  -4.40   3.08   337.0  -191.0
 48.5052 18.7600  152   0.20  -4.40   3.08   358.0  -446.0
 48.5052 18.7600  153   0.20  -4.40   3.08   380.0  -610.0
 48.5052 18.7600  154   0.20  -4.40   3.08   395.0   588.0
 48.5052 18.7600  155   0.20  -4.40   3.08   383.0  -782.0
 48.5052 18.7600  156   0.20  -4.40   3.39   363.0   595.0
 48.5052 18.7600  157   0.20  -4.40   4.31   360.0   658.0
 48.5052 18.7600  158   0.20  -4.40   4.31   354.0    28.0
 48.5051 18.7600  159   0.20  -4.40   4.31   380.0   -53.0
 48.5052 18.7600  160   0.20  -4.40   4.31   383.0  -805.0
 48.5052 18.7600  161   0.20  -4.40   4.31   380.0  -508.0
 48.5051 18.7600  162   0.20  -4.40   4.31   359.0  -191.0
 48.5051 18.7600  163   0.20  -4.40   4.31   353.0   360.0
 48.5051 18.7600  164   0.20  -4.40   4.31   358.0   125.0
 48.5051 18.7600  165   0.20  -4.40   4.31   370.0  -349.0
 48.5051 18.7600  166   0.20  -4.40   4.31   369.0  -560.0
 48.5051 18.7600  167   0.20  -4.40   4.87   371.0    -3.0
 48.5051 18.7600  168   0.20  -4.40   5.55   357.0   504.0
 48.5051 18.7600  169   0.20  -4.40   5.55   345.0   262.0
 48.5051 18.7600  170   0.20  -4.40   5.55   340.0   275.0
 48.5051 18.7600  171   0.20  -4.40   5.55   341.0   279.0
 48.5051 18.7600  172   0.20  -4.40   5.55   356.0  -273.0
 48.5051 18.7600  173   0.20  -4.40   5.55   349.0   -43.0
 48.5051 18.7600  174   0.20  -4.40   5.55   347.0  -595.0
 48.5051 18.7600  175   0.20  -4.40   5.55   343.0   164.0
 48.5051 18.7600  176   0.20  -4.40   5.55   341.0  -103.0
 48.5051 18.7600  177   0.20  -4.40   5.55   348.0  -677.0
 48.5051 18.7600  178   0.20  -4.40   6.29   350.0  -370.0
 48.5052 18.7600  179   0.20  -4.40   6.78   386.0  -158.0
 48.5052 18.7600  180   0.20  -4.40   6.78   381.0   169.0
 48.5052 18.7600  181   0.20  -4.40   6.78   372.0   421.0
 48.5052 18.7600  182   0.20  -4.40   6.78   378.0 -1094.0
 48.5052 18.7600  183   0.20  -4.40   6.78   372.0 -1415.0
 48.5052 18.7600  184   0.20  -4.40   6.78   392.0 -1108.0
 48.5052 18.7600  185   0.20  -4.40   6.78   435.0   460.0
 48.5052 18.7600  186   0.20  -4.40   6.78   434.0  -175.0
 48.5052 18.7600  187   0.20  -4.40   6.78   420.0   295.0
 48.5052 18.7600  188   0.20  -4.40   6.78   425.0  -361.0
 48.5052 18.7600  189   0.20  -4.40   7.71   407.0   -28.0
 48.5051 18.7600  190   0.20  -4.40   8.02   437.0 -1084.0
 48.5052 18.7600  191   0.20  -4.40   8.02   457.0  -561.0
 48.5052 18.7600  192   0.20  -4.40   8.02   459.0   131.0
 48.5052 18.7600  193   0.20  -4.40   8.02   438.0   379.0
 48.5052 18.7600  194   0.20  -4.40   8.02   415.0   644.0
 48.5052 18.7600  195   0.20  -4.40   8.02   389.0   291.0
 48.5052 18.7600  196   0.20  -4.40   8.02   413.0   -55.0
 48.5052 18.7600  197   0.20  -4.40   8.02   423.0  -304.0
 48.5052 18.7600  198   0.20  -4.40   8.02   431.0   225.0
 48.5052 18.7600  199   0.20  -4.40   8.02   400.0  -485.0
 48.5051 18.7600  200   0.20  -4.40   9.26   365.0    73.0
 48.5052 18.7600  201   0.20  -4.40   9.26   339.0   587.0
 48.5052 18.7600  202   0.20  -4.40   9.26   364.0  -109.0
 48.5052 18.7600  203   0.20  -4.40   9.26   391.0   271.0
 48.5052 18.7600  204   0.20  -4.40   9.26   402.0   336.0
 48.5052 18.7600  205   0.20  -4.40   9.26   391.0   591.0
 48.5052 18.7600  206   0.20  -4.40   9.26   349.0  -145.0
 48.5052 18.7600  207   0.20  -4.40   9.26   321.0  -797.0
 48.5052 18.7600  208   0.20  -4.40   9.26   359.0  -229.0
 48.5052 18.7600  209   0.20  -4.40   9.26   398.0   329.0
 48.5052 18.7600  210   0.20  -4.40   9.44   425.0   -74.0
 48.5052 18.7600  211   0.20  -4.40  10.49   422.0  -349.0
 48.5052 18.7600  212   0.20  -4.40  10.49   385.0  -430.0
 48.5052 18.7600  213   0.20  -4.40  10.49   366.0   174.0
 48.5052 18.7600  214   0.20  -4.40  10.49   397.0    30.0
 48.5051 18.7600  215   0.20  -4.40  10.49   441.0   175.0
 48.5052 18.7600  216   0.20  -4.40  10.49   472.0   778.0
 48.5052 18.7600  217   0.20  -4.40  10.49   454.0  -357.0
 48.5052 18.7600  218   0.20  -4.40  10.49   414.0   -38.0
 48.5052 18.7600  219   0.20  -4.40  10.49   386.0  -695.0
 48.5052 18.7600  220   0.20  -4.40  10.49   403.0  -466.0
 48.5052 18.7600  221   0.20  -4.40  10.93   440.0  -237.0
 48.5052 18.7600  222   0.20  -4.40  11.73   470.0   432.0
 48.5052 18.7600  223   0.20  -4.40  11.73   450.0   590.0
 48.5052 18.7600  224   0.20  -4.40  11.73   418.0   505.0
 48.5051 18.7600  225   0.20  -4.40  11.73   392.0  -211.0
 48.5052 18.7600  226   0.20  -4.40  11.73   400.0  -706.0
 48.5052 18.7600  227   0.20  -4.40  11.73   424.0   -94.0
 48.5052 18.7600  228   0.20  -4.40  11.73   443.0  -433.0
 48.5052 18.7600  229   0.20  -4.40  11.73   443.0  -269.0
 48.5052 18.7600  230   0.20  -4.40  11.73   425.0  -165.0
 48.5052 18.7600  231   0.20  -4.40  11.73   401.0   787.0
 48.5052 18.7600  232   0.20  -4.40  12.41   394.0 -1303.0
 48.5052 18.7600  233   0.20  -4.40  12.97   414.0   577.0
 48.5052 18.7600  234   0.20  -4.40  12.97   440.0   126.0
 48.5052 18.7600  235   0.20  -4.40  12.97   464.0  -153.0
 48.5051 18.7600  236   0.20  -4.40  12.97   447.0   -36.0
 48.5052 18.7600  237   0.20  -4.40  12.97   431.0   235.0
 48.5052 18.7600  238   0.20  -4.40  12.97   422.0  -770.0
 48.5052 18.7600  239   0.20  -4.40  12.97   438.0  -876.0
 48.5051 18.7600  240   0.20  -4.40  12.97   462.0  -365.0
 48.5051 18.7600  241   0.20  -4.40  12.97   467.0    98.0
 48.5051 18.7600  242   0.20  -4.40  12.97   473.0   251.0
 48.5051 18.7600  243   0.20  -4.40  13.89   465.0   111.0
 48.5051 18.7600  244   0.20  -4.40  14.20   472.0  1068.0
 48.5052 18.7600  245   0.20  -4.40  14.20   475.0   336.0
 48.5051 18.7600  246   0.20  -4.40  14.20   478.0   665.0
 48.5052 18.7600  247   0.20  -4.40  14.20   491.0  -730.0
 48.5052 18.7600  248   0.20  -4.40  14.20   514.0  -332.0
 48.5052 18.7600  249   0.20  -4.40  14.20   524.0   -72.0
 48.5051 18.7600  250   0.20  -4.40  14.20   546.0  -250.0
 48.5051 18.7600  251   0.20  -4.40  14.20   536.0  -182.0
 48.5051 18.7600  252   0.20  -4.40  14.20   533.0   747.0
 48.5051 18.7600  253   0.20  -4.40  14.20   540.0    68.0
 48.5051 18.7600  254   0.20  -4.40  15.38   566.0 -1043.0
 48.5051 18.7600  255   0.20  -4.40  15.44   601.0  -440.0
 48.5051 18.7600  256   0.20  -4.40  15.44   624.0   354.0
 48.5052 18.7600  257   0.20  -4.40  15.44   610.0  -688.0
 48.5051 18.7600  258   0.20  -4.40  15.44   594.0   638.0
 48.5052 18.7600  259   0.20  -4.40  15.44   589.0  -246.0
 48.5051 18.7600  260   0.20  -4.40  15.44   618.0   639.0
 48.5051 18.7600  261   0.20  -4.40  15.44   650.0  -402.0
 48.5052 18.7600  262   0.20  -4.40  15.44   657.0  -914.0
 48.5052 18.7600  263   0.20  -4.40  15.44   641.0    12.0
 48.5052 18.7600  264   0.20  -4.40  16.37   614.0  -871.0
 48.5051 18.7600  265   0.20  -4.40  16.67   594.0  -219.0
 48.5052 18.7600  266   0.20  -4.40  16.67   605.0   104.0
 48.5051 18.7600  267   0.20  -4.40  16.67   658.0   361.0
 48.5052 18.7600  268   0.20  -4.40  16.67   672.0   171.0
 48.5052 18.7600  269   0.20  -4.40  16.67   642.0  -589.0
 48.5052 18.7600  270   0.20  -4.40  16.67   590.0  -242.0
 48.5052 18.7600  271   0.20  -4.40  16.67   562.0  -517.0
 48.5052 18.7600  272   0.20  -4.40  16.67   578.0   -87.0
 48.5051 18.7600  273   0.20  -4.40  16.67   619.0   312.0
 48.5052 18.7600  274   0.20  -4.40  16.67   662.0  -888.0
 48.5052 18.7600  275   0.20  -4.40  17.85   636.0  -687.0
 48.5052 18.7600  276   0.20  -4.40  17.91   576.0   966.0
 48.5051 18.7600  277   0.20  -4.40  17.91   543.0 -1233.0
 48.5051 18.7600  278   0.20  -4.40  17.91   563.0   221.0
 48.5051 18.7600  279   0.20  -4.40  17.91   596.0   -66.0
 48.5051 18.7600  280   0.20  -4.40  17.91   640.0  -362.0
 48.5052 18.7600  281   0.20  -4.40  17.91   629.0   -36.0
 48.5051 18.7600  282   0.20  -4.40  17.91   581.0  -325.0
 48.5052 18.7600  283   0.20  -4.40  17.91   567.0  -185.0
 48.5051 18.7600  284   0.20  -4.40  17.91   568.0   103.0
 48.5052 18.7600  285   0.20  -4.40  18.03   602.0 -1171.0
 48.5051 18.7600  286   0.20  -4.40  19.15   634.0  -838.0
 48.5052 18.7600  287   0.20  -4.40  19.15   633.0   359.0
 48.5052 18.7600  288   0.20  -4.40  19.15   615.0   410.0
 48.5051 18.7600  289   0.20  -4.40  19.15   595.0  -515.0
 48.5052 18.7600  290   0.20  -4.40  19.15   604.0  -557.0
 48.5052 18.7600  291   0.20  -4.40  19.15   633.0   127.0
 48.5052 18.7600  292   0.20  -4.40  19.15   667.0    75.0
 48.5052 18.7600  293   0.20  -4.40  19.15   663.0   290.0
 48.5052 18.7600  294   0.20  -4.40  19.15   656.0   128.0
 48.5052 18.7600  295   0.20  -4.40  19.15   653.0   526.0
 48.5052 18.7600  296   0.20  -4.40  19.52   666.0   360.0
 48.5052 18.7600  297   0.20  -4.40  20.38   695.0   700.0
 48.5052 18.7600  298   0.20  -4.40  20.38   706.0   157.0
 48.5052 18.7600  299   0.20  -4.40  20.38   698.0   -71.0
 48.5051 18.7600  300   0.20  -4.40  20.38   691.0  -289.0
 48.5051 18.7600  301   0.20  -4.40  20.38   685.0    44.0
 48.5052 18.7600  302   0.20  -4.40  20.38   695.0   915.0
 48.5052 18.7600  303   0.20  -4.40  20.38   721.0     5.0
 48.5052 18.7600  304   0.20  -4.40  20.38   723.0  -425.0
 48.5051 18.7600  305   0.20  -4.40  20.38   702.0  -347.0
 48.5051 18.7600  306   0.20  -4.40  20.38   692.0   230.0
 48.5051 18.7600  307   0.20  -4.40  20.94   676.0   302.0
 48.5051 18.7600  308   0.20  -4.40  21.62   687.0  -454.0
 48.5051 18.7600  309   0.20  -4.40  21.62   697.0   244.0
 48.5052 18.7600  310   0.20  -4.40  21.62   685.0   452.0
 48.5051 18.7600  311   0.20  -4.40  21.62   670.0  -281.0
 48.5052 18.7600  312   0.20  -4.40  21.62   650.0  -757.0
 48.5051 18.7600  313   0.20  -4.40  21.62   645.0   580.0
 48.5051 18.7600  314   0.20  -4.40  21.62   653.0   553.0
 48.5051 18.7600  315   0.20  -4.40  21.62   657.0    18.0
 48.5052 18.7600  316   0.20  -4.40  21.62   662.0   375.0
 48.5052 18.7600  317   0.20  -4.40  21.62   664.0   628.0
 48.5052 18.7600  318   0.20  -4.40  22.48   673.0  -417.0
 48.5052 18.7600  319   0.20  -4.40  22.86   667.0  -136.0
 48.5052 18.7600  320   0.20  -4.40  22.86   673.0  -177.0
 48.5052 18.7600  321   0.20  -4.40  22.86   705.0  -280.0
 48.5052 18.7600  322   0.20  -4.40  22.86   716.0   420.0
 48.5052 18.7600  323   0.20  -4.40  22.86   744.0  -161.0
 48.5052 18.7600  324   0.20  -4.40  22.86   772.0  -418.0
 48.5052 18.7600  325   0.20  -4.40  22.86   761.0  -998.0
 48.5052 18.7600  326   0.20  -4.40  22.86   773.0   545.0
 48.5052 18.7600  327   0.20  -4.40  22.86   780.0   119.0
 48.5052 18.7600  328   0.20  -4.40  22.86   809.0   -20.0
 48.5052 18.7600  329   0.20  -4.40  24.09   852.0  -398.0
 48.5052 18.7600  330   0.20  -4.40  24.09   852.0   692.0
 48.5052 18.7600  331   0.20  -4.40  24.09   843.0   428.0
 48.5052 18.7600  332   0.20  -4.40  24.09   834.0  -455.0
 48.5052 18.7600  333   0.20  -4.40  24.09   833.0    -2.0
 48.5052 18.7600  334   0.20  -4.40  24.09   842.0    51.0
 48.5052 18.7600  335   0.20  -4.40  24.09   863.0   147.0
 48.5052 18.7600  336   0.20  -4.40  24.09   874.0    52.0
 48.5052 18.7600  337   0.20  -4.40  24.09   845.0  -253.0
 48.5052 18.7600  338   0.20  -4.40  24.09   817.0   195.0
 48.5051 18.7600  339   0.20  -4.40  24.34   798.0   485.0
 48.5051 18.7600  340   0.20  -4.40  25.33   809.0  -407.0
 48.5051 18.7600  341   0.20  -4.40  25.33   816.0  -277.0
 48.5052 18.7600  342   0.20  -4.40  25.33   813.0    70.0
 48.5051 18.7600  343   0.20  -4.40  25.33   791.0  -635.0
 48.5051 18.7600  344   0.20  -4.40  25.33   748.0   397.0
 48.5051 18.7600  345   0.20  -4.40  25.33   729.0    92.0
 48.5052 18.7600  346   0.20  -4.40  25.33   742.0     0.0
 48.5051 18.7600  347   0.20  -4.40  25.33   759.0  -163.0
 48.5052 18.7600  348   0.20  -4.40  25.33   747.0  -250.0
 48.5052 18.7600  349   0.20  -4.40  25.33   732.0   848.0
 48.5052 18.7600  350   0.20  -4.40  25.70   707.0   -70.0
 48.5052 18.7600  351   0.20  -4.40  26.57   704.0   397.0
 48.5052 18.7600  352   0.20  -4.40  26.57   718.0   371.0
 48.5052 18.7600  353   0.20  -4.40  26.57   743.0  -474.0
 48.5052 18.7600  354   0.20  -4.40  26.57   738.0   332.0
 48.5052 18.7600  355   0.20  -4.40  26.57   745.0   814.0
 48.5052 18.7600  356   0.20  -4.40  26.57   727.0   390.0
 48.5052 18.7600  357   0.20  -4.40  26.57   738.0   332.0
 48.5052 18.7600  358   0.20  -4.40  26.57   763.0   593.0
 48.5052 18.7600  359   0.20  -4.40  26.57   780.0   203.0
 48.5052 18.7600  360   0.20  -4.40  26.57   778.0  -361.0
 48.5052 18.7600  361   0.20  -4.40  27.18   789.0   723.0
 48.5052 18.7600  362   0.20  -4.40  27.80   784.0  -234.0
 48.5052 18.7600  363   0.20  -4.40  27.80   777.0  -457.0
 48.5052 18.7600  364   0.20  -4.40  27.80   802.0  -514.0
 48.5052 18.7600  365   0.20  -4.40  27.80   808.0  -796.0
 48.5052 18.7600  366   0.20  -4.40  27.80   820.0   252.0
 48.5052 18.7600  367   0.20  -4.40  27.80   814.0    32.0
 48.5052 18.7600  368   0.20  -4.40  27.80   804.0   668.0
 48.5052 18.7600  369   0.20  -4.40  27.80   795.0  -528.0
 48.5052 18.7600  370   0.20  -4.40  27.80   807.0  -157.0
 48.5052 18.7600  371   0.20  -4.40  27.80   822.0   946.0
 48.5052 18.7600  372   0.20  -4.40  28.66   835.0   520.0
 48.5052 18.7600  373   0.20  -4.40  29.04   823.0  -229.0
 48.5052 18.7600  374   0.20  -4.40  29.04   806.0   361.0
 48.5051 18.7600  375   0.20  -4.40  29.04   790.0   -30.0
 48.5051 18.7600  376   0.20  -4.40  29.04   787.0  -754.0
 48.5052 18.7600  377   0.20  -4.40  29.04   813.0  -761.0
 48.5052 18.7600  378   0.20  -4.40  29.04   820.0  -980.0
 48.5052 18.7600  379   0.20  -4.40  29.04   816.0   136.0
 48.5051 18.7600  380   0.20  -4.40  29.04   774.0   551.0
 48.5051 18.7600  381   0.20  -4.40  29.04   756.0  -449.0
 48.5051 18.7600  382   0.20  -4.40  29.04   764.0  -240.0
 48.5052 18.7600  383   0.20  -4.40  30.15   776.0   732.0
 48.5052 18.7600  384   0.20  -4.40  30.27   784.0   151.0
 48.5052 18.7600  385   0.20  -4.40  30.27   763.0   102.0
 48.5052 18.7600  386   0.20  -4.40  30.27   733.0   249.0
 48.5051 18.7600  387   0.20  -4.40  30.27   695.0    61.0
 48.5051 18.7600  388   0.20  -4.40  30.27   703.0     2.0
 48.5051 18.7600  389   0.20  -4.40  30.27   723.0 -1253.0
 48.5052 18.7600  390   0.20  -4.40  30.27   735.0   876.0
 48.5052 18.7600  391   0.20  -4.40  30.27   716.0  -173.0
 48.5051 18.7600  392   0.20  -4.40  30.27   681.0  -955.0
 48.5052 18.7600  393   0.20  -4.40  30.33   652.0  -408.0
 48.5051 18.7600  394   0.20  -4.40  31.51   649.0   427.0
 48.5052 18.7600  395   0.20  -4.40  31.51   669.0 -1144.0
 48.5052 18.7600  396   0.20  -4.40  31.51   667.0   461.0
 48.5051 18.7600  397   0.20  -4.40  31.51   650.0  -269.0
 48.5051 18.7600  398   0.20  -4.40  31.51   628.0  -173.0
 48.5052 18.7600  399   0.20  -4.40  31.51   610.0  -533.0
 48.5051 18.7600  400   0.20  -4.40  31.51   596.0 -1105.0
 48.5051 18.7600  401   0.20  -4.40  31.51   613.0  -921.0
 48.5051 18.7600  402   0.20  -4.40  31.51   619.0  -893.0
 48.5052 18.7600  403   0.20  -4.40  31.51   615.0   370.0
 48.5052 18.7600  404   0.20  -4.40  31.75   612.0  -148.0
 48.5052 18.7600  405   0.20  -4.40  32.74   611.0  -739.0
 48.5052 18.7600  406   0.20  -4.40  32.74   581.0   310.0
 48.5052 18.7600  407   0.20  -4.40  32.74   577.0   -46.0
 48.5051 18.7600  408   0.20  -4.40  32.74   602.0   -71.0
 48.5052 18.7600  409   0.20  -4.40  32.74   624.0    12.0
 48.5052 18.7600  410   0.20  -4.40  32.74   628.0  -793.0
 48.5052 18.7600  411   0.20  -4.40  32.74   624.0  -539.0
 48.5052 18.7600  412   0.20  -4.40  32.74   604.0  -712.0
 48.5052 18.7600  413   0.20  -4.40  32.74   594.0  -617.0
 48.5052 18.7600  414   0.20  -4.40  32.74   621.0   535.0
 48.5052 18.7600  415   0.20  -4.40  33.24   661.0   155.0
 48.5052 18.7600  416   0.20  -4.40  33.98   682.0  -692.0
 48.5052 18.7600  417   0.20  -4.40  33.98   677.0   355.0
 48.5051 18.7600  418   0.20  -4.40  33.98   653.0   561.0
 48.5052 18.7600  419   0.20  -4.40  33.98   638.0   471.0
 48.5052 18.7600  420   0.20  -4.40  33.98   674.0  -233.0
 48.5052 18.7600  421   0.20  -4.40  33.98   731.0   281.0
 48.5051 18.7600  422   0.20  -4.40  33.98   757.0  -559.0
 48.5051 18.7600  423   0.20  -4.40  33.98   751.0  -277.0
 48.5052 18.7600  424   0.20  -4.40  33.98   740.0  -544.0
 48.5051 18.7600  425   0.20  -4.40  33.98   738.0  -273.0
 48.5051 18.7600  426   0.20  -4.40  34.66   763.0   130.0
 48.5051 18.7600  427   0.20  -4.40  35.22   820.0  -779.0
 48.5051 18.7600  428   0.20  -4.40  35.22   852.0   215.0
 48.5051 18.7600  429   0.20  -4.40  35.22   862.0  -424.0
 48.5051 18.7600  430   0.20  -4.40  35.22   859.0  -489.0
 48.5051 18.7600  431   0.20  -4.40  35.22   869.0  -142.0
 48.5051 18.7600  432   0.20  -4.40  35.22   899.0  -139.0
 48.5051 18.7600  433   0.20  -4.40  35.22   942.0   -40.0
 48.5051 18.7600  434   0.20  -4.40  35.22   983.0  -508.0
 48.5052 18.7600  435   0.20  -4.40  35.22   996.0  -184.0
 48.5051 18.7600  436   0.20  -4.40  35.83  1002.0  -545.0
 48.5052 18.7600  437   0.20  -4.40  36.45  1018.0  -116.0
 48.5051 18.7600  438   0.20  -4.40  36.45  1030.0    58.0
 48.5052 18.7600  439   0.20  -4.40  36.45  1066.0   872.0
 48.5051 18.7600  440   0.20  -4.40  36.45  1122.0   552.0
 48.5052 18.7600  441   0.20  -4.40  36.45  1132.0   -14.0
 48.5051 18.7600  442   0.20  -4.40  36.45  1125.0  -101.0
 48.5052 18.7600  443   0.20  -4.40  36.45  1120.0   945.0
 48.5051 18.7600  444   0.20  -4.40  36.45  1125.0  -157.0
 48.5051 18.7600  445   0.20  -4.40  36.45  1161.0     1.0
 48.5051 18.7600  446   0.20  -4.40  36.45  1190.0  -354.0
 48.5051 18.7600  447   0.20  -4.40  37.22  1212.0   677.0
 48.5051 18.7600  448   0.20  -4.40  37.64  1215.0  -624.0
 48.5052 18.7600  449   0.20  -4.40  37.64  1204.0  -912.0
 48.5051 18.7600  450   0.20  -4.40  37.64  1189.0 -1220.0
 48.5052 18.7600  451   0.20  -4.40  37.64  1187.0  -318.0
 48.5051 18.7600  452   0.20  -4.40  37.64  1210.0   918.0
 48.5052 18.7600  453   0.20  -4.40  37.64  1233.0   712.0
 48.5051 18.7600  454   0.20  -4.40  37.64  1248.0   103.0
 48.5051 18.7600  455   0.20  -4.40  37.64  1252.0  -350.0
 48.5051 18.7600  456   0.20  -4.40  37.64  1240.0  -263.0
 48.5051 18.7600  457   0.20  -4.40  37.64  1228.0  -962.0
 48.5051 18.7600  458   0.20  -4.40  38.43  1210.0   810.0
 48.5052 18.7600  459   0.20  -4.40  38.57  1200.0  -731.0
 48.5052 18.7600  460   0.20  -4.40  38.57  1194.0   872.0
 48.5051 18.7600  461   0.20  -4.40  38.57  1201.0  -419.0
 48.5051 18.7600  462   0.20  -4.40  38.57  1200.0   321.0
 48.5051 18.7600  463   0.20  -4.40  38.57  1213.0  -185.0
 48.5051 18.7600  464   0.20  -4.40  38.57  1215.0   810.0
 48.5051 18.7600  465   0.20  -4.40  38.57  1215.0   346.0
 48.5051 18.7600  466   0.20  -4.40  38.57  1216.0   873.0
 48.5051 18.7600  467   0.20  -4.40  38.57  1206.0   609.0
 48.5051 18.7600  468   0.20  -4.40  38.57  1198.0  -448.0
 48.5051 18.7600  469   0.20  -4.40  39.19  1192.0  -877.0
 48.5051 18.7600  470   0.20  -4.40  39.19  1179.0  -902.0
 48.5051 18.7600  471   0.20  -4.40  39.19  1167.0   538.0
 48.5051 18.7600  472   0.20  -4.40  39.19  1156.0  -917.0
 48.5052 18.7600  473   0.20  -4.40  39.19  1137.0  -940.0
 48.5051 18.7600  474   0.20  -4.40  39.19  1142.0  -543.0
 48.5051 18.7600  475   0.20  -4.40  39.19  1137.0   865.0
 48.5051 18.7600  476   0.20  -4.40  39.19  1136.0 -1306.0
 48.5051 18.7600  477   0.20  -4.40  39.19  1118.0  -445.0
 48.5051 18.7600  478   0.20  -4.40  39.19  1127.0  -178.0
 48.5051 18.7600  479   0.20  -4.40  39.24  1127.0   620.0
 48.5051 18.7600  480   0.20  -4.40  39.47  1126.0  -808.0
 48.5051 18.7600  481   0.20  -4.40  39.47  1126.0  -401.0
 48.5051 18.7600  482   0.20  -4.40  39.47  1121.0   147.0
 48.5051 18.7600  483   0.20  -4.40  39.47  1125.0   -17.0
 48.5051 18.7600  484   0.20  -4.40  39.47  1124.0     5.0
 48.5051 18.7600  485   0.20  -4.40  39.47  1113.0  -255.0
 48.5051 18.7600  486   0.20  -4.40  39.47  1108.0   349.0
 48.5051 18.7600  487   0.20  -4.40  39.47  1123.0    36.0
 48.5051 18.7600  488   0.20  -4.40  39.47  1119.0   642.0
 48.5051 18.7600  489   0.20  -4.40  39.47  1122.0   722.0
 48.5052 18.7600  490   0.20  -4.40  39.48  1122.0  -183.0
 48.5052 18.7600  491   0.20  -4.40  39.50  1122.0   353.0
 48.5052 18.7600  492   0.20  -4.40  39.50  1123.0   -19.0
 48.5052 18.7600  493   0.20  -4.40  39.50  1125.0   791.0
 48.5052 18.7600  494   0.20  -4.40  39.50  1123.0  -235.0
 48.5052 18.7600  495   0.20  -4.40  39.50  1128.0  -530.0
 48.5052 18.7600  496   0.20  -4.40  39.50  1124.0   614.0
 48.5052 18.7600  497   0.20  -4.40  39.50  1119.0    -2.0
 48.5052 18.7600  498   0.20  -4.40  39.50  1118.0   211.0
 48.5052 18.7600  499   0.20  -4.40  39.50  1114.0   391.0
 48.5052 18.7600  500   0.20  -4.40  39.50  1117.0   -65.0
 48.5052 18.7600  501   0.20  -4.40  39.50  1122.0  -203.0
 48.5052 18.7600  502   0.20  -4.40  39.50  1124.0  1001.0
 48.5052 18.7600  503   0.20  -4.40  39.50  1124.0   391.0
 48.5052 18.7600  504   0.20  -4.40  39.50  1121.0  -701.0
 48.5052 18.7600  505   0.20  -4.40  39.50  1126.0  -297.0
 48.5052 18.7600  506   0.20  -4.40  39.50  1121.0     9.0
 48.5052 18.7600  507   0.20  -4.40  39.50  1120.0     7.0
 48.5052 18.7600  508   0.20  -4.40  39.50  1122.0  -354.0
 48.5052 18.7600  509   0.20  -4.40  39.50  1115.0  1505.0
 48.5052 18.7600  510   0.20  -4.40  39.50  1126.0  -111.0
 48.5052 18.7600  511   0.20  -4.40  39.50  1124.0  -624.0
 48.5052 18.7600  512   0.20  -4.40  39.51  1124.0  -533.0
 48.5052 18.7600  513   0.20  -4.40  39.51  1122.0  -324.0
 48.5052 18.7600  514   0.20  -4.40  39.51  1111.0   -46.0
 48.5052 18.7600  515   0.20  -4.40  39.51  1128.0  -521.0
 48.5052 18.7600  516   0.20  -4.40  39.51  1121.0  -560.0
 48.5052 18.7600  517   0.20  -4.40  39.51  1119.0   284.0
 48.5052 18.7600  518   0.20  -4.40  39.51  1122.0   232.0
 48.5052 18.7600  519   0.20  -4.40  39.51  1115.0  1280.0
 48.5051 18.7600  520   0.20  -4.40  39.51  1118.0  -754.0
 48.5052 18.7600  521   0.20  -4.40  39.51  1118.0   312.0
 48.5052 18.7600  522   0.20  -4.40  39.51  1116.0  -161.0
 48.5052 18.7600  523   0.20  -4.40  39.51  1119.0  -362.0
 48.5052 18.7600  524   0.20  -4.40  39.51  1118.0  -387.0
 48.5052 18.7600  525   0.20  -4.40  39.51  1117.0 -1090.0
 48.5052 18.7600  526   0.20  -4.40  39.51  1117.0  -955.0
 48.5052 18.7600  527   0.20  -4.40  39.51  1118.0  -998.0
 48.5051 18.7600  528   0.20  -4.40  39.51  1119.0 -1855.0
 48.5052 18.7600  529   0.20  -4.40  39.51  1120.0   347.0
 48.5052 18.7600  530   0.20  -4.40  39.51  1122.0   700.0
 48.5052 18.7600  531   0.20  -4.40  39.51  1123.0   767.0
 48.5052 18.7600  532   0.20  -4.40  39.51  1127.0   764.0
 48.5052 18.7600  533   0.20  -4.40  39.51  1121.0  -253.0
 48.5051 18.7600  534   0.20  -4.40  39.51  1120.0   309.0
 48.5052 18.7600  535   0.20  -4.40  39.51  1123.0  -243.0
 48.5052 18.7600  536   0.20  -4.40  39.51  1124.0  -197.0
 48.5052 18.7600  537   0.20  -4.40  39.51  1119.0   307.0
 48.5051 18.7600  538   0.20  -4.40  39.51  1123.0 -1013.0
 48.5051 18.7600  539   0.20  -4.40  39.51  1125.0   379.0
 48.5051 18.7600  540   0.20  -4.40  39.51  1126.0   445.0
 48.5051 18.7600  541   0.20  -4.40  39.51  1120.0    27.0
 48.5051 18.7600  542   0.20  -4.40  39.51  1120.0   364.0
 48.5051 18.7600  543   0.20  -4.40  39.51  1121.0   759.0
 48.5051 18.7600  544   0.20  -4.40  39.51  1116.0  -614.0
 48.5051 18.7600  545   0.20  -4.40  39.52  1118.0 -1224.0
 48.5051 18.7600  546   0.20  -4.40  39.52  1117.0  -583.0
 48.5051 18.7600  547   0.20  -4.40  39.52  1121.0   207.0
 48.5051 18.7600  548   0.20  -4.40  39.52  1114.0  -899.0
 48.5051 18.7600  549   0.20  -4.40  39.52  1123.0  -372.0
 48.5051 18.7600  550   0.20  -4.40  39.52  1116.0  -138.0
 48.5051 18.7600  551   0.20  -4.40  39.52  1123.0   578.0
 48.5052 18.7600  552   0.20  -4.40  39.52  1122.0  1086.0
 48.5052 18.7600  553   0.20  -4.40  39.52  1115.0    17.0
 48.5052 18.7600  554   0.20  -4.40  39.52  1113.0  -370.0
 48.5052 18.7600  555   0.20  -4.40  39.52  1116.0  -146.0
 48.5052 18.7600  556   0.20  -4.40  39.52  1119.0    82.0
 48.5052 18.7600  557   0.20  -4.40  39.52  1114.0   893.0
 48.5052 18.7600  558   0.20  -4.40  39.52  1118.0    -7.0
 48.5052 18.7600  559   0.20  -4.40  39.52  1125.0  -460.0
 48.5052 18.7600  560   0.20  -4.40  39.52  1118.0  -894.0
 48.5052 18.7600  561   0.20  -4.40  39.52  1120.0 -1222.0
 48.5052 18.7600  562   0.20  -4.40  39.52  1123.0   453.0
 48.5052 18.7600  563   0.20  -4.40  39.52  1119.0  -313.0
 48.5052 18.7600  564   0.20  -4.40  39.52  1124.0   374.0
 48.5051 18.7600  565   0.20  -4.40  39.52  1120.0   743.0
 48.5052 18.7600  566   0.20  -4.40  39.52  1117.0  -295.0
 48.5052 18.7600  567   0.20  -4.40  39.52  1124.0  -855.0
 48.5052 18.7600  568   0.20  -4.40  39.52  1125.0  -375.0
 48.5052 18.7600  569   0.20  -4.40  39.52  1118.0  -557.0
 48.5051 18.7600  570   0.20  -4.40  39.52  1111.0  -496.0
 48.5052 18.7600  571   0.20  -4.40  39.52  1125.0  -397.0
