 48.0358 18.6290    0   0.20  -4.39  30.02    47.0  -664.0
 48.0183 18.6290    1   0.20  -4.39  30.02    40.0  -199.0
 48.0182 18.6290    2   0.20  -4.39  30.02    43.0   668.0
 48.0183 18.6290    3   0.20  -4.39  30.02    37.0   427.0
 48.0182 18.6290    4   0.20  -4.39  30.02    63.0   670.0
 48.0183 18.6290    5   0.20  -4.39  30.02    43.0   428.0
 48.0183 18.6290    6   0.20  -4.39  30.02    30.0  -422.0
 48.0183 18.6290    7   0.20  -4.39  30.02    51.0   570.0
 48.0182 18.6290    8   0.20  -4.39  30.02    32.0  -155.0
 48.0183 18.6290    9   0.20  -4.39  30.02    39.0   121.0
 48.0183 18.6290   10   0.20  -4.39  30.02    44.0  -216.0
 48.0183 18.6290   11   0.20  -4.39  30.02    37.0  -534.0
 48.0182 18.6290   12   0.20  -4.39  30.02    37.0   717.0
 48.0183 18.6290   13   0.20  -4.39  30.02    39.0   235.0
 48.0182 18.6290   14   0.20  -4.39  30.02    52.0   559.0
 48.0182 18.6290   15   0.20  -4.39  30.02    55.0  -589.0
 48.0182 18.6290   16   0.20  -4.39  30.02    40.0   334.0
 48.0183 18.6290   17   0.20  -4.39  30.02    37.0    52.0
 48.0183 18.6290   18   0.20  -4.39  30.02    45.0   191.0
 48.0183 18.6290   19   0.20  -4.39  30.02    32.0   438.0
 48.0182 18.6290   20   0.20  -4.39  30.02    47.0   123.0
 48.0183 18.6290   21   0.20  -4.39  30.02    34.0   424.0
 48.0182 18.6290   22   0.20  -4.39  30.02    30.0   -95.0
 48.0183 18.6290   23   0.20  -4.39  30.02    38.0   566.0
 48.0183 18.6290   24   0.20  -4.39  30.02    41.0  -160.0
 48.0183 18.6290   25   0.20  -4.39  30.02    35.0   101.0
 48.0183 18.6290   26   0.20  -4.39  30.02    44.0  -446.0
 48.0183 18.6290   27   0.20  -4.39  30.02    40.0  -721.0
 48.0183 18.6290   28   0.20  -4.39  30.02    34.0   443.0
 48.0183 18.6290   29   0.20  -4.39  30.02    50.0   -70.0
 48.0185 18.6290   30   0.20  -4.39  30.02    40.0   158.0
 48.0187 18.6290   31   0.20  -4.39  30.02    29.0   373.0
 48.0190 18.6290   32   0.20  -4.39  30.02    40.0  -138.0
 48.0192 18.6290   33   0.20  -4.39  30.02    48.0  -183.0
 48.0193 18.6290   34   0.20  -4.39  30.02    48.0   -25.0
 48.0195 18.6290   35   0.20  -4.39  30.02    39.0  -647.0
 48.0196 18.6290   36   0.20  -4.39  30.02    36.0   259.0
 48.0197 18.6290   37   0.20  -4.39  30.02    37.0   106.0
 48.0198 18.6290   38   0.20  -4.39  30.02    39.0    15.0
 48.0200 18.6290   39   0.20  -4.39  30.02    25.0    23.0
 48.0201 18.6290   40   0.20  -4.39  30.02    43.0   406.0
 48.0202 18.6290   41   0.20  -4.39  30.02    42.0   -33.0
 48.0203 18.6290   42   0.20  -4.39  30.02    36.0  -365.0
 48.0204 18.6290   43   0.20  -4.39  30.02    39.0   151.0
 48.0205 18.6290   44   0.20  -4.39  30.02    27.0   -37.0
 48.0206 18.6290   45   0.20  -4.39  30.02    36.0    31.0
 48.0207 18.6290   46   0.20  -4.39  30.02    25.0  -709.0
 48.0208 18.6290   47   0.20  -4.39  30.02    29.0  -560.0
 48.0209 18.6290   48   0.20  -4.39  30.02    36.0   401.0
 48.0211 18.6290   49   0.20  -4.39  30.02    31.0  -255.0
 48.0212 18.6290   50   0.20  -4.39  30.02    31.0  -706.0
 48.0213 18.6290   51   0.20  -4.39  30.02    25.0   187.0
 48.0214 18.6290   52   0.20  -4.39  30.02    30.0   418.0
 48.0215 18.6290   53   0.20  -4.39  30.02    23.0  -751.0
 48.0216 18.6290   54   0.20  -4.39  30.02    21.0   -41.0
 48.0217 18.6290   55   0.20  -4.39  30.02    21.0 -1249.0
 48.0218 18.6290   56   0.20  -4.39  30.02    27.0  -631.0
 48.0219 18.6290   57   0.20  -4.39  30.02    31.0   580.0
 48.0221 18.6290   58   0.20  -4.39  30.02    32.0  -547.0
 48.0222 18.6290   59   0.20  -4.39  30.02    22.0   267.0
 48.0223 18.6290   60   0.20  -4.39  30.02    25.0  -213.0
 48.0224 18.6290   61   0.20  -4.39  30.02    28.0     3.0
 48.0225 18.6290   62   0.20  -4.39  30.02    20.0  -252.0
 48.0226 18.6290   63   0.20  -4.39  30.02    25.0  -882.0
 48.0227 18.6290   64   0.20  -4.39  30.02    18.0  -309.0
 48.0228 18.6290   65   0.20  -4.39  30.02    21.0   -39.0
 48.0229 18.6290   66   0.20  -4.39  30.02    18.0  -757.0
 48.0231 18.6290   67   0.20  -4.39  30.02    16.0   318.0
 48.0232 18.6290   68   0.20  -4.39  30.02    20.0   283.0
 48.0233 18.6290   69   0.20  -4.39  30.02    19.0   207.0
 48.0234 18.6290   70   0.20  -4.39  30.02    20.0   250.0
 48.0235 18.6290   71   0.20  -4.39  30.02    19.0  -126.0
 48.0236 18.6290   72   0.20  -4.39  30.02    21.0  -567.0
 48.0237 18.6290   73   0.20  -4.39  30.02    16.0   -34.0
 48.0238 18.6290   74   0.20  -4.39  30.02    17.0   155.0
 48.0239 18.6290   75   0.20  -4.39  30.02    17.0  -595.0
 48.0240 18.6290   76   0.20  -4.39  30.02    19.0   -91.0
 48.0241 18.6290   77   0.20  -4.39  30.02    16.0  -548.0
 48.0243 18.6290   78   0.20  -4.39  30.02    15.0  -888.0
 48.0244 18.6290   79   0.20  -4.39  30.02    13.0   210.0
 48.0245 18.6290   80   0.20  -4.39  30.02    11.0  -148.0
 48.0246 18.6290   81   0.20  -4.39  30.02    15.0   380.0
 48.0247 18.6290   82   0.20  -4.39  30.02    18.0  -279.0
 48.0248 18.6290   83   0.20  -4.39  30.02    13.0  -759.0
 48.0249 18.6290   84   0.20  -4.39  30.02    16.0   -29.0
 48.0250 18.6290   85   0.20  -4.39  30.02    16.0  -154.0
 48.0252 18.6290   86   0.20  -4.39  30.02    17.0  -440.0
 48.0252 18.6290   87   0.20  -4.39  30.02    17.0  -252.0
 48.0254 18.6290   88   0.20  -4.39  30.02    17.0   225.0
 48.0255 18.6290   89   0.20  -4.39  30.02    17.0  -260.0
 48.0256 18.6290   90   0.20  -4.39  30.02    15.0   122.0
 48.0257 18.6290   91   0.20  -4.39  30.02    14.0  -755.0
 48.0258 18.6290   92   0.20  -4.39  30.02    13.0   -51.0
 48.0259 18.6290   93   0.20  -4.39  30.02    16.0   132.0
 48.0260 18.6290   94   0.20  -4.39  30.02    13.0  -118.0
 48.0261 18.6290   95   0.20  -4.39  30.02    13.0  -214.0
 48.0262 18.6290   96   0.20  -4.39  30.02    12.0  -243.0
 48.0264 18.6290   97   0.20  -4.39  30.02    17.0  -560.0
 48.0265 18.6290   98   0.20  -4.39  30.02    15.0  -799.0
 48.0266 18.6290   99   0.20  -4.39  30.02    15.0  -594.0
 48.0267 18.6290  100   0.20  -4.39  30.02    12.0   106.0
 48.0268 18.6290  101   0.20  -4.39  30.02    14.0   -69.0
 48.0269 18.6290  102   0.20  -4.39  30.02    11.0   308.0
 48.0270 18.6290  103   0.20  -4.39  30.02    12.0  -517.0
 48.0271 18.6290  104   0.20  -4.39  30.02    11.0  -422.0
 48.0273 18.6290  105   0.20  -4.39  30.02    15.0  -585.0
 48.0274 18.6290  106   0.20  -4.39  30.02    17.0  -116.0
 48.0275 18.6290  107   0.20  -4.39  30.02    15.0  -963.0
 48.0276 18.6290  108   0.20  -4.39  30.02    10.0   199.0
 48.0277 18.6290  109   0.20  -4.39  30.02    16.0  -535.0
 48.0278 18.6290  110   0.20  -4.39  30.02    11.0    16.0
 48.0279 18.6290  111   0.20  -4.39  30.02    14.0  -279.0
 48.0280 18.6290  112   0.20  -4.39  30.02    15.0  -187.0
 48.0281 18.6290  113   0.20  -4.39  30.02    18.0 -1365.0
 48.0282 18.6290  114   0.20  -4.39  30.02    12.0  -422.0
 48.0284 18.6290  115   0.20  -4.39  30.02    14.0  -143.0
 48.0285 18.6290  116   0.20  -4.39  30.02    13.0  -783.0
 48.0286 18.6290  117   0.20  -4.39  30.02    12.0   489.0
 48.0287 18.6290  118   0.20  -4.39  30.02    16.0   249.0
 48.0288 18.6290  119   0.20  -4.39  30.02    17.0   -94.0
 48.0289 18.6290  120   0.20  -4.39  30.02    15.0  -258.0
 48.0290 18.6290  121   0.20  -4.39  30.02    16.0     6.0
 48.0291 18.6290  122   0.20  -4.39  30.02    18.0   990.0
 48.0293 18.6290  123   0.20  -4.39  30.02    13.0  -936.0
 48.0294 18.6290  124   0.20  -4.39  30.02    12.0  -113.0
 48.0295 18.6290  125   0.20  -4.39  30.02    16.0 -1020.0
 48.0296 18.6290  126   0.20  -4.39  30.02    13.0   179.0
 48.0297 18.6290  127   0.20  -4.39  30.02    17.0  -376.0
 48.0298 18.6290  128   0.20  -4.39  30.02    21.0  -656.0
 48.0300 18.6290  129   0.20  -4.39  30.02    18.0  -756.0
 48.0301 18.6290  130   0.20  -4.39  30.02    21.0   416.0
 48.0302 18.6290  131   0.20  -4.39  30.02    22.0  -512.0
 48.0303 18.6290  132   0.20  -4.39  30.02    18.0   103.0
 48.0304 18.6290  133   0.20  -4.39  30.02    22.0   122.0
 48.0305 18.6290  134   0.20  -4.39  30.02    20.0   -85.0
 48.0306 18.6290  135   0.20  -4.39  30.02    20.0   -65.0
 48.0308 18.6290  136   0.20  -4.39  30.02    26.0  -245.0
 48.0309 18.6290  137   0.20  -4.39  30.02    19.0  -353.0
 48.0310 18.6290  138   0.20  -4.39  30.02    21.0  -336.0
 48.0311 18.6290  139   0.20  -4.39  30.02    21.0  -402.0
 48.0312 18.6290  140   0.20  -4.39  30.02    25.0   285.0
 48.0313 18.6290  141   0.20  -4.39  30.02    34.0   -92.0
 48.0314 18.6290  142   0.20  -4.39  30.02    28.0    91.0
 48.0315 18.6290  143   0.20  -4.39  30.02    18.0  -278.0
 48.0317 18.6290  144   0.20  -4.39  30.02    30.0   417.0
 48.0318 18.6290  145   0.20  -4.39  30.02    32.0  -920.0
 48.0319 18.6290  146   0.20  -4.39  30.02    21.0  -162.0
 48.0320 18.6290  147   0.20  -4.39  30.02    24.0   -13.0
 48.0321 18.6290  148   0.20  -4.39  30.02    34.0  -769.0
 48.0322 18.6290  149   0.20  -4.39  30.02    33.0  -709.0
 48.0323 18.6290  150   0.20  -4.39  30.02    30.0   239.0
 48.0324 18.6290  151   0.20  -4.39  30.02    39.0   346.0
 48.0325 18.6290  152   0.20  -4.39  30.02    32.0   -12.0
 48.0326 18.6290  153   0.20  -4.39  30.02    34.0    66.0
 48.0327 18.6290  154   0.20  -4.39  30.02    45.0   -35.0
 48.0328 18.6290  155   0.20  -4.39  30.02    36.0   236.0
 48.0330 18.6290  156   0.20  -4.39  30.02    53.0   321.0
 48.0331 18.6290  157   0.20  -4.39  30.02    41.0  -296.0
 48.0332 18.6290  158   0.20  -4.39  30.02    46.0  -467.0
 48.0333 18.6290  159   0.20  -4.39  30.02    48.0  -100.0
 48.0334 18.6290  160   0.20  -4.39  30.02    36.0   547.0
 48.0335 18.6290  161   0.20  -4.39  30.02    57.0  -745.0
 48.0336 18.6290  162   0.20  -4.39  30.02    54.0   309.0
 48.0338 18.6290  163   0.20  -4.39  30.02    62.0   232.0
 48.0339 18.6290  164   0.20  -4.39  30.02    66.0  -387.0
 48.0340 18.6290  165   0.20  -4.39  30.02    63.0  -522.0
 48.0341 18.6290  166   0.20  -4.39  30.02    58.0  -568.0
 48.0342 18.6290  167   0.20  -4.39  30.02    79.0  -101.0
 48.0343 18.6290  168   0.20  -4.39  30.02    54.0    45.0
 48.0344 18.6290  169   0.20  -4.39  30.02    77.0  -112.0
 48.0345 18.6290  170   0.20  -4.39  30.02    84.0  -777.0
 48.0347 18.6290  171   0.20  -4.39  30.02    66.0  -392.0
 48.0348 18.6290  172   0.20  -4.39  30.02    85.0   429.0
 48.0349 18.6290  173   0.20  -4.39  30.02    76.0   146.0
 48.0350 18.6290  174   0.20  -4.39  30.02    60.0  -174.0
 48.0351 18.6290  175   0.20  -4.39  30.02    73.0    30.0
 48.0352 18.6290  176   0.20  -4.39  30.02    85.0  -282.0
 48.0353 18.6290  177   0.20  -4.39  30.02    76.0   113.0
 48.0354 18.6290  178   0.20  -4.39  30.02   101.0   213.0
 48.0355 18.6290  179   0.20  -4.39  30.02    85.0   302.0
 48.0357 18.6290  180   0.20  -4.39  30.02    82.0  1042.0
 48.0358 18.6290  181   0.20  -4.39  30.02    88.0   175.0
 48.0359 18.6290  182   0.20  -4.39  30.02    78.0   -36.0
 48.0360 18.6290  183   0.20  -4.39  30.02    92.0  -339.0
 48.0361 18.6290  184   0.20  -4.39  30.02    96.0  -283.0
 48.0362 18.6290  185   0.20  -4.39  30.02    83.0  -310.0
 48.0363 18.6290  186   0.20  -4.39  30.02    92.0   -93.0
 48.0364 18.6290  187   0.20  -4.39  30.02   103.0   553.0
 48.0365 18.6290  188   0.20  -4.39  30.02    86.0  -639.0
 48.0366 18.6290  189   0.20  -4.39  30.02    94.0  -402.0
 48.0368 18.6290  190   0.20  -4.39  30.02    77.0  -759.0
 48.0369 18.6290  191   0.20  -4.39  30.02   108.0  -693.0
 48.0370 18.6290  192   0.20  -4.39  30.02    96.0  -632.0
 48.0371 18.6290  193   0.20  -4.39  30.02   118.0  -619.0
 48.0372 18.6290  194   0.20  -4.39  30.02   112.0  -151.0
 48.0373 18.6290  195   0.20  -4.39  30.02    87.0  -208.0
 48.0374 18.6290  196   0.20  -4.39  30.02    82.0   365.0
 48.0375 18.6290  197   0.20  -4.39  30.02   107.0  -848.0
 48.0376 18.6290  198   0.20  -4.39  30.02   104.0  -472.0
 48.0378 18.6290  199   0.20  -4.39  30.02   109.0  -286.0
 48.0379 18.6290  200   0.20  -4.39  30.02    97.0   378.0
 48.0380 18.6290  201   0.20  -4.39  30.02   111.0    58.0
 48.0381 18.6290  202   0.20  -4.39  30.02    79.0  -286.0
 48.0382 18.6290  203   0.20  -4.39  30.02   115.0  -382.0
 48.0383 18.6290  204   0.20  -4.39  30.02    87.0  -540.0
 48.0384 18.6290  205   0.20  -4.39  30.02   108.0 -1018.0
 48.0386 18.6290  206   0.20  -4.39  30.02   104.0    -2.0
 48.0387 18.6290  207   0.20  -4.39  30.02    99.0  -652.0
 48.0388 18.6290  208   0.20  -4.39  30.02    91.0  -291.0
 48.0389 18.6290  209   0.20  -4.39  30.02   123.0  -241.0
 48.0390 18.6290  210   0.20  -4.39  30.02    90.0  -748.0
 48.0391 18.6290  211   0.20  -4.39  30.02   121.0  -150.0
 48.0392 18.6290  212   0.20  -4.39  30.02   114.0   -38.0
 48.0393 18.6290  213   0.20  -4.39  30.02    96.0  -265.0
 48.0394 18.6290  214   0.20  -4.39  30.02    99.0   848.0
 48.0395 18.6290  215   0.20  -4.39  30.02   120.0  -367.0
 48.0396 18.6290  216   0.20  -4.39  30.02   100.0  -958.0
 48.0398 18.6290  217   0.20  -4.39  30.02   109.0  -619.0
 48.0399 18.6290  218   0.20  -4.39  30.02   113.0   388.0
 48.0400 18.6290  219   0.20  -4.39  30.02   118.0   -68.0
 48.0401 18.6290  220   0.20  -4.39  30.02   101.0  -259.0
 48.0402 18.6290  221   0.20  -4.39  30.02   115.0  -512.0
 48.0403 18.6290  222   0.20  -4.39  30.02   111.0  -384.0
 48.0405 18.6290  223   0.20  -4.39  30.02   113.0   156.0
 48.0406 18.6290  224   0.20  -4.39  30.02   114.0  -402.0
 48.0407 18.6290  225   0.20  -4.39  30.02   107.0  -494.0
 48.0408 18.6290  226   0.20  -4.39  30.02   100.0  -294.0
 48.0409 18.6290  227   0.20  -4.39  30.02   118.0  -849.0
 48.0410 18.6290  228   0.20  -4.39  30.02   101.0  -550.0
 48.0411 18.6290  229   0.20  -4.39  30.02    96.0  -502.0
 48.0412 18.6290  230   0.20  -4.39  30.02    95.0  -333.0
 48.0413 18.6290  231   0.20  -4.39  30.02   109.0  -619.0
 48.0414 18.6290  232   0.20  -4.39  30.02   102.0   413.0
 48.0416 18.6290  233   0.20  -4.39  30.02    95.0   875.0
 48.0417 18.6290  234   0.20  -4.39  30.02   115.0   331.0
 48.0418 18.6290  235   0.20  -4.39  30.02    79.0   290.0
 48.0419 18.6290  236   0.20  -4.39  30.02    87.0  -411.0
 48.0420 18.6290  237   0.20  -4.39  30.02    98.0   375.0
 48.0421 18.6290  238   0.20  -4.39  30.02    95.0  -494.0
 48.0422 18.6290  239   0.20  -4.39  30.02   112.0  -903.0
 48.0423 18.6290  240   0.20  -4.39  30.02    98.0  -144.0
 48.0424 18.6290  241   0.20  -4.39  30.02   100.0  -343.0
 48.0426 18.6290  242   0.20  -4.39  30.02   121.0  1233.0
 48.0427 18.6290  243   0.20  -4.39  30.02    86.0   208.0
 48.0428 18.6290  244   0.20  -4.39  30.02    98.0  -516.0
 48.0429 18.6290  245   0.20  -4.39  30.02    93.0  -266.0
 48.0430 18.6290  246   0.20  -4.39  30.02   104.0  -544.0
 48.0431 18.6290  247   0.20  -4.39  30.02   104.0   175.0
 48.0432 18.6290  248   0.20  -4.39  30.02    88.0   161.0
 48.0433 18.6290  249   0.20  -4.39  30.02   113.0    57.0
 48.0435 18.6290  250   0.20  -4.39  30.02    84.0   526.0
 48.0436 18.6290  251   0.20  -4.39  30.02   110.0 -1105.0
 48.0437 18.6290  252   0.20  -4.39  30.02   106.0  -118.0
 48.0438 18.6290  253   0.20  -4.39  30.02   114.0  -413.0
 48.0439 18.6290  254   0.20  -4.39  30.02   109.0   310.0
 48.0440 18.6290  255   0.20  -4.39  30.02   115.0  -485.0
 48.0441 18.6290  256   0.20  -4.39  30.02   107.0   116.0
 48.0442 18.6290  257   0.20  -4.39  30.02   100.0   452.0
 48.0444 18.6290  258   0.20  -4.39  30.02    89.0  -648.0
 48.0445 18.6290  259   0.20  -4.39  30.02   108.0    86.0
 48.0446 18.6290  260   0.20  -4.39  30.02    97.0  -472.0
 48.0447 18.6290  261   0.20  -4.39  30.02   105.0  -201.0
 48.0448 18.6290  262   0.20  -4.39  30.02   127.0  -507.0
 48.0449 18.6290  263   0.20  -4.39  30.02   105.0 -1876.0
 48.0450 18.6290  264   0.20  -4.39  30.02    93.0   -26.0
 48.0452 18.6290  265   0.20  -4.39  30.02   107.0  -297.0
 48.0457 18.6290  266   0.20  -4.39  30.02   122.0  -243.0
 48.0463 18.6290  267   0.20  -4.39  30.02   129.0  -483.0
 48.0467 18.6290  268   0.20  -4.39  30.02   126.0   157.0
 48.0471 18.6290  269   0.20  -4.39  30.02   130.0  -862.0
 48.0474 18.6290  270   0.20  -4.39  30.02   140.0  -772.0
 48.0476 18.6290  271   0.20  -4.39  30.02   151.0  -617.0
 48.0479 18.6290  272   0.20  -4.39  30.02   148.0  -392.0
 48.0482 18.6290  273   0.20  -4.39  30.02   168.0  -497.0
 48.0485 18.6290  274   0.20  -4.39  30.02   160.0  -492.0
 48.0488 18.6290  275   0.20  -4.39  30.02   168.0   902.0
 48.0491 18.6290  276   0.20  -4.39  30.02   171.0   563.0
 48.0493 18.6290  277   0.20  -4.39  30.02   168.0  -919.0
 48.0496 18.6290  278   0.20  -4.39  30.02   181.0   245.0
 48.0499 18.6290  279   0.20  -4.39  30.02   171.0   359.0
 48.0502 18.6290  280   0.20  -4.39  30.02   183.0  -258.0
 48.0505 18.6290  281   0.20  -4.39  30.02   181.0   906.0
 48.0508 18.6290  282   0.20  -4.39  30.02   193.0   464.0
 48.0511 18.6290  283   0.20  -4.39  30.02   200.0   350.0
 48.0513 18.6290  284   0.20  -4.39  30.02   187.0    25.0
 48.0516 18.6290  285   0.20  -4.39  30.02   192.0   284.0
 48.0519 18.6290  286   0.20  -4.39  30.02   198.0   146.0
 48.0522 18.6290  287   0.20  -4.39  30.02   206.0   237.0
 48.0524 18.6290  288   0.20  -4.39  30.02   205.0   103.0
 48.0527 18.6290  289   0.20  -4.39  30.02   206.0   -87.0
 48.0530 18.6290  290   0.20  -4.39  30.02   215.0  -253.0
 48.0533 18.6290  291   0.20  -4.39  30.02   207.0  -390.0
 48.0536 18.6290  292   0.20  -4.39  30.02   206.0  -501.0
 48.0539 18.6290  293   0.20  -4.39  30.02   205.0   205.0
 48.0541 18.6290  294   0.20  -4.39  30.02   217.0  -999.0
 48.0544 18.6290  295   0.20  -4.39  30.02   214.0   388.0
 48.0547 18.6290  296   0.20  -4.39  30.02   206.0  -464.0
 48.0550 18.6290  297   0.20  -4.39  30.02   207.0  1120.0
 48.0552 18.6290  298   0.20  -4.39  30.02   209.0   545.0
 48.0555 18.6290  299   0.20  -4.39  30.02   205.0   124.0
 48.0558 18.6290  300   0.20  -4.39  30.02   212.0  -340.0
 48.0561 18.6290  301   0.20  -4.39  30.02   214.0   262.0
 48.0564 18.6290  302   0.20  -4.39  30.02   204.0  -353.0
 48.0567 18.6290  303   0.20  -4.39  30.02   209.0  -104.0
 48.0570 18.6290  304   0.20  -4.39  30.02   213.0   433.0
 48.0573 18.6290  305   0.20  -4.39  30.02   207.0  -561.0
 48.0575 18.6290  306   0.20  -4.39  30.02   200.0  -135.0
 48.0578 18.6290  307   0.20  -4.39  30.02   201.0   -76.0
 48.0581 18.6290  308   0.20  -4.39  30.02   194.0  -561.0
 48.0584 18.6290  309   0.20  -4.39  30.02   190.0  -270.0
 48.0586 18.6290  310   0.20  -4.39  30.02   187.0  -286.0
 48.0589 18.6290  311   0.20  -4.39  30.02   190.0 -1206.0
 48.0593 18.6290  312   0.20  -4.39  30.02   184.0   540.0
 48.0596 18.6290  313   0.20  -4.39  30.02   180.0   910.0
 48.0598 18.6290  314   0.20  -4.39  30.02   174.0  -557.0
 48.0601 18.6290  315   0.20  -4.39  30.02   163.0   311.0
 48.0604 18.6290  316   0.20  -4.39  30.02   165.0  -461.0
 48.0607 18.6290  317   0.20  -4.39  30.02   163.0    45.0
 48.0610 18.6290  318   0.20  -4.39  30.02   165.0   258.0
 48.0613 18.6290  319   0.20  -4.39  30.02   151.0   -26.0
 48.0615 18.6290  320   0.20  -4.39  30.02   159.0   -71.0
 48.0618 18.6290  321   0.20  -4.39  30.02   145.0   -45.0
 48.0621 18.6290  322   0.20  -4.39  30.02   141.0  -516.0
 48.0624 18.6290  323   0.20  -4.39  30.02   135.0   341.0
 48.0627 18.6290  324   0.20  -4.39  30.02    91.0  -214.0
 48.0630 18.6290  325   0.20  -4.39  30.02    92.0   665.0
 48.0633 18.6290  326   0.20  -4.39  30.02    90.0 -1155.0
 48.0635 18.6290  327   0.20  -4.39  30.02    68.0  -479.0
 48.0638 18.6290  328   0.20  -4.39  30.02    69.0  -627.0
 48.0641 18.6290  329   0.20  -4.39  30.02    79.0  -154.0
 48.0643 18.6290  330   0.20  -4.39  30.02    64.0  -228.0
 48.0646 18.6290  331   0.20  -4.39  30.02    63.0   -78.0
 48.0649 18.6290  332   0.20  -4.39  30.02    53.0     8.0
 48.0652 18.6290  333   0.20  -4.39  30.02    46.0   205.0
 48.0654 18.6290  334   0.20  -4.39  30.02    49.0   375.0
 48.0657 18.6290  335   0.20  -4.39  30.02    37.0   -61.0
 48.0660 18.6290  336   0.20  -4.39  30.02    32.0    12.0
 48.0663 18.6290  337   0.20  -4.39  30.02    31.0  -589.0
 48.0666 18.6290  338   0.20  -4.39  30.02    21.0  -127.0
 48.0668 18.6290  339   0.20  -4.39  30.02    26.0  -312.0
 48.0671 18.6290  340   0.20  -4.39  30.02    21.0   339.0
 48.0674 18.6290  341   0.20  -4.39  30.02    23.0  -617.0
 48.0677 18.6290  342   0.20  -4.39  30.02    21.0   227.0
 48.0680 18.6290  343   0.20  -4.39  30.02    19.0    92.0
 48.0683 18.6290  344   0.20  -4.39  30.02    19.0  -946.0
 48.0685 18.6290  345   0.20  -4.39  30.02    18.0   136.0
 48.0688 18.6290  346   0.20  -4.39  30.02    21.0   366.0
 48.0691 18.6290  347   0.20  -4.39  30.02    16.0  -669.0
 48.0694 18.6290  348   0.20  -4.39  30.02    19.0   -53.0
 48.0697 18.6290  349   0.20  -4.39  30.02    14.0  -137.0
 48.0700 18.6290  350   0.20  -4.39  30.02    14.0   294.0
 48.0702 18.6290  351   0.20  -4.39  30.02    15.0   257.0
 48.0705 18.6290  352   0.20  -4.39  30.02    14.0  -513.0
 48.0708 18.6290  353   0.20  -4.39  30.02    14.0  -664.0
 48.0710 18.6290  354   0.20  -4.39  30.02    17.0    43.0
 48.0713 18.6290  355   0.20  -4.39  30.02    13.0  -138.0
 48.0716 18.6290  356   0.20  -4.39  30.02    15.0  -237.0
 48.0719 18.6290  357   0.20  -4.39  30.02    17.0    71.0
 48.0721 18.6290  358   0.20  -4.39  30.02    16.0   201.0
 48.0724 18.6290  359   0.20  -4.39  30.02    12.0   273.0
 48.0727 18.6290  360   0.20  -4.39  30.02    18.0   260.0
 48.0730 18.6290  361   0.20  -4.39  30.02    11.0   -83.0
 48.0732 18.6290  362   0.20  -4.39  30.02     9.0   556.0
 48.0735 18.6290  363   0.20  -4.39  30.02    17.0  -705.0
 48.0738 18.6290  364   0.20  -4.39  30.02    17.0  -398.0
 48.0741 18.6290  365   0.20  -4.39  30.02    15.0   353.0
 48.0743 18.6290  366   0.20  -4.39  30.02    10.0   417.0
 48.0746 18.6290  367   0.20  -4.39  30.02    18.0  -349.0
 48.0749 18.6290  368   0.20  -4.39  30.02    18.0  -440.0
 48.0752 18.6290  369   0.20  -4.39  30.02    17.0  -180.0
 48.0755 18.6290  370   0.20  -4.39  30.02    14.0   -50.0
 48.0757 18.6290  371   0.20  -4.39  30.02    12.0  -221.0
 48.0760 18.6290  372   0.20  -4.39  30.02    21.0   -35.0
 48.0763 18.6290  373   0.20  -4.39  30.02    20.0    67.0
 48.0765 18.6290  374   0.20  -4.39  30.02    26.0   693.0
 48.0768 18.6290  375   0.20  -4.39  30.02    23.0    25.0
 48.0771 18.6290  376   0.20  -4.39  30.02    20.0   267.0
 48.0773 18.6290  377   0.20  -4.39  30.02    42.0  -400.0
 48.0776 18.6290  378   0.20  -4.39  30.02    41.0   -72.0
 48.0779 18.6290  379   0.20  -4.39  30.02    46.0  -821.0
 48.0782 18.6290  380   0.20  -4.39  30.02    69.0   -31.0
 48.0784 18.6290  381   0.20  -4.39  30.02    56.0   378.0
 48.0787 18.6290  382   0.20  -4.39  30.02    67.0  -270.0
 48.0790 18.6290  383   0.20  -4.39  30.02    79.0  -264.0
 48.0793 18.6290  384   0.20  -4.39  30.02    84.0    22.0
 48.0796 18.6290  385   0.20  -4.39  30.02   119.0  -327.0
 48.0798 18.6290  386   0.20  -4.39  30.02   110.0   565.0
 48.0801 18.6290  387   0.20  -4.39  30.02   109.0  -486.0
 48.0804 18.6290  388   0.20  -4.39  30.02   125.0  1226.0
 48.0807 18.6290  389   0.20  -4.39  30.02   137.0   -57.0
 48.0809 18.6290  390   0.20  -4.39  30.02   143.0  -138.0
 48.0812 18.6290  391   0.20  -4.39  30.02   138.0  -692.0
 48.0815 18.6290  392   0.20  -4.39  30.02   155.0  -827.0
 48.0817 18.6290  393   0.20  -4.39  30.02   163.0  -428.0
 48.0820 18.6290  394   0.20  -4.39  30.02   168.0  -784.0
 48.0823 18.6290  395   0.20  -4.39  30.02   152.0  -363.0
 48.0826 18.6290  396   0.20  -4.39  30.02   172.0  -689.0
 48.0828 18.6290  397   0.20  -4.39  30.02   181.0  -291.0
 48.0831 18.6290  398   0.20  -4.39  30.02   182.0   153.0
 48.0834 18.6290  399   0.20  -4.39  30.02   191.0   681.0
 48.0837 18.6290  400   0.20  -4.39  30.02   196.0   792.0
 48.0839 18.6290  401   0.20  -4.39  30.02   186.0   353.0
 48.0842 18.6290  402   0.20  -4.39  30.02   195.0  -306.0
 48.0845 18.6290  403   0.20  -4.39  30.02   207.0   319.0
 48.0848 18.6290  404   0.20  -4.39  30.02   214.0    33.0
 48.0851 18.6290  405   0.20  -4.39  30.02   207.0   478.0
 48.0853 18.6290  406   0.20  -4.39  30.02   210.0   -77.0
 48.0857 18.6290  407   0.20  -4.39  30.02   211.0   317.0
 48.0859 18.6290  408   0.20  -4.39  30.02   219.0   955.0
 48.0862 18.6290  409   0.20  -4.39  30.02   219.0   442.0
 48.0865 18.6290  410   0.20  -4.39  30.02   203.0   370.0
 48.0868 18.6290  411   0.20  -4.39  30.02   214.0   -15.0
 48.0871 18.6290  412   0.20  -4.39  30.02   213.0  -498.0
 48.0873 18.6290  413   0.20  -4.39  30.02   216.0  -252.0
 48.0876 18.6290  414   0.20  -4.39  30.02   221.0  -334.0
 48.0879 18.6290  415   0.20  -4.39  30.02   222.0  -348.0
 48.0882 18.6290  416   0.20  -4.39  30.02   223.0    13.0
 48.0884 18.6290  417   0.20  -4.39  30.02   228.0   424.0
 48.0887 18.6290  418   0.20  -4.39  30.02   224.0  -679.0
 48.0890 18.6290  419   0.20  -4.39  30.02   230.0 -1108.0
 48.0892 18.6290  420   0.20  -4.39  30.02   218.0    76.0
 48.0895 18.6290  421   0.20  -4.39  30.02   225.0  -794.0
 48.0898 18.6290  422   0.20  -4.39  30.02   218.0  -634.0
 48.0901 18.6290  423   0.20  -4.39  30.02   216.0  -946.0
 48.0903 18.6290  424   0.20  -4.39  30.02   220.0  -141.0
 48.0906 18.6290  425   0.20  -4.39  30.02   221.0  -215.0
 48.0909 18.6290  426   0.20  -4.39  30.02   217.0   271.0
 48.0912 18.6290  427   0.20  -4.39  30.02   220.0   -31.0
 48.0914 18.6290  428   0.20  -4.39  30.02   217.0  -731.0
 48.0917 18.6290  429   0.20  -4.39  30.02   212.0   927.0
 48.0920 18.6290  430   0.20  -4.39  30.02   221.0  -152.0
 48.0923 18.6290  431   0.20  -4.39  30.02   213.0   810.0
 48.0926 18.6290  432   0.20  -4.39  30.02   217.0   -88.0
 48.0928 18.6290  433   0.20  -4.39  30.02   217.0 -1388.0
 48.0931 18.6290  434   0.20  -4.39  30.02   207.0  -952.0
 48.0934 18.6290  435   0.20  -4.39  30.02   204.0   353.0
 48.0936 18.6290  436   0.20  -4.39  30.02   211.0   -42.0
 48.0939 18.6290  437   0.20  -4.39  30.02   202.0 -1028.0
 48.0942 18.6290  438   0.20  -4.39  30.02   192.0  -314.0
 48.0945 18.6290  439   0.20  -4.39  30.02   200.0  -299.0
 48.0948 18.6290  440   0.20  -4.39  30.02   202.0   -64.0
 48.0950 18.6290  441   0.20  -4.39  30.02   199.0  -463.0
 48.0953 18.6290  442   0.20  -4.39  30.02   191.0  -817.0
 48.0956 18.6290  443   0.20  -4.39  30.02   194.0  -156.0
 48.0958 18.6290  444   0.20  -4.39  30.02   200.0  -114.0
 48.0961 18.6290  445   0.20  -4.39  30.02   177.0   -34.0
 48.0964 18.6290  446   0.20  -4.39  30.02   182.0  -480.0
 48.0967 18.6290  447   0.20  -4.39  30.02   187.0  1425.0
 48.0970 18.6290  448   0.20  -4.39  30.02   201.0   246.0
 48.0972 18.6290  449   0.20  -4.39  30.02   186.0  -454.0
 48.0975 18.6290  450   0.20  -4.39  30.02   187.0   187.0
 48.0978 18.6290  451   0.20  -4.39  30.02   192.0  -277.0
 48.0981 18.6290  452   0.20  -4.39  30.02   197.0  -532.0
 48.0983 18.6290  453   0.20  -4.39  30.02   186.0   904.0
 48.0986 18.6290  454   0.20  -4.39  30.02   194.0   123.0
 48.0989 18.6290  455   0.20  -4.39  30.02   184.0  -457.0
 48.0991 18.6290  456   0.20  -4.39  30.02   179.0   310.0
 48.0994 18.6290  457   0.20  -4.39  30.02   188.0  -462.0
 48.0997 18.6290  458   0.20  -4.39  30.02   197.0   294.0
 48.1000 18.6290  459   0.20  -4.39  30.02   189.0   584.0
 48.1002 18.6290  460   0.20  -4.39  30.02   191.0   456.0
 48.1005 18.6290  461   0.20  -4.39  30.02   190.0   369.0
 48.1008 18.6290  462   0.20  -4.39  30.02   187.0   258.0
 48.1011 18.6290  463   0.20  -4.39  30.02   189.0   425.0
 48.1013 18.6290  464   0.20  -4.39  30.02   188.0  -126.0
 48.1016 18.6290  465   0.20  -4.39  30.02   187.0   118.0
 48.1019 18.6290  466   0.20  -4.39  30.02   178.0   545.0
 48.1022 18.6290  467   0.20  -4.39  30.02   185.0   124.0
 48.1025 18.6290  468   0.20  -4.39  30.02   186.0  -672.0
 48.1027 18.6290  469   0.20  -4.39  30.02   189.0  -763.0
 48.1030 18.6290  470   0.20  -4.39  30.02   191.0  -309.0
 48.1033 18.6290  471   0.20  -4.39  30.02   178.0  -263.0
 48.1036 18.6290  472   0.20  -4.39  30.02   184.0   294.0
 48.1038 18.6290  473   0.20  -4.39  30.02   184.0  -273.0
 48.1041 18.6290  474   0.20  -4.39  30.02   187.0   -28.0
 48.1044 18.6290  475   0.20  -4.39  30.02   180.0   263.0
 48.1047 18.6290  476   0.20  -4.39  30.02   180.0  -483.0
 48.1049 18.6290  477   0.20  -4.39  30.02   186.0   613.0
 48.1052 18.6290  478   0.20  -4.39  30.02   186.0   250.0
 48.1055 18.6290  479   0.20  -4.39  30.02   177.0   216.0
 48.1058 18.6290  480   0.20  -4.39  30.02   173.0  -527.0
 48.1061 18.6290  481   0.20  -4.39  30.02   162.0   446.0
 48.1064 18.6290  482   0.20  -4.39  30.02   170.0   486.0
 48.1066 18.6290  483   0.20  -4.39  30.02   167.0   -32.0
 48.1069 18.6290  484   0.20  -4.39  30.02   164.0    45.0
 48.1072 18.6290  485   0.20  -4.39  30.02   157.0  -252.0
 48.1075 18.6290  486   0.20  -4.39  30.02   155.0  -111.0
 48.1078 18.6290  487   0.20  -4.39  30.02   146.0 -1064.0
 48.1080 18.6290  488   0.20  -4.39  30.02   141.0  -261.0
 48.1083 18.6290  489   0.20  -4.39  30.02   140.0  -126.0
 48.1086 18.6290  490   0.20  -4.39  30.02   126.0  -165.0
 48.1089 18.6290  491   0.20  -4.39  30.02   128.0  -293.0
 48.1092 18.6290  492   0.20  -4.39  30.02   125.0   201.0
 48.1094 18.6290  493   0.20  -4.39  30.02   115.0   340.0
 48.1097 18.6290  494   0.20  -4.39  30.02    98.0  -119.0
 48.1100 18.6290  495   0.20  -4.39  30.02    91.0   182.0
 48.1103 18.6290  496   0.20  -4.39  30.02   104.0   176.0
 48.1105 18.6290  497   0.20  -4.39  30.02    83.0   241.0
 48.1108 18.6290  498   0.20  -4.39  30.02    82.0   315.0
 48.1111 18.6290  499   0.20  -4.39  30.02    56.0  -448.0
 48.1113 18.6290  500   0.20  -4.39  30.02    44.0   197.0
 48.1117 18.6290  501   0.20  -4.39  30.02    45.0   673.0
 48.1119 18.6290  502   0.20  -4.39  30.02    41.0  -455.0
 48.1122 18.6290  503   0.20  -4.39  30.02    26.0   -69.0
 48.1125 18.6290  504   0.20  -4.39  30.02    31.0  -197.0
 48.1128 18.6290  505   0.20  -4.39  30.02    24.0  -261.0
 48.1131 18.6290  506   0.20  -4.39  30.02    19.0  -622.0
 48.1134 18.6290  507   0.20  -4.39  30.02    26.0  -319.0
 48.1137 18.6290  508   0.20  -4.39  30.02    16.0   636.0
 48.1139 18.6290  509   0.20  -4.39  30.02    13.0   300.0
 48.1142 18.6290  510   0.20  -4.39  30.02    15.0  -242.0
 48.1145 18.6290  511   0.20  -4.39  30.02    15.0    62.0
 48.1148 18.6290  512   0.20  -4.39  30.02    19.0   -48.0
 48.1150 18.6290  513   0.20  -4.39  30.02    19.0   265.0
 48.1153 18.6290  514   0.20  -4.39  30.02    14.0   863.0
 48.1156 18.6290  515   0.20  -4.39  30.02    18.0  -943.0
 48.1159 18.6290  516   0.20  -4.39  30.02    15.0  -526.0
 48.1161 18.6290  517   0.20  -4.39  30.02    17.0   -10.0
 48.1164 18.6290  518   0.20  -4.39  30.02    14.0  -257.0
 48.1167 18.6290  519   0.20  -4.39  30.02    13.0   293.0
 48.1170 18.6290  520   0.20  -4.39  30.02    13.0  -386.0
 48.1172 18.6290  521   0.20  -4.39  30.02    15.0   -25.0
 48.1175 18.6290  522   0.20  -4.39  30.02    13.0   495.0
 48.1178 18.6290  523   0.20  -4.39  30.02    16.0   204.0
 48.1181 18.6290  524   0.20  -4.39  30.02    16.0   -29.0
 48.1184 18.6290  525   0.20  -4.39  30.02    16.0    -6.0
 48.1186 18.6290  526   0.20  -4.39  30.02    15.0   114.0
 48.1189 18.6290  527   0.20  -4.39  30.02    18.0   -45.0
 48.1192 18.6290  528   0.20  -4.39  30.02    19.0   -33.0
 48.1195 18.6290  529   0.20  -4.39  30.02    18.0   425.0
 48.1198 18.6290  530   0.20  -4.39  30.02    19.0  -608.0
 48.1200 18.6290  531   0.20  -4.39  30.02    14.0  -593.0
 48.1203 18.6290  532   0.20  -4.39  30.02    18.0  -182.0
 48.1206 18.6290  533   0.20  -4.39  30.02    25.0  -231.0
 48.1208 18.6290  534   0.20  -4.39  30.02    21.0  -187.0
 48.1211 18.6290  535   0.20  -4.39  30.02    20.0  -171.0
 48.1214 18.6290  536   0.20  -4.39  30.02    20.0  -487.0
 48.1217 18.6290  537   0.20  -4.39  30.02    21.0   229.0
 48.1219 18.6290  538   0.20  -4.39  30.02    23.0   157.0
 48.1222 18.6290  539   0.20  -4.39  30.02    27.0  -901.0
 48.1225 18.6290  540   0.20  -4.39  30.02    30.0  -182.0
 48.1228 18.6290  541   0.20  -4.39  30.02    26.0   668.0
 48.1231 18.6290  542   0.20  -4.39  30.02    26.0    32.0
 48.1233 18.6290  543   0.20  -4.39  30.02    29.0  -198.0
 48.1236 18.6290  544   0.20  -4.39  30.02    36.0   186.0
 48.1239 18.6290  545   0.20  -4.39  30.02    29.0  -975.0
 48.1242 18.6290  546   0.20  -4.39  30.02    25.0   654.0
 48.1245 18.6290  547   0.20  -4.39  30.02    29.0  -311.0
 48.1247 18.6290  548   0.20  -4.39  30.02    30.0     0.0
 48.1250 18.6290  549   0.20  -4.39  30.02    31.0   -38.0
 48.1253 18.6290  550   0.20  -4.39  30.02    30.0   -41.0
 48.1256 18.6290  551   0.20  -4.39  30.02    37.0  -707.0
 48.1258 18.6290  552   0.20  -4.39  30.02    35.0  -950.0
 48.1261 18.6290  553   0.20  -4.39  30.02    26.0  -326.0
 48.1264 18.6290  554   0.20  -4.39  30.02    30.0   103.0
 48.1267 18.6290  555   0.20  -4.39  30.02    37.0    36.0
 48.1269 18.6290  556   0.20  -4.39  30.02    36.0    30.0
 48.1272 18.6290  557   0.20  -4.39  30.02    21.0 -1066.0
 48.1275 18.6290  558   0.20  -4.39  30.02    33.0  -101.0
 48.1278 18.6290  559   0.20  -4.39  30.02    43.0  -461.0
 48.1280 18.6290  560   0.20  -4.39  30.02    31.0  -984.0
 48.1283 18.6290  561   0.20  -4.39  30.02    32.0  -525.0
 48.1286 18.6290  562   0.20  -4.39  30.02    40.0  -314.0
 48.1289 18.6290  563   0.20  -4.39  30.02    41.0 -1091.0
 48.1291 18.6290  564   0.20  -4.39  30.02    37.0  -268.0
 48.1294 18.6290  565   0.20  -4.39  30.02    30.0    77.0
 48.1297 18.6290  566   0.20  -4.39  30.02    37.0   885.0
 48.1300 18.6290  567   0.20  -4.39  30.02    30.0  -508.0
 48.1302 18.6290  568   0.20  -4.39  30.02    39.0  -386.0
 48.1305 18.6290  569   0.20  -4.39  30.02    48.0  -412.0
 48.1308 18.6290  570   0.20  -4.39  30.02    41.0    32.0
 48.1311 18.6290  571   0.20  -4.39  30.02    42.0  -563.0
 48.1313 18.6290  572   0.20  -4.39  30.02    59.0  -711.0
 48.1316 18.6290  573   0.20  -4.39  30.02    45.0   884.0
 48.1319 18.6290  574   0.20  -4.39  30.02    44.0    97.0
 48.1322 18.6290  575   0.20  -4.39  30.02    49.0  -608.0
 48.1324 18.6290  576   0.20  -4.39  30.02    55.0  -329.0
 48.1327 18.6290  577   0.20  -4.39  30.02    71.0   215.0
 48.1330 18.6290  578   0.20  -4.39  30.02    73.0  -606.0
 48.1333 18.6290  579   0.20  -4.39  30.02    81.0   -89.0
 48.1335 18.6290  580   0.20  -4.39  30.02    80.0  -745.0
 48.1338 18.6290  581   0.20  -4.39  30.02   102.0   -84.0
 48.1341 18.6290  582   0.20  -4.39  30.02   109.0    73.0
 48.1344 18.6290  583   0.20  -4.39  30.02   117.0   406.0
 48.1346 18.6290  584   0.20  -4.39  30.02   122.0  -515.0
 48.1349 18.6290  585   0.20  -4.39  30.02   113.0  -355.0
 48.1352 18.6290  586   0.20  -4.39  30.02   117.0   216.0
 48.1355 18.6290  587   0.20  -4.39  30.02   148.0   403.0
 48.1357 18.6290  588   0.20  -4.39  30.02   150.0  -679.0
 48.1360 18.6290  589   0.20  -4.39  30.02   144.0   -73.0
 48.1363 18.6290  590   0.20  -4.39  30.02   146.0   326.0
 48.1366 18.6290  591   0.20  -4.39  30.02   164.0 -1385.0
 48.1368 18.6290  592   0.20  -4.39  30.02   171.0   166.0
 48.1371 18.6290  593   0.20  -4.39  30.02   171.0  -162.0
 48.1374 18.6290  594   0.20  -4.39  30.02   160.0  -398.0
 48.1377 18.6290  595   0.20  -4.39  30.02   170.0  -342.0
 48.1380 18.6290  596   0.20  -4.39  30.02   179.0   762.0
 48.1383 18.6290  597   0.20  -4.39  30.02   180.0  -795.0
 48.1386 18.6290  598   0.20  -4.39  30.02   189.0   598.0
 48.1389 18.6290  599   0.20  -4.39  30.02   193.0    61.0
 48.1391 18.6290  600   0.20  -4.39  30.02   191.0  -840.0
 48.1394 18.6290  601   0.20  -4.39  30.02   197.0  -762.0
 48.1397 18.6290  602   0.20  -4.39  30.02   191.0  -790.0
 48.1400 18.6290  603   0.20  -4.39  30.02   196.0   -49.0
 48.1403 18.6290  604   0.20  -4.39  30.02   201.0  -654.0
 48.1406 18.6290  605   0.20  -4.39  30.02   190.0   187.0
 48.1408 18.6290  606   0.20  -4.39  30.02   201.0    90.0
 48.1411 18.6290  607   0.20  -4.39  30.02   205.0  -661.0
 48.1414 18.6290  608   0.20  -4.39  30.02   198.0  -196.0
 48.1417 18.6290  609   0.20  -4.39  30.02   202.0   -25.0
 48.1419 18.6290  610   0.20  -4.39  30.02   199.0  -829.0
 48.1422 18.6290  611   0.20  -4.39  30.02   206.0 -1816.0
 48.1425 18.6290  612   0.20  -4.39  30.02   199.0  -269.0
 48.1427 18.6290  613   0.20  -4.39  30.02   202.0    18.0
 48.1430 18.6290  614   0.20  -4.39  30.02   204.0    79.0
 48.1433 18.6290  615   0.20  -4.39  30.02   207.0 -1284.0
 48.1436 18.6290  616   0.20  -4.39  30.02   203.0   529.0
 48.1438 18.6290  617   0.20  -4.39  30.02   196.0   -15.0
 48.1441 18.6290  618   0.20  -4.39  30.02   202.0   -66.0
 48.1444 18.6290  619   0.20  -4.39  30.02   203.0  -353.0
 48.1447 18.6290  620   0.20  -4.39  30.02   195.0  -334.0
 48.1449 18.6290  621   0.20  -4.39  30.02   192.0  -565.0
 48.1452 18.6290  622   0.20  -4.39  30.02   187.0   276.0
 48.1455 18.6290  623   0.20  -4.39  30.02   188.0   922.0
 48.1457 18.6290  624   0.20  -4.39  30.02   175.0   -49.0
 48.1460 18.6290  625   0.20  -4.39  30.02   186.0  -462.0
 48.1463 18.6290  626   0.20  -4.39  30.02   173.0   -13.0
 48.1466 18.6290  627   0.20  -4.39  30.02   182.0   238.0
 48.1469 18.6290  628   0.20  -4.39  30.02   179.0    34.0
 48.1472 18.6290  629   0.20  -4.39  30.02   173.0  -260.0
 48.1474 18.6290  630   0.20  -4.39  30.02   157.0   286.0
 48.1477 18.6290  631   0.20  -4.39  30.02   163.0   134.0
 48.1480 18.6290  632   0.20  -4.39  30.02   150.0  -733.0
 48.1483 18.6290  633   0.20  -4.39  30.02   149.0  -345.0
 48.1486 18.6290  634   0.20  -4.39  30.02   146.0  -446.0
 48.1488 18.6290  635   0.20  -4.39  30.02   135.0   472.0
 48.1491 18.6290  636   0.20  -4.39  30.02   129.0   121.0
 48.1494 18.6290  637   0.20  -4.39  30.02   114.0   157.0
 48.1497 18.6290  638   0.20  -4.39  30.02   106.0  -339.0
 48.1500 18.6290  639   0.20  -4.39  30.02    73.0  -792.0
 48.1502 18.6290  640   0.20  -4.39  30.02    76.0  -322.0
 48.1505 18.6290  641   0.20  -4.39  30.02    79.0  -262.0
 48.1508 18.6290  642   0.20  -4.39  30.02    72.0   385.0
 48.1511 18.6290  643   0.20  -4.39  30.02    52.0  -402.0
 48.1513 18.6290  644   0.20  -4.39  30.02    58.0   -70.0
 48.1516 18.6290  645   0.20  -4.39  30.02    45.0  -473.0
 48.1519 18.6290  646   0.20  -4.39  30.02    38.0   -60.0
 48.1522 18.6290  647   0.20  -4.39  30.02    35.0  -257.0
 48.1524 18.6290  648   0.20  -4.39  30.02    29.0   120.0
 48.1527 18.6290  649   0.20  -4.39  30.02    26.0   357.0
 48.1530 18.6290  650   0.20  -4.39  30.02    23.0  -500.0
 48.1533 18.6290  651   0.20  -4.39  30.02    25.0  -105.0
 48.1536 18.6290  652   0.20  -4.39  30.02    16.0  -382.0
 48.1538 18.6290  653   0.20  -4.39  30.02    23.0   -87.0
 48.1541 18.6290  654   0.20  -4.39  30.02    14.0   -42.0
 48.1544 18.6290  655   0.20  -4.39  30.02    16.0  -309.0
 48.1547 18.6290  656   0.20  -4.39  30.02    18.0    78.0
 48.1549 18.6290  657   0.20  -4.39  30.02    16.0   -67.0
 48.1552 18.6290  658   0.20  -4.39  30.02    14.0   314.0
 48.1555 18.6290  659   0.20  -4.39  30.02    12.0  1132.0
 48.1558 18.6290  660   0.20  -4.39  30.02    19.0   139.0
 48.1560 18.6290  661   0.20  -4.39  30.02    19.0  -637.0
 48.1563 18.6290  662   0.20  -4.39  30.02    15.0    46.0
 48.1566 18.6290  663   0.20  -4.39  30.02    19.0   555.0
 48.1569 18.6290  664   0.20  -4.39  30.02    19.0   162.0
 48.1571 18.6290  665   0.20  -4.39  30.02    17.0   369.0
 48.1574 18.6290  666   0.20  -4.39  30.02    17.0   -34.0
 48.1577 18.6290  667   0.20  -4.39  30.02    18.0   308.0
 48.1580 18.6290  668   0.20  -4.39  30.02    15.0   829.0
 48.1582 18.6290  669   0.20  -4.39  30.02    22.0   320.0
 48.1585 18.6290  670   0.20  -4.39  30.02    27.0    27.0
 48.1588 18.6290  671   0.20  -4.39  30.02    21.0  -539.0
 48.1591 18.6290  672   0.20  -4.39  30.02    27.0  -330.0
 48.1594 18.6290  673   0.20  -4.39  30.02    35.0   243.0
 48.1596 18.6290  674   0.20  -4.39  30.02    37.0  -161.0
 48.1599 18.6290  675   0.20  -4.39  30.02    48.0  -425.0
 48.1602 18.6290  676   0.20  -4.39  30.02    42.0     4.0
 48.1605 18.6290  677   0.20  -4.39  30.02    52.0   892.0
 48.1607 18.6290  678   0.20  -4.39  30.02    82.0   691.0
 48.1610 18.6290  679   0.20  -4.39  30.02    80.0  -356.0
 48.1613 18.6290  680   0.20  -4.39  30.02    90.0   351.0
 48.1615 18.6290  681   0.20  -4.39  30.02    76.0   152.0
 48.1618 18.6290  682   0.20  -4.39  30.02   111.0  -643.0
 48.1621 18.6290  683   0.20  -4.39  30.02   106.0  -134.0
 48.1624 18.6290  684   0.20  -4.39  30.02   127.0   378.0
 48.1627 18.6290  685   0.20  -4.39  30.02   121.0   514.0
 48.1629 18.6290  686   0.20  -4.39  30.02   144.0  -171.0
 48.1632 18.6290  687   0.20  -4.39  30.02   130.0  -494.0
 48.1635 18.6290  688   0.20  -4.39  30.02   141.0  -378.0
 48.1638 18.6290  689   0.20  -4.39  30.02   159.0   715.0
 48.1641 18.6290  690   0.20  -4.39  30.02   157.0   142.0
 48.1644 18.6290  691   0.20  -4.39  30.02   166.0   554.0
 48.1646 18.6290  692   0.20  -4.39  30.02   169.0   697.0
 48.1649 18.6290  693   0.20  -4.39  30.02   171.0    72.0
 48.1652 18.6290  694   0.20  -4.39  30.02   175.0  -158.0
 48.1655 18.6290  695   0.20  -4.39  30.02   182.0  -381.0
 48.1658 18.6290  696   0.20  -4.39  30.02   171.0   219.0
 48.1661 18.6290  697   0.20  -4.39  30.02   176.0   298.0
 48.1663 18.6290  698   0.20  -4.39  30.02   177.0   569.0
 48.1666 18.6290  699   0.20  -4.39  30.02   180.0   393.0
 48.1669 18.6290  700   0.20  -4.39  30.02   191.0   399.0
 48.1672 18.6290  701   0.20  -4.39  30.02   175.0   655.0
 48.1674 18.6290  702   0.20  -4.39  30.02   191.0  -800.0
 48.1677 18.6290  703   0.20  -4.39  30.02   184.0   327.0
 48.1680 18.6290  704   0.20  -4.39  30.02   185.0   -31.0
 48.1682 18.6290  705   0.20  -4.39  30.02   189.0  -762.0
 48.1685 18.6290  706   0.20  -4.39  30.02   188.0  -522.0
 48.1688 18.6290  707   0.20  -4.39  30.02   182.0    14.0
 48.1691 18.6290  708   0.20  -4.39  30.02   185.0   422.0
 48.1694 18.6290  709   0.20  -4.39  30.02   177.0  -589.0
 48.1696 18.6290  710   0.20  -4.39  30.02   176.0 -1131.0
 48.1699 18.6290  711   0.20  -4.39  30.02   178.0  -958.0
 48.1702 18.6290  712   0.20  -4.39  30.02   172.0    55.0
 48.1705 18.6290  713   0.20  -4.39  30.02   183.0  -417.0
 48.1707 18.6290  714   0.20  -4.39  30.02   178.0   379.0
 48.1710 18.6290  715   0.20  -4.39  30.02   188.0   489.0
 48.1713 18.6290  716   0.20  -4.39  30.02   168.0   -39.0
 48.1716 18.6290  717   0.20  -4.39  30.02   177.0  -111.0
 48.1719 18.6290  718   0.20  -4.39  30.02   164.0 -1313.0
 48.1721 18.6290  719   0.20  -4.39  30.02   164.0  -752.0
 48.1724 18.6290  720   0.20  -4.39  30.02   167.0  -650.0
 48.1727 18.6290  721   0.20  -4.39  30.02   149.0  -322.0
 48.1730 18.6290  722   0.20  -4.39  30.02   158.0  -698.0
 48.1732 18.6290  723   0.20  -4.39  30.02   150.0  -279.0
 48.1735 18.6290  724   0.20  -4.39  30.02   132.0  -476.0
 48.1738 18.6290  725   0.20  -4.39  30.02   141.0   310.0
 48.1741 18.6290  726   0.20  -4.39  30.02   140.0   865.0
 48.1744 18.6290  727   0.20  -4.39  30.02   138.0    12.0
 48.1746 18.6290  728   0.20  -4.39  30.02   120.0   675.0
 48.1749 18.6290  729   0.20  -4.39  30.02   101.0  -855.0
 48.1752 18.6290  730   0.20  -4.39  30.02   126.0  -381.0
 48.1755 18.6290  731   0.20  -4.39  30.02   116.0  -372.0
 48.1757 18.6290  732   0.20  -4.39  30.02    76.0  -439.0
 48.1760 18.6290  733   0.20  -4.39  30.02    62.0    18.0
 48.1763 18.6290  734   0.20  -4.39  30.02    87.0  -361.0
 48.1766 18.6290  735   0.20  -4.39  30.02    51.0  -191.0
 48.1768 18.6290  736   0.20  -4.39  30.02    44.0  -120.0
 48.1771 18.6290  737   0.20  -4.39  30.02    48.0  -659.0
 48.1774 18.6290  738   0.20  -4.39  30.02    36.0   351.0
 48.1777 18.6290  739   0.20  -4.39  30.02    33.0   566.0
 48.1779 18.6290  740   0.20  -4.39  30.02    27.0  -702.0
 48.1782 18.6290  741   0.20  -4.39  30.02    31.0   274.0
 48.1785 18.6290  742   0.20  -4.39  30.02    31.0    17.0
 48.1788 18.6290  743   0.20  -4.39  30.02    24.0  -298.0
 48.1790 18.6290  744   0.20  -4.39  30.02    18.0  -433.0
 48.1793 18.6290  745   0.20  -4.39  30.02    19.0  -627.0
 48.1796 18.6290  746   0.20  -4.39  30.02    16.0  -454.0
 48.1799 18.6290  747   0.20  -4.39  30.02    18.0  -482.0
 48.1801 18.6290  748   0.20  -4.39  30.02    19.0  -464.0
 48.1804 18.6290  749   0.20  -4.39  30.02    12.0   632.0
 48.1807 18.6290  750   0.20  -4.39  30.02    12.0   442.0
 48.1810 18.6290  751   0.20  -4.39  30.02    14.0  -131.0
 48.1812 18.6290  752   0.20  -4.39  30.02    14.0  -646.0
 48.1815 18.6290  753   0.20  -4.39  30.02    13.0   -72.0
 48.1818 18.6290  754   0.20  -4.39  30.02    12.0   402.0
 48.1821 18.6290  755   0.20  -4.39  30.02    16.0  -410.0
 48.1823 18.6290  756   0.20  -4.39  30.02    11.0  -312.0
 48.1826 18.6290  757   0.20  -4.39  30.02    18.0  -216.0
 48.1829 18.6290  758   0.20  -4.39  30.02    15.0  -194.0
 48.1831 18.6290  759   0.20  -4.39  30.02    11.0  -453.0
 48.1834 18.6290  760   0.20  -4.39  30.02    15.0   241.0
 48.1837 18.6290  761   0.20  -4.39  30.02    15.0   481.0
 48.1840 18.6290  762   0.20  -4.39  30.02    16.0   -15.0
 48.1842 18.6290  763   0.20  -4.39  30.02    13.0   -71.0
 48.1845 18.6290  764   0.20  -4.39  30.02    22.0    26.0
 48.1848 18.6290  765   0.20  -4.39  30.02    20.0  -764.0
 48.1851 18.6290  766   0.20  -4.39  30.02    18.0   356.0
 48.1854 18.6290  767   0.20  -4.39  30.02    25.0  -436.0
 48.1856 18.6290  768   0.20  -4.39  30.02    25.0  -435.0
 48.1859 18.6290  769   0.20  -4.39  30.02    34.0  -379.0
 48.1862 18.6290  770   0.20  -4.39  30.02    45.0  -626.0
 48.1865 18.6290  771   0.20  -4.39  30.02    37.0  -341.0
 48.1868 18.6290  772   0.20  -4.39  30.02    50.0  -223.0
 48.1871 18.6290  773   0.20  -4.39  30.02    81.0  -126.0
 48.1873 18.6290  774   0.20  -4.39  30.02    64.0   200.0
 48.1877 18.6290  775   0.20  -4.39  30.02    74.0  -382.0
 48.1879 18.6290  776   0.20  -4.39  30.02   126.0  -246.0
 48.1882 18.6290  777   0.20  -4.39  30.02   112.0  -675.0
 48.1885 18.6290  778   0.20  -4.39  30.02   118.0  -198.0
 48.1887 18.6290  779   0.20  -4.39  30.02   129.0   -88.0
 48.1890 18.6290  780   0.20  -4.39  30.02   143.0  -560.0
 48.1893 18.6290  781   0.20  -4.39  30.02   162.0   202.0
 48.1896 18.6290  782   0.20  -4.39  30.02   164.0   177.0
 48.1898 18.6290  783   0.20  -4.39  30.02   166.0  -827.0
 48.1902 18.6290  784   0.20  -4.39  30.02   182.0  -890.0
 48.1905 18.6290  785   0.20  -4.39  30.02   191.0  -663.0
 48.1908 18.6290  786   0.20  -4.39  30.02   201.0   122.0
 48.1910 18.6290  787   0.20  -4.39  30.02   198.0   334.0
 48.1913 18.6290  788   0.20  -4.39  30.02   218.0   262.0
 48.1916 18.6290  789   0.20  -4.39  30.02   212.0  -290.0
 48.1919 18.6290  790   0.20  -4.39  30.02   211.0  -171.0
 48.1922 18.6290  791   0.20  -4.39  30.02   230.0    50.0
 48.1924 18.6290  792   0.20  -4.39  30.02   241.0   235.0
 48.1927 18.6290  793   0.20  -4.39  30.02   244.0  -764.0
 48.1930 18.6290  794   0.20  -4.39  30.02   252.0  -448.0
 48.1933 18.6290  795   0.20  -4.39  30.02   250.0   240.0
 48.1936 18.6290  796   0.20  -4.39  30.02   258.0    -1.0
 48.1939 18.6290  797   0.20  -4.39  30.02   266.0   585.0
 48.1941 18.6290  798   0.20  -4.39  30.02   278.0   406.0
 48.1944 18.6290  799   0.20  -4.39  30.02   275.0   101.0
 48.1947 18.6290  800   0.20  -4.39  30.02   284.0  -455.0
 48.1950 18.6290  801   0.20  -4.39  30.02   285.0  -925.0
 48.1952 18.6290  802   0.20  -4.39  30.02   283.0  -846.0
 48.1955 18.6290  803   0.20  -4.39  30.02   292.0  -209.0
 48.1958 18.6290  804   0.20  -4.39  30.02   300.0  -860.0
 48.1961 18.6290  805   0.20  -4.39  30.02   301.0   614.0
 48.1964 18.6290  806   0.20  -4.39  30.02   303.0  -372.0
 48.1966 18.6290  807   0.20  -4.39  30.02   309.0   -58.0
 48.1969 18.6290  808   0.20  -4.39  30.02   312.0   267.0
 48.1972 18.6290  809   0.20  -4.39  30.02   310.0  -490.0
 48.1975 18.6290  810   0.20  -4.39  30.02   320.0    63.0
 48.1977 18.6290  811   0.20  -4.39  30.02   330.0  -762.0
 48.1980 18.6290  812   0.20  -4.39  30.02   325.0   -77.0
 48.1983 18.6290  813   0.20  -4.39  30.02   331.0   604.0
 48.1986 18.6290  814   0.20  -4.39  30.02   322.0   180.0
 48.1988 18.6290  815   0.20  -4.39  30.02   338.0    78.0
 48.1991 18.6290  816   0.20  -4.39  30.02   337.0   847.0
 48.1994 18.6290  817   0.20  -4.39  30.02   339.0    -8.0
 48.1997 18.6290  818   0.20  -4.39  30.02   354.0   644.0
 48.2000 18.6290  819   0.20  -4.39  30.02   339.0  -732.0
 48.2003 18.6290  820   0.20  -4.39  30.02   349.0   183.0
 48.2006 18.6290  821   0.20  -4.39  30.02   350.0  -396.0
 48.2008 18.6290  822   0.20  -4.39  30.02   356.0   155.0
 48.2011 18.6290  823   0.20  -4.39  30.02   353.0  -690.0
 48.2014 18.6290  824   0.20  -4.39  30.02   357.0   111.0
 48.2017 18.6290  825   0.20  -4.39  30.02   358.0  -530.0
 48.2020 18.6290  826   0.20  -4.39  30.02   356.0  -322.0
 48.2022 18.6290  827   0.20  -4.39  30.02   364.0   206.0
 48.2025 18.6290  828   0.20  -4.39  30.02   359.0  -119.0
 48.2028 18.6290  829   0.20  -4.39  30.02   358.0  -258.0
 48.2031 18.6290  830   0.20  -4.39  30.02   361.0   -20.0
 48.2034 18.6290  831   0.20  -4.39  30.02   355.0  -887.0
 48.2036 18.6290  832   0.20  -4.39  30.02   357.0   563.0
 48.2039 18.6290  833   0.20  -4.39  30.02   359.0   101.0
 48.2042 18.6290  834   0.20  -4.39  30.02   355.0  -772.0
 48.2045 18.6290  835   0.20  -4.39  30.02   361.0   168.0
 48.2047 18.6290  836   0.20  -4.39  30.02   357.0  -558.0
 48.2050 18.6290  837   0.20  -4.39  30.02   349.0   366.0
 48.2053 18.6290  838   0.20  -4.39  30.02   352.0  -873.0
 48.2055 18.6290  839   0.20  -4.39  30.02   356.0   194.0
 48.2058 18.6290  840   0.20  -4.39  30.02   357.0  -157.0
 48.2061 18.6290  841   0.20  -4.39  30.02   359.0   -74.0
 48.2064 18.6290  842   0.20  -4.39  30.02   347.0  -930.0
 48.2067 18.6290  843   0.20  -4.39  30.02   355.0   960.0
 48.2069 18.6290  844   0.20  -4.39  30.02   349.0 -1136.0
 48.2072 18.6290  845   0.20  -4.39  30.02   345.0   241.0
 48.2075 18.6290  846   0.20  -4.39  30.02   341.0 -1118.0
 48.2077 18.6290  847   0.20  -4.39  30.02   339.0   137.0
 48.2080 18.6290  848   0.20  -4.39  30.02   341.0   -62.0
 48.2083 18.6290  849   0.20  -4.39  30.02   335.0  -752.0
 48.2086 18.6290  850   0.20  -4.39  30.02   330.0  -638.0
 48.2088 18.6290  851   0.20  -4.39  30.02   333.0  -143.0
 48.2091 18.6290  852   0.20  -4.39  30.02   330.0    20.0
 48.2094 18.6290  853   0.20  -4.39  30.02   323.0   381.0
 48.2097 18.6290  854   0.20  -4.39  30.02   326.0    -5.0
 48.2100 18.6290  855   0.20  -4.39  30.02   321.0   446.0
 48.2102 18.6290  856   0.20  -4.39  30.02   309.0   501.0
 48.2105 18.6290  857   0.20  -4.39  30.02   315.0  1211.0
 48.2108 18.6290  858   0.20  -4.39  30.02   304.0  -143.0
 48.2110 18.6290  859   0.20  -4.39  30.02   302.0 -1119.0
 48.2113 18.6290  860   0.20  -4.39  30.02   291.0   976.0
 48.2116 18.6290  861   0.20  -4.39  30.02   292.0  -206.0
 48.2119 18.6290  862   0.20  -4.39  30.02   293.0  -474.0
 48.2121 18.6290  863   0.20  -4.39  30.02   281.0  -625.0
 48.2124 18.6290  864   0.20  -4.39  30.02   271.0  -274.0
 48.2127 18.6290  865   0.20  -4.39  30.02   275.0  -511.0
 48.2130 18.6290  866   0.20  -4.39  30.02   263.0  -416.0
 48.2132 18.6290  867   0.20  -4.39  30.02   261.0  -427.0
 48.2135 18.6290  868   0.20  -4.39  30.02   251.0  -106.0
 48.2138 18.6290  869   0.20  -4.39  30.02   250.0   194.0
 48.2141 18.6290  870   0.20  -4.39  30.02   244.0   393.0
 48.2143 18.6290  871   0.20  -4.39  30.02   230.0  -275.0
 48.2146 18.6290  872   0.20  -4.39  30.02   226.0  -369.0
 48.2149 18.6290  873   0.20  -4.39  30.02   214.0   -28.0
 48.2152 18.6290  874   0.20  -4.39  30.02   217.0   355.0
 48.2155 18.6290  875   0.20  -4.39  30.02   214.0   -15.0
 48.2157 18.6290  876   0.20  -4.39  30.02   205.0  -521.0
 48.2160 18.6290  877   0.20  -4.39  30.02   199.0   858.0
 48.2163 18.6290  878   0.20  -4.39  30.02   190.0  -486.0
 48.2166 18.6290  879   0.20  -4.39  30.02   184.0  -826.0
 48.2169 18.6290  880   0.20  -4.39  30.02   176.0  -432.0
 48.2172 18.6290  881   0.20  -4.39  30.02   147.0  -578.0
 48.2175 18.6290  882   0.20  -4.39  30.02   159.0   171.0
 48.2177 18.6290  883   0.20  -4.39  30.02   145.0  -112.0
 48.2180 18.6290  884   0.20  -4.39  30.02   131.0  -237.0
 48.2183 18.6290  885   0.20  -4.39  30.02   142.0  -908.0
 48.2186 18.6290  886   0.20  -4.39  30.02   107.0  -605.0
 48.2189 18.6290  887   0.20  -4.39  30.02   119.0   229.0
 48.2192 18.6290  888   0.20  -4.39  30.02    94.0   707.0
 48.2194 18.6290  889   0.20  -4.39  30.02    76.0   307.0
 48.2197 18.6290  890   0.20  -4.39  30.02   103.0  -205.0
 48.2200 18.6290  891   0.20  -4.39  30.02    69.0   -27.0
 48.2202 18.6290  892   0.20  -4.39  30.02    63.0    11.0
 48.2205 18.6290  893   0.20  -4.39  30.02    48.0  -221.0
 48.2208 18.6290  894   0.20  -4.39  30.02    68.0   382.0
 48.2211 18.6290  895   0.20  -4.39  30.02    62.0   561.0
 48.2213 18.6290  896   0.20  -4.39  30.02    56.0   175.0
 48.2216 18.6290  897   0.20  -4.39  30.02    42.0   659.0
 48.2219 18.6290  898   0.20  -4.39  30.02    54.0    22.0
 48.2222 18.6290  899   0.20  -4.39  30.02    61.0     6.0
 48.2224 18.6290  900   0.20  -4.39  30.02    55.0    26.0
 48.2227 18.6290  901   0.20  -4.39  30.02    82.0  -174.0
 48.2230 18.6290  902   0.20  -4.39  30.02    79.0    52.0
 48.2233 18.6290  903   0.20  -4.39  30.02    79.0  -136.0
 48.2236 18.6290  904   0.20  -4.39  30.02    86.0  -367.0
 48.2238 18.6290  905   0.20  -4.39  30.02   109.0  -697.0
 48.2241 18.6290  906   0.20  -4.39  30.02   133.0 -1055.0
 48.2244 18.6290  907   0.20  -4.39  30.02   143.0   341.0
 48.2247 18.6290  908   0.20  -4.39  30.02   141.0  -780.0
 48.2250 18.6290  909   0.20  -4.39  30.02   146.0     6.0
 48.2253 18.6290  910   0.20  -4.39  30.02   158.0  -693.0
 48.2256 18.6290  911   0.20  -4.39  30.02   167.0  -779.0
 48.2258 18.6290  912   0.20  -4.39  30.02   182.0  -393.0
 48.2261 18.6290  913   0.20  -4.39  30.02   182.0   395.0
 48.2264 18.6290  914   0.20  -4.39  30.02   182.0  -267.0
 48.2267 18.6290  915   0.20  -4.39  30.02   206.0  -691.0
 48.2269 18.6290  916   0.20  -4.39  30.02   206.0   521.0
 48.2272 18.6290  917   0.20  -4.39  30.02   216.0  -140.0
 48.2275 18.6290  918   0.20  -4.39  30.02   227.0   462.0
 48.2278 18.6290  919   0.20  -4.39  30.02   233.0   -75.0
 48.2281 18.6290  920   0.20  -4.39  30.02   234.0  -141.0
 48.2283 18.6290  921   0.20  -4.39  30.02   241.0  -173.0
 48.2286 18.6290  922   0.20  -4.39  30.02   247.0   -79.0
 48.2289 18.6290  923   0.20  -4.39  30.02   260.0  -538.0
 48.2291 18.6290  924   0.20  -4.39  30.02   265.0  -335.0
 48.2294 18.6290  925   0.20  -4.39  30.02   270.0   622.0
 48.2297 18.6290  926   0.20  -4.39  30.02   275.0  -353.0
 48.2300 18.6290  927   0.20  -4.39  30.02   285.0   223.0
 48.2302 18.6290  928   0.20  -4.39  30.02   288.0  -510.0
 48.2305 18.6290  929   0.20  -4.39  30.02   296.0  -395.0
 48.2308 18.6290  930   0.20  -4.39  30.02   299.0  -519.0
 48.2311 18.6290  931   0.20  -4.39  30.02   306.0  -104.0
 48.2313 18.6290  932   0.20  -4.39  30.02   317.0  -515.0
 48.2316 18.6290  933   0.20  -4.39  30.02   326.0  -715.0
 48.2319 18.6290  934   0.20  -4.39  30.02   323.0  -764.0
 48.2322 18.6290  935   0.20  -4.39  30.02   330.0  -564.0
 48.2324 18.6290  936   0.20  -4.39  30.02   327.0   707.0
 48.2327 18.6290  937   0.20  -4.39  30.02   334.0   277.0
 48.2330 18.6290  938   0.20  -4.39  30.02   343.0  -636.0
 48.2332 18.6290  939   0.20  -4.39  30.02   347.0   926.0
 48.2335 18.6290  940   0.20  -4.39  30.02   351.0   422.0
 48.2338 18.6290  941   0.20  -4.39  30.02   351.0   277.0
 48.2341 18.6290  942   0.20  -4.39  30.02   349.0  -779.0
 48.2344 18.6290  943   0.20  -4.39  30.02   364.0   176.0
 48.2346 18.6290  944   0.20  -4.39  30.02   364.0  -434.0
 48.2349 18.6290  945   0.20  -4.39  30.02   367.0   308.0
 48.2352 18.6290  946   0.20  -4.39  30.02   363.0   182.0
 48.2355 18.6290  947   0.20  -4.39  30.02   364.0  -722.0
 48.2357 18.6290  948   0.20  -4.39  30.02   371.0  -719.0
 48.2360 18.6290  949   0.20  -4.39  30.02   371.0  -603.0
 48.2363 18.6290  950   0.20  -4.39  30.02   371.0   285.0
 48.2366 18.6290  951   0.20  -4.39  30.02   381.0   142.0
 48.2368 18.6290  952   0.20  -4.39  30.02   390.0  -325.0
 48.2371 18.6290  953   0.20  -4.39  30.02   382.0  -649.0
 48.2374 18.6290  954   0.20  -4.39  30.02   391.0   -19.0
 48.2377 18.6290  955   0.20  -4.39  30.02   379.0  -658.0
 48.2379 18.6290  956   0.20  -4.39  30.02   380.0  -158.0
 48.2382 18.6290  957   0.20  -4.39  30.02   380.0  -183.0
 48.2385 18.6290  958   0.20  -4.39  30.02   380.0   545.0
 48.2388 18.6290  959   0.20  -4.39  30.02   379.0   269.0
 48.2390 18.6290  960   0.20  -4.39  30.02   381.0   811.0
 48.2393 18.6290  961   0.20  -4.39  30.02   380.0   -62.0
 48.2396 18.6290  962   0.20  -4.39  30.02   383.0  1032.0
 48.2399 18.6290  963   0.20  -4.39  30.02   389.0    77.0
 48.2401 18.6290  964   0.20  -4.39  30.02   376.0    19.0
 48.2404 18.6290  965   0.20  -4.39  30.02   379.0  -480.0
 48.2407 18.6290  966   0.20  -4.39  30.02   381.0 -1019.0
 48.2410 18.6290  967   0.20  -4.39  30.02   373.0   -57.0
 48.2413 18.6290  968   0.20  -4.39  30.02   382.0   820.0
 48.2415 18.6290  969   0.20  -4.39  30.02   380.0  1372.0
 48.2418 18.6290  970   0.20  -4.39  30.02   371.0   648.0
 48.2421 18.6290  971   0.20  -4.39  30.02   385.0   608.0
 48.2424 18.6290  972   0.20  -4.39  30.02   375.0   897.0
 48.2427 18.6290  973   0.20  -4.39  30.02   369.0  -328.0
 48.2430 18.6290  974   0.20  -4.39  30.02   372.0    48.0
 48.2432 18.6290  975   0.20  -4.39  30.02   361.0   484.0
 48.2435 18.6290  976   0.20  -4.39  30.02   370.0   452.0
 48.2438 18.6290  977   0.20  -4.39  30.02   375.0   -23.0
 48.2441 18.6290  978   0.20  -4.39  30.02   362.0  -155.0
 48.2444 18.6290  979   0.20  -4.39  30.02   365.0   241.0
 48.2446 18.6290  980   0.20  -4.39  30.02   366.0  -110.0
 48.2449 18.6290  981   0.20  -4.39  30.02   368.0 -1473.0
 48.2452 18.6290  982   0.20  -4.39  30.02   356.0  -252.0
 48.2455 18.6290  983   0.20  -4.39  30.02   363.0   473.0
 48.2457 18.6290  984   0.20  -4.39  30.02   364.0   123.0
 48.2460 18.6290  985   0.20  -4.39  30.02   366.0   298.0
 48.2463 18.6290  986   0.20  -4.39  30.02   362.0  -589.0
 48.2466 18.6290  987   0.20  -4.39  30.02   374.0   199.0
 48.2469 18.6290  988   0.20  -4.39  30.02   365.0  -589.0
 48.2471 18.6290  989   0.20  -4.39  30.02   366.0   254.0
 48.2474 18.6290  990   0.20  -4.39  30.02   375.0  -458.0
 48.2477 18.6290  991   0.20  -4.39  30.02   371.0    53.0
 48.2480 18.6290  992   0.20  -4.39  30.02   379.0    41.0
 48.2482 18.6290  993   0.20  -4.39  30.02   379.0 -1016.0
 48.2485 18.6290  994   0.20  -4.39  30.02   383.0   476.0
 48.2488 18.6290  995   0.20  -4.39  30.02   382.0  -243.0
 48.2490 18.6290  996   0.20  -4.39  30.02   388.0   479.0
 48.2493 18.6290  997   0.20  -4.39  30.02   390.0   401.0
 48.2496 18.6290  998   0.20  -4.39  30.02   391.0   212.0
 48.2499 18.6290  999   0.20  -4.39  30.02   400.0  -442.0
