 48.2644 18.6290    0   0.20  -4.39  30.02   714.0  -236.0
 48.2655 18.6290    1   0.20  -4.39  30.02   724.0  -580.0
 48.2658 18.6290    2   0.20  -4.39  30.02   723.0  -840.0
 48.2660 18.6290    3   0.20  -4.39  30.02   720.0   157.0
 48.2663 18.6290    4   0.20  -4.39  30.02   720.0  -959.0
 48.2666 18.6290    5   0.20  -4.39  30.02   721.0   986.0
 48.2669 18.6290    6   0.20  -4.39  30.02   719.0   299.0
 48.2672 18.6290    7   0.20  -4.39  30.02   728.0   157.0
 48.2675 18.6290    8   0.20  -4.39  30.02   716.0  -730.0
 48.2678 18.6290    9   0.20  -4.39  30.02   720.0  -405.0
 48.2681 18.6290   10   0.20  -4.39  30.02   720.0  1416.0
 48.2684 18.6290   11   0.20  -4.39  30.02   710.0  -203.0
 48.2687 18.6290   12   0.20  -4.39  30.02   718.0  -592.0
 48.2690 18.6290   13   0.20  -4.39  30.02   716.0   285.0
 48.2693 18.6290   14   0.20  -4.39  30.02   708.0   -86.0
 48.2695 18.6290   15   0.20  -4.39  30.02   712.0  -289.0
 48.2698 18.6290   16   0.20  -4.39  30.02   696.0   250.0
 48.2701 18.6290   17   0.20  -4.39  30.02   699.0   219.0
 48.2703 18.6290   18   0.20  -4.39  30.02   701.0  -319.0
 48.2706 18.6290   19   0.20  -4.39  30.02   695.0   108.0
 48.2709 18.6290   20   0.20  -4.39  30.02   694.0  -336.0
 48.2712 18.6290   21   0.20  -4.39  30.02   692.0   556.0
 48.2714 18.6290   22   0.20  -4.39  30.02   684.0    20.0
 48.2717 18.6290   23   0.20  -4.39  30.02   681.0  -998.0
 48.2720 18.6290   24   0.20  -4.39  30.02   677.0  -921.0
 48.2723 18.6290   25   0.20  -4.39  30.02   675.0    24.0
 48.2726 18.6290   26   0.20  -4.39  30.02   660.0  -193.0
 48.2728 18.6290   27   0.20  -4.39  30.02   664.0   141.0
 48.2731 18.6290   28   0.20  -4.39  30.02   661.0   456.0
 48.2734 18.6290   29   0.20  -4.39  30.02   653.0   173.0
 48.2737 18.6290   30   0.20  -4.39  30.02   649.0   785.0
 48.2740 18.6290   31   0.20  -4.39  30.02   658.0  -576.0
 48.2743 18.6290   32   0.20  -4.39  30.02   640.0  -650.0
 48.2745 18.6290   33   0.20  -4.39  30.02   645.0   352.0
 48.2748 18.6290   34   0.20  -4.39  30.02   630.0   351.0
 48.2751 18.6290   35   0.20  -4.39  30.02   633.0  -673.0
 48.2754 18.6290   36   0.20  -4.39  30.02   633.0  -184.0
 48.2757 18.6290   37   0.20  -4.39  30.02   629.0  -768.0
 48.2759 18.6290   38   0.20  -4.39  30.02   617.0   266.0
 48.2762 18.6290   39   0.20  -4.39  30.02   618.0  -538.0
 48.2765 18.6290   40   0.20  -4.39  30.02   610.0 -1058.0
 48.2768 18.6290   41   0.20  -4.39  30.02   607.0  -262.0
 48.2770 18.6290   42   0.20  -4.39  30.02   596.0  -394.0
 48.2773 18.6290   43   0.20  -4.39  30.02   591.0  -206.0
 48.2776 18.6290   44   0.20  -4.39  30.02   583.0  -347.0
 48.2779 18.6290   45   0.20  -4.39  30.02   588.0 -1121.0
 48.2782 18.6290   46   0.20  -4.39  30.02   579.0  -133.0
 48.2784 18.6290   47   0.20  -4.39  30.02   572.0   123.0
 48.2787 18.6290   48   0.20  -4.39  30.02   580.0   261.0
 48.2790 18.6290   49   0.20  -4.39  30.02   575.0  -267.0
 48.2793 18.6290   50   0.20  -4.39  30.02   565.0  -776.0
 48.2795 18.6290   51   0.20  -4.39  30.02   567.0  -309.0
 48.2798 18.6290   52   0.20  -4.39  30.02   554.0   333.0
 48.2801 18.6290   53   0.20  -4.39  30.02   555.0  -377.0
 48.2804 18.6290   54   0.20  -4.39  30.02   548.0  -317.0
 48.2806 18.6290   55   0.20  -4.39  30.02   549.0  -186.0
 48.2809 18.6290   56   0.20  -4.39  30.02   551.0   942.0
 48.2812 18.6290   57   0.20  -4.39  30.02   553.0    96.0
 48.2815 18.6290   58   0.20  -4.39  30.02   542.0   455.0
 48.2817 18.6290   59   0.20  -4.39  30.02   540.0   -87.0
 48.2820 18.6290   60   0.20  -4.39  30.02   539.0 -1127.0
 48.2823 18.6290   61   0.20  -4.39  30.02   535.0 -1134.0
 48.2825 18.6290   62   0.20  -4.39  30.02   535.0   748.0
 48.2828 18.6290   63   0.20  -4.39  30.02   533.0  -683.0
 48.2831 18.6290   64   0.20  -4.39  30.02   534.0   643.0
 48.2834 18.6290   65   0.20  -4.39  30.02   530.0   567.0
 48.2837 18.6290   66   0.20  -4.39  30.02   533.0 -1037.0
 48.2839 18.6290   67   0.20  -4.39  30.02   536.0   -50.0
 48.2842 18.6290   68   0.20  -4.39  30.02   532.0  -341.0
 48.2845 18.6290   69   0.20  -4.39  30.02   527.0  -311.0
 48.2848 18.6290   70   0.20  -4.39  30.02   529.0  -458.0
 48.2851 18.6290   71   0.20  -4.39  30.02   529.0   261.0
 48.2853 18.6290   72   0.20  -4.39  30.02   527.0  -230.0
 48.2856 18.6290   73   0.20  -4.39  30.02   531.0   761.0
 48.2859 18.6290   74   0.20  -4.39  30.02   534.0  1349.0
 48.2861 18.6290   75   0.20  -4.39  30.02   540.0   499.0
 48.2864 18.6290   76   0.20  -4.39  30.02   540.0    -6.0
 48.2867 18.6290   77   0.20  -4.39  30.02   542.0   251.0
 48.2870 18.6290   78   0.20  -4.39  30.02   534.0  -749.0
 48.2872 18.6290   79   0.20  -4.39  30.02   538.0  -105.0
 48.2875 18.6290   80   0.20  -4.39  30.02   548.0  -509.0
 48.2878 18.6290   81   0.20  -4.39  30.02   552.0  -947.0
 48.2880 18.6290   82   0.20  -4.39  30.02   541.0  -117.0
 48.2883 18.6290   83   0.20  -4.39  30.02   538.0  -557.0
 48.2886 18.6290   84   0.20  -4.39  30.02   549.0  -456.0
 48.2889 18.6290   85   0.20  -4.39  30.02   552.0   -94.0
 48.2891 18.6290   86   0.20  -4.39  30.02   568.0   405.0
 48.2894 18.6290   87   0.20  -4.39  30.02   560.0    18.0
 48.2897 18.6290   88   0.20  -4.39  30.02   563.0   371.0
 48.2900 18.6290   89   0.20  -4.39  30.02   562.0  -777.0
 48.2902 18.6290   90   0.20  -4.39  30.02   565.0   277.0
 48.2905 18.6290   91   0.20  -4.39  30.02   576.0   197.0
 48.2908 18.6290   92   0.20  -4.39  30.02   573.0   199.0
 48.2911 18.6290   93   0.20  -4.39  30.02   576.0  1002.0
 48.2913 18.6290   94   0.20  -4.39  30.02   580.0  -698.0
 48.2916 18.6290   95   0.20  -4.39  30.02   582.0  -745.0
 48.2919 18.6290   96   0.20  -4.39  30.02   574.0   100.0
 48.2922 18.6290   97   0.20  -4.39  30.02   584.0  -791.0
 48.2925 18.6290   98   0.20  -4.39  30.02   593.0  -608.0
 48.2927 18.6290   99   0.20  -4.39  30.02   599.0   -92.0
 48.2930 18.6290  100   0.20  -4.39  30.02   597.0  -107.0
 48.2933 18.6290  101   0.20  -4.39  30.02   601.0  -172.0
 48.2935 18.6290  102   0.20  -4.39  30.02   599.0  -761.0
 48.2938 18.6290  103   0.20  -4.39  30.02   604.0   218.0
 48.2941 18.6290  104   0.20  -4.39  30.02   598.0   -81.0
 48.2944 18.6290  105   0.20  -4.39  30.02   614.0     0.0
 48.2947 18.6290  106   0.20  -4.39  30.02   609.0    78.0
 48.2950 18.6290  107   0.20  -4.39  30.02   621.0  -691.0
 48.2953 18.6290  108   0.20  -4.39  30.02   628.0     1.0
 48.2956 18.6290  109   0.20  -4.39  30.02   633.0   -56.0
 48.2958 18.6290  110   0.20  -4.39  30.02   630.0    40.0
 48.2961 18.6290  111   0.20  -4.39  30.02   636.0  -927.0
 48.2964 18.6290  112   0.20  -4.39  30.02   637.0  -263.0
 48.2967 18.6290  113   0.20  -4.39  30.02   645.0    60.0
 48.2969 18.6290  114   0.20  -4.39  30.02   641.0    59.0
 48.2972 18.6290  115   0.20  -4.39  30.02   653.0   647.0
 48.2975 18.6290  116   0.20  -4.39  30.02   659.0  -554.0
 48.2978 18.6290  117   0.20  -4.39  30.02   661.0  -577.0
 48.2980 18.6290  118   0.20  -4.39  30.02   661.0 -1106.0
 48.2983 18.6290  119   0.20  -4.39  30.02   658.0    27.0
 48.2986 18.6290  120   0.20  -4.39  30.02   666.0     5.0
 48.2989 18.6290  121   0.20  -4.39  30.02   670.0  -417.0
 48.2991 18.6290  122   0.20  -4.39  30.02   671.0   248.0
 48.2994 18.6290  123   0.20  -4.39  30.02   676.0   -50.0
 48.2997 18.6290  124   0.20  -4.39  30.02   681.0   833.0
 48.2999 18.6290  125   0.20  -4.39  30.02   688.0   640.0
 48.3002 18.6290  126   0.20  -4.39  30.02   690.0  -150.0
 48.3005 18.6290  127   0.20  -4.39  30.02   696.0  -148.0
 48.3008 18.6290  128   0.20  -4.39  30.02   703.0 -1167.0
 48.3011 18.6290  129   0.20  -4.39  30.02   704.0  -715.0
 48.3013 18.6290  130   0.20  -4.39  30.02   704.0  -270.0
 48.3016 18.6290  131   0.20  -4.39  30.02   698.0  -587.0
 48.3019 18.6290  132   0.20  -4.39  30.02   705.0    88.0
 48.3022 18.6290  133   0.20  -4.39  30.02   720.0  -292.0
 48.3024 18.6290  134   0.20  -4.39  30.02   715.0  -337.0
 48.3027 18.6290  135   0.20  -4.39  30.02   720.0   114.0
 48.3030 18.6290  136   0.20  -4.39  30.02   724.0    -2.0
 48.3033 18.6290  137   0.20  -4.39  30.02   732.0  -425.0
 48.3035 18.6290  138   0.20  -4.39  30.02   727.0  -354.0
 48.3038 18.6290  139   0.20  -4.39  30.02   731.0  -326.0
 48.3041 18.6290  140   0.20  -4.39  30.02   731.0   332.0
 48.3044 18.6290  141   0.20  -4.39  30.02   733.0   431.0
 48.3047 18.6290  142   0.20  -4.39  30.02   738.0   -22.0
 48.3049 18.6290  143   0.20  -4.39  30.02   753.0   -51.0
 48.3052 18.6290  144   0.20  -4.39  30.02   749.0  -179.0
 48.3055 18.6290  145   0.20  -4.39  30.02   748.0   342.0
 48.3058 18.6290  146   0.20  -4.39  30.02   755.0  -283.0
 48.3060 18.6290  147   0.20  -4.39  30.02   756.0  -231.0
 48.3063 18.6290  148   0.20  -4.39  30.02   757.0  -824.0
 48.3066 18.6290  149   0.20  -4.39  30.02   761.0   294.0
 48.3069 18.6290  150   0.20  -4.39  30.02   764.0 -1255.0
 48.3071 18.6290  151   0.20  -4.39  30.02   762.0  -665.0
 48.3074 18.6290  152   0.20  -4.39  30.02   772.0  -720.0
 48.3077 18.6290  153   0.20  -4.39  30.02   771.0   180.0
 48.3080 18.6290  154   0.20  -4.39  30.02   769.0  1151.0
 48.3082 18.6290  155   0.20  -4.39  30.02   774.0  -218.0
 48.3085 18.6290  156   0.20  -4.39  30.02   781.0   569.0
 48.3088 18.6290  157   0.20  -4.39  30.02   776.0 -1649.0
 48.3090 18.6290  158   0.20  -4.39  30.02   778.0  -647.0
 48.3093 18.6290  159   0.20  -4.39  30.02   785.0  -623.0
 48.3096 18.6290  160   0.20  -4.39  30.02   777.0   -28.0
 48.3099 18.6290  161   0.20  -4.39  30.02   783.0   284.0
 48.3101 18.6290  162   0.20  -4.39  30.02   782.0   545.0
 48.3104 18.6290  163   0.20  -4.39  30.02   784.0   494.0
 48.3107 18.6290  164   0.20  -4.39  30.02   786.0  -615.0
 48.3110 18.6290  165   0.20  -4.39  30.02   790.0  -157.0
 48.3112 18.6290  166   0.20  -4.39  30.02   783.0   101.0
 48.3115 18.6290  167   0.20  -4.39  30.02   791.0  -142.0
 48.3118 18.6290  168   0.20  -4.39  30.02   781.0  -181.0
 48.3121 18.6290  169   0.20  -4.39  30.02   781.0 -1162.0
 48.3123 18.6290  170   0.20  -4.39  30.02   785.0  -419.0
 48.3126 18.6290  171   0.20  -4.39  30.02   784.0  -269.0
 48.3129 18.6290  172   0.20  -4.39  30.02   784.0  -192.0
 48.3132 18.6290  173   0.20  -4.39  30.02   785.0  -359.0
 48.3135 18.6290  174   0.20  -4.39  30.02   782.0  -280.0
 48.3137 18.6290  175   0.20  -4.39  30.02   787.0    62.0
 48.3140 18.6290  176   0.20  -4.39  30.02   781.0   923.0
 48.3143 18.6290  177   0.20  -4.39  30.02   777.0   685.0
 48.3145 18.6290  178   0.20  -4.39  30.02   779.0  -345.0
 48.3148 18.6290  179   0.20  -4.39  30.02   770.0  -112.0
 48.3151 18.6290  180   0.20  -4.39  30.02   766.0  -184.0
 48.3154 18.6290  181   0.20  -4.39  30.02   767.0  -265.0
 48.3156 18.6290  182   0.20  -4.39  30.02   777.0    95.0
 48.3159 18.6290  183   0.20  -4.39  30.02   766.0  -148.0
 48.3162 18.6290  184   0.20  -4.39  30.02   766.0  -312.0
 48.3165 18.6290  185   0.20  -4.39  30.02   774.0   304.0
 48.3167 18.6290  186   0.20  -4.39  30.02   764.0  -766.0
 48.3170 18.6290  187   0.20  -4.39  30.02   757.0 -1037.0
 48.3173 18.6290  188   0.20  -4.39  30.02   757.0  1181.0
 48.3176 18.6290  189   0.20  -4.39  30.02   760.0   340.0
 48.3178 18.6290  190   0.20  -4.39  30.02   754.0   173.0
 48.3181 18.6290  191   0.20  -4.39  30.02   748.0   885.0
 48.3184 18.6290  192   0.20  -4.39  30.02   741.0  -263.0
 48.3187 18.6290  193   0.20  -4.39  30.02   742.0   261.0
 48.3189 18.6290  194   0.20  -4.39  30.02   748.0  -512.0
 48.3192 18.6290  195   0.20  -4.39  30.02   742.0   308.0
 48.3195 18.6290  196   0.20  -4.39  30.02   738.0   -28.0
 48.3198 18.6290  197   0.20  -4.39  30.02   736.0    60.0
 48.3201 18.6290  198   0.20  -4.39  30.02   731.0  -497.0
 48.3204 18.6290  199   0.20  -4.39  30.02   725.0  -165.0
 48.3206 18.6290  200   0.20  -4.39  30.02   722.0   611.0
 48.3209 18.6290  201   0.20  -4.39  30.02   716.0  -491.0
 48.3212 18.6290  202   0.20  -4.39  30.02   722.0   193.0
 48.3215 18.6290  203   0.20  -4.39  30.02   714.0   120.0
 48.3218 18.6290  204   0.20  -4.39  30.02   714.0  -268.0
 48.3220 18.6290  205   0.20  -4.39  30.02   703.0  -404.0
 48.3223 18.6290  206   0.20  -4.39  30.02   700.0  1174.0
 48.3226 18.6290  207   0.20  -4.39  30.02   698.0   369.0
 48.3229 18.6290  208   0.20  -4.39  30.02   701.0   331.0
 48.3231 18.6290  209   0.20  -4.39  30.02   694.0   252.0
 48.3234 18.6290  210   0.20  -4.39  30.02   683.0  -635.0
 48.3237 18.6290  211   0.20  -4.39  30.02   679.0  -782.0
 48.3240 18.6290  212   0.20  -4.39  30.02   679.0   585.0
 48.3242 18.6290  213   0.20  -4.39  30.02   674.0   -68.0
 48.3245 18.6290  214   0.20  -4.39  30.02   671.0  -105.0
 48.3248 18.6290  215   0.20  -4.39  30.02   669.0  -571.0
 48.3251 18.6290  216   0.20  -4.39  30.02   662.0  -322.0
 48.3253 18.6290  217   0.20  -4.39  30.02   661.0 -1133.0
 48.3256 18.6290  218   0.20  -4.39  30.02   663.0   302.0
 48.3259 18.6290  219   0.20  -4.39  30.02   663.0   785.0
 48.3262 18.6290  220   0.20  -4.39  30.02   658.0   370.0
 48.3265 18.6290  221   0.20  -4.39  30.02   658.0    84.0
 48.3267 18.6290  222   0.20  -4.39  30.02   650.0   350.0
 48.3270 18.6290  223   0.20  -4.39  30.02   656.0  -532.0
 48.3273 18.6290  224   0.20  -4.39  30.02   649.0  -148.0
 48.3275 18.6290  225   0.20  -4.39  30.02   651.0  -854.0
 48.3278 18.6290  226   0.20  -4.39  30.02   646.0  -593.0
 48.3281 18.6290  227   0.20  -4.39  30.02   641.0  -535.0
 48.3284 18.6290  228   0.20  -4.39  30.02   636.0   528.0
 48.3286 18.6290  229   0.20  -4.39  30.02   634.0  -822.0
 48.3289 18.6290  230   0.20  -4.39  30.02   633.0   171.0
 48.3292 18.6290  231   0.20  -4.39  30.02   630.0   952.0
 48.3295 18.6290  232   0.20  -4.39  30.02   630.0  -157.0
 48.3297 18.6290  233   0.20  -4.39  30.02   622.0  -301.0
 48.3300 18.6290  234   0.20  -4.39  30.02   628.0  -564.0
 48.3303 18.6290  235   0.20  -4.39  30.02   621.0    54.0
 48.3306 18.6290  236   0.20  -4.39  30.02   621.0  -876.0
 48.3309 18.6290  237   0.20  -4.39  30.02   624.0 -1079.0
 48.3311 18.6290  238   0.20  -4.39  30.02   618.0  -520.0
 48.3314 18.6290  239   0.20  -4.39  30.02   613.0  -526.0
 48.3317 18.6290  240   0.20  -4.39  30.02   611.0  -831.0
 48.3320 18.6290  241   0.20  -4.39  30.02   610.0  -220.0
 48.3322 18.6290  242   0.20  -4.39  30.02   609.0     8.0
 48.3325 18.6290  243   0.20  -4.39  30.02   607.0  -122.0
 48.3328 18.6290  244   0.20  -4.39  30.02   602.0   364.0
 48.3331 18.6290  245   0.20  -4.39  30.02   606.0    -1.0
 48.3333 18.6290  246   0.20  -4.39  30.02   606.0   102.0
 48.3336 18.6290  247   0.20  -4.39  30.02   605.0   572.0
 48.3339 18.6290  248   0.20  -4.39  30.02   600.0  -342.0
 48.3342 18.6290  249   0.20  -4.39  30.02   598.0  -818.0
 48.3344 18.6290  250   0.20  -4.39  30.02   605.0   258.0
 48.3347 18.6290  251   0.20  -4.39  30.02   593.0   338.0
 48.3350 18.6290  252   0.20  -4.39  30.02   595.0    14.0
 48.3353 18.6290  253   0.20  -4.39  30.02   603.0   809.0
 48.3355 18.6290  254   0.20  -4.39  30.02   597.0  -910.0
 48.3358 18.6290  255   0.20  -4.39  30.02   599.0  1079.0
 48.3361 18.6290  256   0.20  -4.39  30.02   604.0   228.0
 48.3364 18.6290  257   0.20  -4.39  30.02   607.0    42.0
 48.3366 18.6290  258   0.20  -4.39  30.02   593.0  -280.0
 48.3369 18.6290  259   0.20  -4.39  30.02   604.0   370.0
 48.3372 18.6290  260   0.20  -4.39  30.02   587.0  -843.0
 48.3375 18.6290  261   0.20  -4.39  30.02   598.0  -209.0
 48.3377 18.6290  262   0.20  -4.39  30.02   591.0  -144.0
 48.3380 18.6290  263   0.20  -4.39  30.02   593.0  -573.0
 48.3383 18.6290  264   0.20  -4.39  30.02   591.0   957.0
 48.3386 18.6290  265   0.20  -4.39  30.02   598.0  -991.0
 48.3388 18.6290  266   0.20  -4.39  30.02   596.0   116.0
 48.3391 18.6290  267   0.20  -4.39  30.02   595.0  -244.0
 48.3394 18.6290  268   0.20  -4.39  30.02   598.0   358.0
 48.3397 18.6290  269   0.20  -4.39  30.02   596.0  -794.0
 48.3399 18.6290  270   0.20  -4.39  30.02   588.0  -361.0
 48.3402 18.6290  271   0.20  -4.39  30.02   591.0  -312.0
 48.3405 18.6290  272   0.20  -4.39  30.02   597.0   254.0
 48.3408 18.6290  273   0.20  -4.39  30.02   595.0    71.0
 48.3410 18.6290  274   0.20  -4.39  30.02   594.0    51.0
 48.3413 18.6290  275   0.20  -4.39  30.02   592.0  -238.0
 48.3416 18.6290  276   0.20  -4.39  30.02   595.0   815.0
 48.3419 18.6290  277   0.20  -4.39  30.02   597.0    29.0
 48.3421 18.6290  278   0.20  -4.39  30.02   597.0    64.0
 48.3424 18.6290  279   0.20  -4.39  30.02   592.0   473.0
 48.3427 18.6290  280   0.20  -4.39  30.02   593.0  -335.0
 48.3429 18.6290  281   0.20  -4.39  30.02   598.0   344.0
 48.3432 18.6290  282   0.20  -4.39  30.02   604.0  -559.0
 48.3435 18.6290  283   0.20  -4.39  30.02   597.0   853.0
 48.3438 18.6290  284   0.20  -4.39  30.02   596.0   410.0
 48.3440 18.6290  285   0.20  -4.39  30.02   598.0  -672.0
 48.3443 18.6290  286   0.20  -4.39  30.02   598.0  -183.0
 48.3446 18.6290  287   0.20  -4.39  30.02   602.0  -249.0
 48.3449 18.6290  288   0.20  -4.39  30.02   597.0  -406.0
 48.3451 18.6290  289   0.20  -4.39  30.02   593.0  -863.0
 48.3454 18.6290  290   0.20  -4.39  30.02   592.0  1464.0
 48.3457 18.6290  291   0.20  -4.39  30.02   594.0  -485.0
 48.3460 18.6290  292   0.20  -4.39  30.02   599.0  -431.0
 48.3463 18.6290  293   0.20  -4.39  30.02   601.0   632.0
 48.3466 18.6290  294   0.20  -4.39  30.02   594.0  -716.0
 48.3469 18.6290  295   0.20  -4.39  30.02   594.0  -874.0
 48.3471 18.6290  296   0.20  -4.39  30.02   588.0  -409.0
 48.3474 18.6290  297   0.20  -4.39  30.02   597.0   361.0
 48.3477 18.6290  298   0.20  -4.39  30.02   591.0   -39.0
 48.3480 18.6290  299   0.20  -4.39  30.02   588.0  -180.0
 48.3483 18.6290  300   0.20  -4.39  30.02   594.0   242.0
 48.3485 18.6290  301   0.20  -4.39  30.02   595.0  -884.0
 48.3488 18.6290  302   0.20  -4.39  30.02   592.0  -571.0
 48.3491 18.6290  303   0.20  -4.39  30.02   590.0  1040.0
 48.3494 18.6290  304   0.20  -4.39  30.02   600.0   216.0
 48.3496 18.6290  305   0.20  -4.39  30.02   589.0  -181.0
 48.3499 18.6290  306   0.20  -4.39  30.02   595.0  -373.0
 48.3502 18.6290  307   0.20  -4.39  30.02   595.0  -297.0
 48.3505 18.6290  308   0.20  -4.39  30.02   596.0   156.0
 48.3507 18.6290  309   0.20  -4.39  30.02   598.0   103.0
 48.3510 18.6290  310   0.20  -4.39  30.02   599.0  -484.0
 48.3513 18.6290  311   0.20  -4.39  30.02   595.0   507.0
 48.3516 18.6290  312   0.20  -4.39  30.02   593.0  -387.0
 48.3518 18.6290  313   0.20  -4.39  30.02   594.0   650.0
 48.3521 18.6290  314   0.20  -4.39  30.02   597.0  -388.0
 48.3524 18.6290  315   0.20  -4.39  30.02   594.0   674.0
 48.3527 18.6290  316   0.20  -4.39  30.02   598.0   421.0
 48.3529 18.6290  317   0.20  -4.39  30.02   599.0 -1083.0
 48.3532 18.6290  318   0.20  -4.39  30.02   602.0  -649.0
 48.3535 18.6290  319   0.20  -4.39  30.02   603.0   344.0
 48.3538 18.6290  320   0.20  -4.39  30.02   598.0   213.0
 48.3540 18.6290  321   0.20  -4.39  30.02   604.0  -699.0
 48.3543 18.6290  322   0.20  -4.39  30.02   602.0  -567.0
 48.3546 18.6290  323   0.20  -4.39  30.02   604.0   105.0
 48.3549 18.6290  324   0.20  -4.39  30.02   611.0  -253.0
 48.3551 18.6290  325   0.20  -4.39  30.02   607.0  -155.0
 48.3554 18.6290  326   0.20  -4.39  30.02   613.0  -402.0
 48.3557 18.6290  327   0.20  -4.39  30.02   613.0    46.0
 48.3560 18.6290  328   0.20  -4.39  30.02   615.0  -237.0
 48.3562 18.6290  329   0.20  -4.39  30.02   625.0  1446.0
 48.3565 18.6290  330   0.20  -4.39  30.02   622.0   249.0
 48.3568 18.6290  331   0.20  -4.39  30.02   626.0    63.0
 48.3571 18.6290  332   0.20  -4.39  30.02   628.0  -471.0
 48.3573 18.6290  333   0.20  -4.39  30.02   628.0   246.0
 48.3576 18.6290  334   0.20  -4.39  30.02   640.0  -502.0
 48.3579 18.6290  335   0.20  -4.39  30.02   643.0   -79.0
 48.3582 18.6290  336   0.20  -4.39  30.02   641.0   -41.0
 48.3584 18.6290  337   0.20  -4.39  30.02   648.0   -45.0
 48.3587 18.6290  338   0.20  -4.39  30.02   648.0 -1464.0
 48.3590 18.6290  339   0.20  -4.39  30.02   658.0  -482.0
 48.3593 18.6290  340   0.20  -4.39  30.02   656.0  -564.0
 48.3595 18.6290  341   0.20  -4.39  30.02   654.0  -624.0
 48.3598 18.6290  342   0.20  -4.39  30.02   660.0    41.0
 48.3601 18.6290  343   0.20  -4.39  30.02   670.0   500.0
 48.3604 18.6290  344   0.20  -4.39  30.02   681.0   396.0
 48.3607 18.6290  345   0.20  -4.39  30.02   677.0   103.0
 48.3609 18.6290  346   0.20  -4.39  30.02   680.0    -3.0
 48.3612 18.6290  347   0.20  -4.39  30.02   684.0   226.0
 48.3615 18.6290  348   0.20  -4.39  30.02   694.0  -878.0
 48.3617 18.6290  349   0.20  -4.39  30.02   699.0  -387.0
 48.3620 18.6290  350   0.20  -4.39  30.02   702.0  -461.0
 48.3623 18.6290  351   0.20  -4.39  30.02   714.0  -542.0
 48.3626 18.6290  352   0.20  -4.39  30.02   709.0  -359.0
 48.3628 18.6290  353   0.20  -4.39  30.02   720.0   607.0
 48.3631 18.6290  354   0.20  -4.39  30.02   729.0   190.0
 48.3634 18.6290  355   0.20  -4.39  30.02   728.0   623.0
 48.3637 18.6290  356   0.20  -4.39  30.02   741.0 -1045.0
 48.3640 18.6290  357   0.20  -4.39  30.02   745.0  -635.0
 48.3642 18.6290  358   0.20  -4.39  30.02   754.0   116.0
 48.3645 18.6290  359   0.20  -4.39  30.02   754.0   291.0
 48.3648 18.6290  360   0.20  -4.39  30.02   750.0    88.0
 48.3651 18.6290  361   0.20  -4.39  30.02   764.0    48.0
 48.3653 18.6290  362   0.20  -4.39  30.02   766.0  -113.0
 48.3656 18.6290  363   0.20  -4.39  30.02   764.0   399.0
 48.3659 18.6290  364   0.20  -4.39  30.02   779.0   714.0
 48.3662 18.6290  365   0.20  -4.39  30.02   780.0   534.0
 48.3664 18.6290  366   0.20  -4.39  30.02   788.0   420.0
 48.3667 18.6290  367   0.20  -4.39  30.02   789.0   324.0
 48.3670 18.6290  368   0.20  -4.39  30.02   801.0   315.0
 48.3673 18.6290  369   0.20  -4.39  30.02   806.0   491.0
 48.3675 18.6290  370   0.20  -4.39  30.02   803.0   598.0
 48.3678 18.6290  371   0.20  -4.39  30.02   812.0  1180.0
 48.3681 18.6290  372   0.20  -4.39  30.02   812.0  -646.0
 48.3683 18.6290  373   0.20  -4.39  30.02   829.0    79.0
 48.3686 18.6290  374   0.20  -4.39  30.02   822.0   -78.0
 48.3689 18.6290  375   0.20  -4.39  30.02   829.0  -337.0
 48.3692 18.6290  376   0.20  -4.39  30.02   831.0   202.0
 48.3695 18.6290  377   0.20  -4.39  30.02   838.0   686.0
 48.3697 18.6290  378   0.20  -4.39  30.02   851.0  -434.0
 48.3700 18.6290  379   0.20  -4.39  30.02   843.0  -349.0
 48.3703 18.6290  380   0.20  -4.39  30.02   846.0   880.0
 48.3706 18.6290  381   0.20  -4.39  30.02   860.0   349.0
 48.3708 18.6290  382   0.20  -4.39  30.02   853.0   147.0
 48.3711 18.6290  383   0.20  -4.39  30.02   858.0  -197.0
 48.3714 18.6290  384   0.20  -4.39  30.02   868.0   493.0
 48.3717 18.6290  385   0.20  -4.39  30.02   866.0 -1292.0
 48.3720 18.6290  386   0.20  -4.39  30.02   874.0   606.0
 48.3723 18.6290  387   0.20  -4.39  30.02   875.0  -259.0
 48.3726 18.6290  388   0.20  -4.39  30.02   869.0  -627.0
 48.3729 18.6290  389   0.20  -4.39  30.02   880.0  1303.0
 48.3732 18.6290  390   0.20  -4.39  30.02   885.0  -244.0
 48.3734 18.6290  391   0.20  -4.39  30.02   892.0   454.0
 48.3737 18.6290  392   0.20  -4.39  30.02   891.0   313.0
 48.3740 18.6290  393   0.20  -4.39  30.02   887.0  -260.0
 48.3743 18.6290  394   0.20  -4.39  30.02   888.0   767.0
 48.3746 18.6290  395   0.20  -4.39  30.02   895.0   201.0
 48.3749 18.6290  396   0.20  -4.39  30.02   898.0   -70.0
 48.3751 18.6290  397   0.20  -4.39  30.02   898.0   162.0
 48.3754 18.6290  398   0.20  -4.39  30.02   897.0  1382.0
 48.3757 18.6290  399   0.20  -4.39  30.02   896.0  -207.0
 48.3760 18.6290  400   0.20  -4.39  30.02   899.0    73.0
 48.3763 18.6290  401   0.20  -4.39  30.02   898.0  -119.0
 48.3765 18.6290  402   0.20  -4.39  30.02   896.0 -1264.0
 48.3768 18.6290  403   0.20  -4.39  30.02   907.0  -319.0
 48.3771 18.6290  404   0.20  -4.39  30.02   904.0   762.0
 48.3774 18.6290  405   0.20  -4.39  30.02   911.0  -707.0
 48.3776 18.6290  406   0.20  -4.39  30.02   911.0   192.0
 48.3779 18.6290  407   0.20  -4.39  30.02   910.0  -273.0
 48.3782 18.6290  408   0.20  -4.39  30.02   919.0    72.0
 48.3784 18.6290  409   0.20  -4.39  30.02   914.0    54.0
 48.3787 18.6290  410   0.20  -4.39  30.02   909.0   569.0
 48.3790 18.6290  411   0.20  -4.39  30.02   901.0   519.0
 48.3793 18.6290  412   0.20  -4.39  30.02   910.0  -723.0
 48.3795 18.6290  413   0.20  -4.39  30.02   914.0  -512.0
 48.3798 18.6290  414   0.20  -4.39  30.02   915.0   615.0
 48.3801 18.6290  415   0.20  -4.39  30.02   913.0  -158.0
 48.3804 18.6290  416   0.20  -4.39  30.02   912.0   650.0
 48.3806 18.6290  417   0.20  -4.39  30.02   899.0  -675.0
 48.3809 18.6290  418   0.20  -4.39  30.02   906.0   111.0
 48.3812 18.6290  419   0.20  -4.39  30.02   919.0   248.0
 48.3815 18.6290  420   0.20  -4.39  30.02   906.0   512.0
 48.3817 18.6290  421   0.20  -4.39  30.02   903.0   -71.0
 48.3820 18.6290  422   0.20  -4.39  30.02   897.0   273.0
 48.3823 18.6290  423   0.20  -4.39  30.02   903.0  -804.0
 48.3826 18.6290  424   0.20  -4.39  30.02   900.0  -657.0
 48.3829 18.6290  425   0.20  -4.39  30.02   899.0   921.0
 48.3831 18.6290  426   0.20  -4.39  30.02   904.0  1117.0
 48.3834 18.6290  427   0.20  -4.39  30.02   902.0   567.0
 48.3837 18.6290  428   0.20  -4.39  30.02   893.0   496.0
 48.3840 18.6290  429   0.20  -4.39  30.02   896.0  -408.0
 48.3842 18.6290  430   0.20  -4.39  30.02   899.0   -54.0
 48.3845 18.6290  431   0.20  -4.39  30.02   892.0   103.0
 48.3848 18.6290  432   0.20  -4.39  30.02   897.0   256.0
 48.3851 18.6290  433   0.20  -4.39  30.02   891.0  -603.0
 48.3853 18.6290  434   0.20  -4.39  30.02   898.0  -799.0
 48.3856 18.6290  435   0.20  -4.39  30.02   894.0  -718.0
 48.3859 18.6290  436   0.20  -4.39  30.02   892.0  -563.0
 48.3862 18.6290  437   0.20  -4.39  30.02   889.0  -391.0
 48.3864 18.6290  438   0.20  -4.39  30.02   877.0   578.0
 48.3867 18.6290  439   0.20  -4.39  30.02   882.0  -307.0
 48.3870 18.6290  440   0.20  -4.39  30.02   879.0    97.0
 48.3873 18.6290  441   0.20  -4.39  30.02   883.0  -372.0
 48.3876 18.6290  442   0.20  -4.39  30.02   879.0  -164.0
 48.3878 18.6290  443   0.20  -4.39  30.02   886.0  -434.0
 48.3881 18.6290  444   0.20  -4.39  30.02   881.0   486.0
 48.3884 18.6290  445   0.20  -4.39  30.02   873.0   455.0
 48.3887 18.6290  446   0.20  -4.39  30.02   881.0  -204.0
 48.3889 18.6290  447   0.20  -4.39  30.02   869.0  1322.0
 48.3892 18.6290  448   0.20  -4.39  30.02   868.0   855.0
 48.3895 18.6290  449   0.20  -4.39  30.02   862.0  -331.0
 48.3898 18.6290  450   0.20  -4.39  30.02   865.0  -188.0
 48.3900 18.6290  451   0.20  -4.39  30.02   870.0   -77.0
 48.3903 18.6290  452   0.20  -4.39  30.02   879.0    63.0
 48.3906 18.6290  453   0.20  -4.39  30.02   865.0   169.0
 48.3909 18.6290  454   0.20  -4.39  30.02   870.0 -1739.0
 48.3911 18.6290  455   0.20  -4.39  30.02   866.0   569.0
 48.3914 18.6290  456   0.20  -4.39  30.02   858.0   479.0
 48.3917 18.6290  457   0.20  -4.39  30.02   862.0  -134.0
 48.3920 18.6290  458   0.20  -4.39  30.02   868.0  -990.0
 48.3923 18.6290  459   0.20  -4.39  30.02   862.0  -350.0
 48.3925 18.6290  460   0.20  -4.39  30.02   860.0  -367.0
 48.3928 18.6290  461   0.20  -4.39  30.02   861.0  -406.0
 48.3931 18.6290  462   0.20  -4.39  30.02   856.0  -279.0
 48.3934 18.6290  463   0.20  -4.39  30.02   857.0   262.0
 48.3936 18.6290  464   0.20  -4.39  30.02   855.0  -224.0
 48.3939 18.6290  465   0.20  -4.39  30.02   854.0    45.0
 48.3942 18.6290  466   0.20  -4.39  30.02   858.0   166.0
 48.3945 18.6290  467   0.20  -4.39  30.02   860.0  -240.0
 48.3947 18.6290  468   0.20  -4.39  30.02   856.0   -88.0
 48.3950 18.6290  469   0.20  -4.39  30.02   858.0    85.0
 48.3953 18.6290  470   0.20  -4.39  30.02   856.0   544.0
 48.3956 18.6290  471   0.20  -4.39  30.02   856.0  -379.0
 48.3959 18.6290  472   0.20  -4.39  30.02   864.0   391.0
 48.3962 18.6290  473   0.20  -4.39  30.02   858.0  -772.0
 48.3964 18.6290  474   0.20  -4.39  30.02   849.0   783.0
 48.3967 18.6290  475   0.20  -4.39  30.02   853.0   724.0
 48.3970 18.6290  476   0.20  -4.39  30.02   849.0   169.0
 48.3973 18.6290  477   0.20  -4.39  30.02   855.0  -563.0
 48.3976 18.6290  478   0.20  -4.39  30.02   857.0   730.0
 48.3979 18.6290  479   0.20  -4.39  30.02   850.0  -114.0
 48.3982 18.6290  480   0.20  -4.39  30.02   858.0 -1255.0
 48.3984 18.6290  481   0.20  -4.39  30.02   858.0 -1193.0
 48.3987 18.6290  482   0.20  -4.39  30.02   857.0  -757.0
 48.3990 18.6290  483   0.20  -4.39  30.02   848.0   106.0
 48.3993 18.6290  484   0.20  -4.39  30.02   848.0  -307.0
 48.3996 18.6290  485   0.20  -4.39  30.02   848.0  -187.0
 48.3999 18.6290  486   0.20  -4.39  30.02   847.0   867.0
 48.4001 18.6290  487   0.20  -4.39  30.02   856.0   479.0
 48.4004 18.6290  488   0.20  -4.39  30.02   859.0  -522.0
 48.4007 18.6290  489   0.20  -4.39  30.02   857.0   157.0
 48.4010 18.6290  490   0.20  -4.39  30.02   848.0   244.0
 48.4013 18.6290  491   0.20  -4.39  30.02   863.0  -480.0
 48.4015 18.6290  492   0.20  -4.39  30.02   855.0   515.0
 48.4018 18.6290  493   0.20  -4.39  30.02   859.0   570.0
 48.4021 18.6290  494   0.20  -4.39  30.02   854.0   140.0
 48.4024 18.6290  495   0.20  -4.39  30.02   857.0   -15.0
 48.4026 18.6290  496   0.20  -4.39  30.02   858.0   552.0
 48.4029 18.6290  497   0.20  -4.39  30.02   857.0    20.0
 48.4032 18.6290  498   0.20  -4.39  30.02   863.0   493.0
 48.4035 18.6290  499   0.20  -4.39  30.02   855.0   122.0
 48.4037 18.6290  500   0.20  -4.39  30.02   865.0   395.0
 48.4040 18.6290  501   0.20  -4.39  30.02   859.0  -827.0
 48.4043 18.6290  502   0.20  -4.39  30.02   860.0  -789.0
 48.4046 18.6290  503   0.20  -4.39  30.02   861.0   751.0
 48.4049 18.6290  504   0.20  -4.39  30.02   867.0  -181.0
 48.4051 18.6290  505   0.20  -4.39  30.02   862.0   576.0
 48.4054 18.6290  506   0.20  -4.39  30.02   862.0    92.0
 48.4057 18.6290  507   0.20  -4.39  30.02   868.0   824.0
 48.4059 18.6290  508   0.20  -4.39  30.02   866.0   433.0
 48.4062 18.6290  509   0.20  -4.39  30.02   870.0   365.0
 48.4065 18.6290  510   0.20  -4.39  30.02   863.0  -559.0
 48.4067 18.6290  511   0.20  -4.39  30.02   861.0   708.0
 48.4070 18.6290  512   0.20  -4.39  30.02   863.0    19.0
 48.4073 18.6290  513   0.20  -4.39  30.02   871.0    43.0
 48.4076 18.6290  514   0.20  -4.39  30.02   864.0   -99.0
 48.4079 18.6290  515   0.20  -4.39  30.02   877.0  -633.0
 48.4081 18.6290  516   0.20  -4.39  30.02   866.0  -598.0
 48.4084 18.6290  517   0.20  -4.39  30.02   870.0  -271.0
 48.4087 18.6290  518   0.20  -4.39  30.02   876.0  -614.0
 48.4090 18.6290  519   0.20  -4.39  30.02   865.0  -255.0
 48.4093 18.6290  520   0.20  -4.39  30.02   871.0   162.0
 48.4096 18.6290  521   0.20  -4.39  30.02   874.0   398.0
 48.4099 18.6290  522   0.20  -4.39  30.02   869.0  -558.0
 48.4102 18.6290  523   0.20  -4.39  30.02   876.0  -578.0
 48.4104 18.6290  524   0.20  -4.39  30.02   875.0   -37.0
 48.4107 18.6290  525   0.20  -4.39  30.02   872.0   356.0
 48.4110 18.6290  526   0.20  -4.39  30.02   886.0   258.0
 48.4113 18.6290  527   0.20  -4.39  30.02   880.0  -338.0
 48.4116 18.6290  528   0.20  -4.39  30.02   876.0   228.0
 48.4118 18.6290  529   0.20  -4.39  30.02   879.0   459.0
 48.4121 18.6290  530   0.20  -4.39  30.02   881.0  -207.0
 48.4124 18.6290  531   0.20  -4.39  30.02   878.0   -22.0
 48.4126 18.6290  532   0.20  -4.39  30.02   884.0  -768.0
 48.4129 18.6290  533   0.20  -4.39  30.02   880.0   808.0
 48.4132 18.6290  534   0.20  -4.39  30.02   882.0   -33.0
 48.4135 18.6290  535   0.20  -4.39  30.02   885.0  -121.0
 48.4138 18.6290  536   0.20  -4.39  30.02   891.0   432.0
 48.4140 18.6290  537   0.20  -4.39  30.02   875.0   134.0
 48.4143 18.6290  538   0.20  -4.39  30.02   886.0   296.0
 48.4146 18.6290  539   0.20  -4.39  30.02   880.0  -659.0
 48.4148 18.6290  540   0.20  -4.39  30.02   879.0  -740.0
 48.4151 18.6290  541   0.20  -4.39  30.02   891.0  -234.0
 48.4154 18.6290  542   0.20  -4.39  30.02   887.0   758.0
 48.4157 18.6290  543   0.20  -4.39  30.02   884.0  -358.0
 48.4160 18.6290  544   0.20  -4.39  30.02   883.0   326.0
 48.4162 18.6290  545   0.20  -4.39  30.02   883.0  -965.0
 48.4165 18.6290  546   0.20  -4.39  30.02   886.0   575.0
 48.4168 18.6290  547   0.20  -4.39  30.02   898.0 -1363.0
 48.4162 18.6290  548   0.20  -4.39  30.02   895.0   -93.0
 48.4149 18.6290  549   0.20  -4.39  30.02   885.0  -858.0
 48.4148 18.6292  550   0.20  -4.39  30.02   879.0   142.0
 48.4148 18.6290  551   0.20  -4.39  30.02   879.0   -85.0
 48.4148 18.6290  552   0.20  -4.39  30.02   885.0  -275.0
 48.4148 18.6290  553   0.20  -4.39  30.02   881.0  -187.0
 48.4148 18.6290  554   0.20  -4.39  30.02   881.0   -70.0
 48.4148 18.6290  555   0.20  -4.39  30.02   877.0   -40.0
 48.4148 18.6290  556   0.20  -4.39  30.02   891.0  -874.0
 48.4148 18.6290  557   0.20  -4.39  30.02   883.0  -387.0
 48.4148 18.6290  558   0.20  -4.39  30.02   882.0   191.0
 48.4148 18.6290  559   0.20  -4.39  30.02   886.0  -164.0
 48.4148 18.6290  560   0.20  -4.39  30.02   891.0  -761.0
 48.4148 18.6290  561   0.20  -4.39  30.02   880.0   246.0
 48.4148 18.6290  562   0.20  -4.39  30.02   886.0   289.0
 48.4148 18.6290  563   0.20  -4.39  30.02   882.0  1070.0
 48.4148 18.6290  564   0.20  -4.39  30.02   875.0   419.0
 48.4148 18.6290  565   0.20  -4.39  30.02   887.0   -49.0
 48.4148 18.6290  566   0.20  -4.39  30.02   883.0   193.0
 48.4148 18.6290  567   0.20  -4.39  30.02   883.0   113.0
 48.4148 18.6290  568   0.20  -4.39  30.02   878.0  -199.0
 48.4148 18.6290  569   0.20  -4.39  30.02   886.0  -262.0
 48.4148 18.6290  570   0.20  -4.39  30.02   884.0   202.0
 48.4148 18.6290  571   0.20  -4.39  30.02   888.0   768.0
 48.4148 18.6290  572   0.20  -4.39  30.02   894.0   357.0
 48.4148 18.6290  573   0.20  -4.39  30.02   887.0    95.0
 48.4148 18.6290  574   0.20  -4.39  30.02   882.0  -434.0
 48.4148 18.6290  575   0.20  -4.39  30.02   888.0  -105.0
 48.4148 18.6290  576   0.20  -4.39  30.02   887.0  -435.0
 48.4148 18.6290  577   0.20  -4.39  30.02   880.0   354.0
 48.4148 18.6290  578   0.20  -4.39  30.02   880.0  -431.0
 48.4148 18.6290  579   0.20  -4.39  30.02   888.0  -933.0
 48.4148 18.6290  580   0.20  -4.39  30.02   881.0  -287.0
 48.4148 18.6290  581   0.20  -4.39  30.02   886.0   -40.0
 48.4148 18.6290  582   0.20  -4.39  30.02   890.0   219.0
 48.4148 18.6290  583   0.20  -4.39  30.02   885.0 -1071.0
 48.4148 18.6290  584   0.20  -4.39  30.02   879.0  -822.0
 48.4148 18.6290  585   0.20  -4.39  30.02   882.0  -422.0
 48.4148 18.6290  586   0.20  -4.39  30.02   885.0  -618.0
 48.4148 18.6290  587   0.20  -4.39  30.02   884.0    75.0
 48.4148 18.6290  588   0.20  -4.39  30.02   884.0   259.0
 48.4148 18.6290  589   0.20  -4.39  30.02   881.0    -2.0
 48.4148 18.6290  590   0.20  -4.39  30.02   884.0    95.0
 48.4148 18.6290  591   0.20  -4.39  30.02   874.0  -543.0
 48.4148 18.6290  592   0.20  -4.39  30.02   876.0  1161.0
 48.4148 18.6290  593   0.20  -4.39  30.02   890.0   175.0
 48.4148 18.6290  594   0.20  -4.39  30.02   885.0   766.0
 48.4148 18.6290  595   0.20  -4.39  30.02   886.0   192.0
 48.4148 18.6290  596   0.20  -4.39  30.02   885.0  -195.0
 48.4148 18.6290  597   0.20  -4.39  30.02   881.0   595.0
 48.4148 18.6290  598   0.20  -4.39  30.02   881.0  -669.0
 48.4148 18.6290  599   0.20  -4.39  30.02   884.0  -277.0
 48.4148 18.6290  600   0.20  -4.39  30.02   893.0  -868.0
 48.4148 18.6290  601   0.20  -4.39  30.02   884.0   665.0
 48.4148 18.6290  602   0.20  -4.39  30.02   882.0   101.0
 48.4148 18.6290  603   0.20  -4.39  30.02   881.0  -548.0
 48.4148 18.6290  604   0.20  -4.39  30.02   889.0   521.0
 48.4148 18.6290  605   0.20  -4.39  30.02   876.0   305.0
 48.4148 18.6290  606   0.20  -4.39  30.02   877.0  -638.0
 48.4148 18.6290  607   0.20  -4.39  30.02   885.0  -653.0
 48.4148 18.6290  608   0.20  -4.39  30.02   888.0  -770.0
 48.4148 18.6290  609   0.20  -4.39  30.02   876.0   457.0
 48.4148 18.6290  610   0.20  -4.39  30.02   877.0    16.0
 48.4148 18.6290  611   0.20  -4.39  30.02   883.0   255.0
 48.4148 18.6290  612   0.20  -4.39  30.02   883.0  -625.0
 48.4148 18.6290  613   0.20  -4.39  30.02   890.0   317.0
 48.4148 18.6290  614   0.20  -4.39  30.02   883.0  -710.0
 48.4148 18.6290  615   0.20  -4.39  30.02   885.0   -17.0
 48.4148 18.6290  616   0.20  -4.39  30.02   883.0  -275.0
 48.4148 18.6290  617   0.20  -4.39  30.02   880.0   387.0
 48.4148 18.6290  618   0.20  -4.39  30.02   876.0    43.0
 48.4148 18.6290  619   0.20  -4.39  30.02   883.0  -211.0
 48.4148 18.6290  620   0.20  -4.39  30.02   875.0  -871.0
 48.4148 18.6290  621   0.20  -4.39  30.02   881.0  -226.0
 48.4148 18.6290  622   0.20  -4.39  30.02   881.0  -423.0
 48.4148 18.6290  623   0.20  -4.39  30.02   890.0   396.0
 48.4148 18.6290  624   0.20  -4.39  30.02   890.0  -442.0
 48.4148 18.6290  625   0.20  -4.39  30.02   890.0    25.0
 48.4148 18.6290  626   0.20  -4.39  30.02   886.0  -312.0
 48.4148 18.6290  627   0.20  -4.39  30.02   880.0  -324.0
 48.4148 18.6290  628   0.20  -4.39  30.02   883.0  -482.0
 48.4148 18.6290  629   0.20  -4.39  30.02   886.0  -265.0
 48.4148 18.6290  630   0.20  -4.39  30.02   877.0  1183.0
 48.4148 18.6290  631   0.20  -4.39  30.02   886.0  -297.0
 48.4148 18.6290  632   0.20  -4.39  30.02   886.0   122.0
 48.4148 18.6290  633   0.20  -4.39  30.02   881.0   298.0
 48.4148 18.6290  634   0.20  -4.39  30.02   879.0  -407.0
 48.4148 18.6290  635   0.20  -4.39  30.02   883.0   513.0
 48.4148 18.6290  636   0.20  -4.39  30.02   882.0   414.0
 48.4148 18.6290  637   0.20  -4.39  30.02   888.0 -1155.0
 48.4148 18.6290  638   0.20  -4.39  30.02   881.0   -47.0
 48.4148 18.6290  639   0.20  -4.39  30.02   889.0   125.0
 48.4148 18.6290  640   0.20  -4.39  30.02   880.0   617.0
 48.4148 18.6290  641   0.20  -4.39  30.02   878.0   267.0
 48.4148 18.6290  642   0.20  -4.39  30.02   883.0   363.0
 48.4148 18.6290  643   0.20  -4.39  30.02   879.0  -359.0
 48.4148 18.6290  644   0.20  -4.39  30.02   888.0 -1211.0
 48.4148 18.6290  645   0.20  -4.39  30.02   891.0  -123.0
 48.4148 18.6290  646   0.20  -4.39  30.02   883.0   164.0
 48.4148 18.6290  647   0.20  -4.39  30.02   888.0  -153.0
 48.4148 18.6290  648   0.20  -4.39  30.02   889.0  -186.0
 48.4148 18.6290  649   0.20  -4.39  30.02   882.0   246.0
 48.4148 18.6290  650   0.20  -4.39  30.02   881.0  -180.0
 48.4148 18.6290  651   0.20  -4.39  30.02   886.0   450.0
 48.4148 18.6290  652   0.20  -4.39  30.02   881.0   433.0
 48.4148 18.6290  653   0.20  -4.39  30.02   890.0  -286.0
 48.4148 18.6290  654   0.20  -4.39  30.02   882.0  -912.0
 48.4148 18.6290  655   0.20  -4.39  30.02   875.0   679.0
 48.4148 18.6290  656   0.20  -4.39  30.02   889.0   -62.0
 48.4148 18.6290  657   0.20  -4.39  30.02   880.0   443.0
 48.4148 18.6290  658   0.20  -4.39  30.02   884.0  -414.0
 48.4148 18.6290  659   0.20  -4.39  30.02   880.0    -4.0
 48.4148 18.6290  660   0.20  -4.39  30.02   888.0   -39.0
 48.4148 18.6290  661   0.20  -4.39  30.02   881.0  -270.0
 48.4148 18.6290  662   0.20  -4.39  30.02   888.0  -183.0
 48.4148 18.6290  663   0.20  -4.39  30.02   885.0  -502.0
 48.4148 18.6290  664   0.20  -4.39  30.02   886.0   656.0
 48.4148 18.6290  665   0.20  -4.39  30.02   890.0   310.0
 48.4148 18.6290  666   0.20  -4.39  30.02   880.0   264.0
 48.4147 18.6290  667   0.20  -4.39  30.02   878.0   605.0
 48.4148 18.6290  668   0.20  -4.39  30.02   883.0   841.0
 48.4148 18.6290  669   0.20  -4.39  30.02   884.0  -586.0
 48.4148 18.6290  670   0.20  -4.39  30.02   887.0    32.0
 48.4148 18.6290  671   0.20  -4.39  30.02   888.0  -314.0
 48.4147 18.6290  672   0.20  -4.39  30.02   886.0  -213.0
 48.4147 18.6290  673   0.20  -4.39  30.02   883.0  -402.0
 48.4148 18.6290  674   0.20  -4.39  30.02   895.0  -663.0
 48.4148 18.6290  675   0.20  -4.39  30.02   873.0  -100.0
 48.4147 18.6290  676   0.20  -4.39  30.02   884.0  -221.0
 48.4148 18.6290  677   0.20  -4.39  30.02   881.0   329.0
 48.4148 18.6290  678   0.20  -4.39  30.02   892.0  -573.0
 48.4147 18.6290  679   0.20  -4.39  30.02   886.0  -754.0
 48.4148 18.6290  680   0.20  -4.39  30.02   886.0  -420.0
 48.4147 18.6290  681   0.20  -4.39  30.02   879.0  -626.0
 48.4147 18.6290  682   0.20  -4.39  30.02   880.0  -823.0
 48.4147 18.6290  683   0.20  -4.39  30.02   890.0   120.0
 48.4147 18.6290  684   0.20  -4.39  30.02   885.0   314.0
 48.4147 18.6290  685   0.20  -4.39  30.02   886.0 -1203.0
 48.4147 18.6290  686   0.20  -4.39  30.02   886.0  -138.0
 48.4147 18.6290  687   0.20  -4.39  30.02   887.0   235.0
 48.4147 18.6290  688   0.20  -4.39  30.02   880.0  -400.0
 48.4147 18.6290  689   0.20  -4.39  30.02   879.0   -53.0
 48.4147 18.6290  690   0.20  -4.39  30.02   878.0   377.0
 48.4147 18.6290  691   0.20  -4.39  30.02   884.0   -62.0
 48.4147 18.6290  692   0.20  -4.39  30.02   883.0  -368.0
 48.4147 18.6290  693   0.20  -4.39  30.02   882.0  -367.0
 48.4148 18.6290  694   0.20  -4.39  30.02   891.0  -329.0
 48.4147 18.6290  695   0.20  -4.39  30.02   883.0  -270.0
 48.4147 18.6290  696   0.20  -4.39  30.02   884.0   188.0
 48.4147 18.6290  697   0.20  -4.39  30.02   878.0    54.0
 48.4147 18.6290  698   0.20  -4.39  30.02   878.0  -618.0
 48.4147 18.6290  699   0.20  -4.39  30.02   882.0   381.0
 48.4147 18.6290  700   0.20  -4.39  30.02   885.0  -382.0
 48.4147 18.6290  701   0.20  -4.39  30.02   880.0   236.0
 48.4147 18.6290  702   0.20  -4.39  30.02   877.0   911.0
 48.4147 18.6290  703   0.20  -4.39  30.02   891.0  -492.0
 48.4147 18.6290  704   0.20  -4.39  30.02   894.0  -178.0
 48.4147 18.6290  705   0.20  -4.39  30.02   879.0  -422.0
 48.4147 18.6290  706   0.20  -4.39  30.02   891.0   726.0
 48.4147 18.6290  707   0.20  -4.39  30.02   886.0  -489.0
 48.4147 18.6290  708   0.20  -4.39  30.02   880.0   291.0
 48.4147 18.6290  709   0.20  -4.39  30.02   885.0   383.0
 48.4147 18.6290  710   0.20  -4.39  30.02   884.0   118.0
 48.4147 18.6290  711   0.20  -4.39  30.02   883.0    41.0
 48.4147 18.6290  712   0.20  -4.39  30.02   887.0   114.0
 48.4147 18.6290  713   0.20  -4.39  30.02   887.0  -264.0
 48.4147 18.6290  714   0.20  -4.39  30.02   884.0   735.0
 48.4147 18.6290  715   0.20  -4.39  30.02   877.0  -112.0
 48.4147 18.6290  716   0.20  -4.39  30.02   887.0   381.0
 48.4147 18.6290  717   0.20  -4.39  30.02   887.0  -320.0
 48.4147 18.6290  718   0.20  -4.39  30.02   880.0    67.0
 48.4147 18.6290  719   0.20  -4.39  30.02   886.0   -43.0
 48.4147 18.6290  720   0.20  -4.39  30.02   888.0   396.0
 48.4147 18.6290  721   0.20  -4.39  30.02   887.0   139.0
 48.4147 18.6290  722   0.20  -4.39  30.02   885.0    73.0
 48.4147 18.6290  723   0.20  -4.39  30.02   882.0   212.0
 48.4147 18.6290  724   0.20  -4.39  30.02   886.0  -738.0
 48.4147 18.6290  725   0.20  -4.39  30.02   876.0   392.0
 48.4147 18.6290  726   0.20  -4.39  30.02   875.0  -814.0
 48.4147 18.6290  727   0.20  -4.39  30.02   881.0  -712.0
 48.4147 18.6290  728   0.20  -4.39  30.02   878.0   -26.0
 48.4147 18.6290  729   0.20  -4.39  30.02   891.0   177.0
 48.4147 18.6290  730   0.20  -4.39  30.02   882.0   245.0
 48.4147 18.6290  731   0.20  -4.39  30.02   880.0  -691.0
 48.4147 18.6290  732   0.20  -4.39  30.02   880.0   399.0
 48.4147 18.6290  733   0.20  -4.39  30.02   880.0   671.0
 48.4147 18.6290  734   0.20  -4.39  30.02   890.0    63.0
 48.4147 18.6290  735   0.20  -4.39  30.02   883.0   343.0
 48.4147 18.6290  736   0.20  -4.39  30.02   878.0   297.0
 48.4147 18.6290  737   0.20  -4.39  30.02   888.0  -146.0
 48.4147 18.6290  738   0.20  -4.39  30.02   884.0  -401.0
 48.4147 18.6290  739   0.20  -4.39  30.02   885.0    99.0
 48.4147 18.6290  740   0.20  -4.39  30.02   892.0  -354.0
 48.4147 18.6290  741   0.20  -4.39  30.02   884.0  -476.0
 48.4147 18.6290  742   0.20  -4.39  30.02   887.0   162.0
 48.4147 18.6290  743   0.20  -4.39  30.02   884.0   404.0
 48.4147 18.6290  744   0.20  -4.39  30.02   883.0   565.0
 48.4147 18.6290  745   0.20  -4.39  30.02   887.0   904.0
 48.4147 18.6290  746   0.20  -4.39  30.02   886.0  -291.0
 48.4147 18.6290  747   0.20  -4.39  30.02   889.0  1031.0
 48.4147 18.6290  748   0.20  -4.39  30.02   886.0  -104.0
 48.4147 18.6290  749   0.20  -4.39  30.02   892.0   931.0
 48.4147 18.6290  750   0.20  -4.39  30.02   892.0   171.0
 48.4147 18.6290  751   0.20  -4.39  30.02   880.0  -570.0
 48.4147 18.6290  752   0.20  -4.39  30.02   885.0  1199.0
 48.4147 18.6290  753   0.20  -4.39  30.02   882.0   270.0
 48.4147 18.6290  754   0.20  -4.39  30.02   885.0   910.0
 48.4147 18.6290  755   0.20  -4.39  30.02   883.0  -539.0
 48.4147 18.6290  756   0.20  -4.39  30.02   884.0   403.0
 48.4147 18.6290  757   0.20  -4.39  30.02   886.0  -122.0
 48.4147 18.6290  758   0.20  -4.39  30.02   883.0   768.0
 48.4147 18.6290  759   0.20  -4.39  30.02   890.0   381.0
 48.4147 18.6290  760   0.20  -4.39  30.02   884.0    25.0
 48.4147 18.6290  761   0.20  -4.39  30.02   879.0   484.0
 48.4147 18.6290  762   0.20  -4.39  30.02   888.0   344.0
 48.4147 18.6290  763   0.20  -4.39  30.02   893.0   112.0
 48.4147 18.6290  764   0.20  -4.39  30.02   887.0   855.0
 48.4147 18.6290  765   0.20  -4.39  30.02   885.0  -601.0
 48.4147 18.6290  766   0.20  -4.39  30.02   881.0  -573.0
 48.4147 18.6290  767   0.20  -4.39  30.02   891.0 -1039.0
 48.4147 18.6290  768   0.20  -4.39  30.02   884.0  -152.0
 48.4147 18.6290  769   0.20  -4.39  30.02   888.0   677.0
 48.4147 18.6290  770   0.20  -4.39  30.02   882.0  -255.0
 48.4147 18.6290  771   0.20  -4.39  30.02   886.0   -51.0
 48.4147 18.6290  772   0.20  -4.39  30.02   880.0   415.0
 48.4147 18.6290  773   0.20  -4.39  30.02   890.0   -61.0
 48.4147 18.6290  774   0.20  -4.39  30.02   884.0   838.0
 48.4147 18.6290  775   0.20  -4.39  30.02   887.0  -635.0
 48.4147 18.6290  776   0.20  -4.39  30.02   884.0  -668.0
 48.4147 18.6290  777   0.20  -4.39  30.02   881.0  -496.0
 48.4147 18.6290  778   0.20  -4.39  30.02   880.0  -394.0
 48.4147 18.6290  779   0.20  -4.39  30.02   886.0  -449.0
 48.4147 18.6290  780   0.20  -4.39  30.02   884.0  -550.0
 48.4147 18.6290  781   0.20  -4.39  30.02   887.0  -150.0
 48.4147 18.6290  782   0.20  -4.39  30.02   880.0   196.0
 48.4147 18.6290  783   0.20  -4.39  30.02   884.0   -16.0
 48.4147 18.6290  784   0.20  -4.39  30.02   889.0  -565.0
 48.4147 18.6290  785   0.20  -4.39  30.02   882.0   212.0
 48.4147 18.6290  786   0.20  -4.39  30.02   879.0  -533.0
 48.4147 18.6290  787   0.20  -4.39  30.02   879.0   202.0
 48.4147 18.6290  788   0.20  -4.39  30.02   883.0  -370.0
 48.4147 18.6290  789   0.20  -4.39  30.02   888.0  -217.0
 48.4147 18.6290  790   0.20  -4.39  30.02   888.0  -254.0
 48.4147 18.6290  791   0.20  -4.39  30.02   884.0  -311.0
 48.4147 18.6290  792   0.20  -4.39  30.02   882.0  -390.0
 48.4147 18.6290  793   0.20  -4.39  30.02   880.0  -324.0
 48.4147 18.6290  794   0.20  -4.39  30.02   888.0    -7.0
 48.4147 18.6290  795   0.20  -4.39  30.02   878.0  1021.0
 48.4147 18.6290  796   0.20  -4.39  30.02   886.0  -647.0
 48.4147 18.6290  797   0.20  -4.39  30.02   885.0   -25.0
 48.4147 18.6290  798   0.20  -4.39  30.02   884.0  -273.0
 48.4147 18.6290  799   0.20  -4.39  30.02   884.0  -581.0
 48.4147 18.6290  800   0.20  -4.39  30.02   883.0   452.0
 48.4147 18.6290  801   0.20  -4.39  30.02   888.0    54.0
 48.4147 18.6290  802   0.20  -4.39  30.02   882.0   187.0
 48.4147 18.6290  803   0.20  -4.39  30.02   880.0   753.0
 48.4147 18.6290  804   0.20  -4.39  30.02   881.0  -205.0
 48.4147 18.6290  805   0.20  -4.39  30.02   881.0  -399.0
 48.4147 18.6290  806   0.20  -4.39  30.02   883.0   -86.0
 48.4147 18.6290  807   0.20  -4.39  30.02   883.0   805.0
 48.4147 18.6290  808   0.20  -4.39  30.02   885.0  -368.0
 48.4147 18.6290  809   0.20  -4.39  30.02   880.0  -418.0
 48.4147 18.6290  810   0.20  -4.39  30.02   889.0  -158.0
 48.4147 18.6290  811   0.20  -4.39  30.02   885.0  -680.0
 48.4147 18.6290  812   0.20  -4.39  30.02   889.0  -424.0
 48.4147 18.6290  813   0.20  -4.39  30.02   881.0  -263.0
 48.4147 18.6290  814   0.20  -4.39  30.02   882.0  -561.0
 48.4147 18.6290  815   0.20  -4.39  30.02   883.0   688.0
 48.4147 18.6290  816   0.20  -4.39  30.02   881.0  -198.0
 48.4147 18.6290  817   0.20  -4.39  30.02   896.0   315.0
 48.4147 18.6290  818   0.20  -4.39  30.02   887.0  -340.0
 48.4147 18.6290  819   0.20  -4.39  30.02   883.0 -1119.0
 48.4147 18.6290  820   0.20  -4.39  30.02   882.0  -219.0
 48.4147 18.6290  821   0.20  -4.39  30.02   893.0  1215.0
 48.4147 18.6290  822   0.20  -4.39  30.02   879.0   304.0
 48.4147 18.6290  823   0.20  -4.39  30.02   886.0  1004.0
 48.4147 18.6290  824   0.20  -4.39  30.02   886.0  -325.0
 48.4147 18.6290  825   0.20  -4.39  30.02   881.0   617.0
 48.4147 18.6290  826   0.20  -4.39  30.02   893.0   -15.0
 48.4147 18.6290  827   0.20  -4.39  30.02   877.0   598.0
 48.4147 18.6290  828   0.20  -4.39  30.02   888.0   -20.0
 48.4147 18.6290  829   0.20  -4.39  30.02   884.0  -239.0
 48.4147 18.6290  830   0.20  -4.39  30.02   885.0   -62.0
 48.4147 18.6290  831   0.20  -4.39  30.02   882.0     2.0
 48.4147 18.6290  832   0.20  -4.39  30.02   879.0   755.0
 48.4147 18.6290  833   0.20  -4.39  30.02   883.0  1021.0
 48.4147 18.6290  834   0.20  -4.39  30.02   887.0   -25.0
 48.4147 18.6290  835   0.20  -4.39  30.02   879.0   485.0
 48.4147 18.6290  836   0.20  -4.39  30.02   889.0   316.0
 48.4147 18.6290  837   0.20  -4.39  30.02   888.0   100.0
 48.4147 18.6290  838   0.20  -4.39  30.02   876.0  -126.0
 48.4147 18.6290  839   0.20  -4.39  30.02   886.0   102.0
 48.4147 18.6290  840   0.20  -4.39  30.02   885.0  -395.0
 48.4147 18.6290  841   0.20  -4.39  30.02   886.0   -24.0
 48.4147 18.6290  842   0.20  -4.39  30.02   884.0  -258.0
 48.4147 18.6290  843   0.20  -4.39  30.02   881.0  -787.0
 48.4147 18.6290  844   0.20  -4.39  30.02   880.0   448.0
 48.4147 18.6290  845   0.20  -4.39  30.02   879.0 -1046.0
 48.4147 18.6290  846   0.20  -4.39  30.02   882.0  -129.0
 48.4147 18.6290  847   0.20  -4.39  30.02   881.0   509.0
 48.4147 18.6290  848   0.20  -4.39  30.02   890.0  -175.0
 48.4147 18.6290  849   0.20  -4.39  30.02   891.0   492.0
 48.4147 18.6290  850   0.20  -4.39  30.02   882.0  -413.0
 48.4147 18.6290  851   0.20  -4.39  30.02   892.0   543.0
 48.4147 18.6290  852   0.20  -4.39  30.02   891.0   952.0
 48.4147 18.6290  853   0.20  -4.39  30.02   890.0  -873.0
 48.4147 18.6290  854   0.20  -4.39  30.02   880.0   -37.0
 48.4147 18.6290  855   0.20  -4.39  30.02   884.0   667.0
 48.4147 18.6290  856   0.20  -4.39  30.02   886.0  -644.0
 48.4147 18.6290  857   0.20  -4.39  30.02   883.0   310.0
 48.4147 18.6290  858   0.20  -4.39  30.02   888.0    24.0
 48.4147 18.6290  859   0.20  -4.39  30.02   879.0   -79.0
 48.4147 18.6290  860   0.20  -4.39  30.02   888.0    98.0
 48.4147 18.6290  861   0.20  -4.39  30.02   880.0   909.0
 48.4147 18.6290  862   0.20  -4.39  30.02   890.0  -279.0
 48.4147 18.6290  863   0.20  -4.39  30.02   886.0   471.0
 48.4147 18.6290  864   0.20  -4.39  30.02   885.0  -917.0
 48.4147 18.6290  865   0.20  -4.39  30.02   878.0   238.0
 48.4147 18.6290  866   0.20  -4.39  30.02   882.0    81.0
 48.4147 18.6290  867   0.20  -4.39  30.02   882.0   427.0
 48.4147 18.6290  868   0.20  -4.39  30.02   881.0  -424.0
 48.4147 18.6290  869   0.20  -4.39  30.02   883.0   719.0
 48.4147 18.6290  870   0.20  -4.39  30.02   885.0   209.0
 48.4147 18.6290  871   0.20  -4.39  30.02   889.0  -140.0
 48.4147 18.6290  872   0.20  -4.39  30.02   884.0   340.0
 48.4147 18.6290  873   0.20  -4.39  30.02   881.0  -567.0
 48.4147 18.6290  874   0.20  -4.39  30.02   888.0 -1012.0
 48.4147 18.6290  875   0.20  -4.39  30.02   886.0   518.0
 48.4147 18.6290  876   0.20  -4.39  30.02   882.0  -283.0
 48.4147 18.6290  877   0.20  -4.39  30.02   882.0   457.0
 48.4147 18.6290  878   0.20  -4.39  30.02   885.0  -285.0
 48.4147 18.6290  879   0.20  -4.39  30.02   889.0   421.0
 48.4147 18.6290  880   0.20  -4.39  30.02   889.0   -78.0
 48.4147 18.6290  881   0.20  -4.39  30.02   881.0    68.0
 48.4147 18.6290  882   0.20  -4.39  30.02   887.0 -1089.0
 48.4147 18.6290  883   0.20  -4.39  30.02   885.0   360.0
 48.4147 18.6290  884   0.20  -4.39  30.02   891.0   253.0
 48.4147 18.6290  885   0.20  -4.39  30.02   887.0  1196.0
 48.4147 18.6290  886   0.20  -4.39  30.02   889.0   349.0
 48.4147 18.6290  887   0.20  -4.39  30.02   885.0  -181.0
 48.4147 18.6290  888   0.20  -4.39  30.02   886.0   120.0
 48.4147 18.6290  889   0.20  -4.39  30.02   885.0 -1203.0
 48.4147 18.6290  890   0.20  -4.39  30.02   888.0  -938.0
 48.4147 18.6290  891   0.20  -4.39  30.02   893.0  -145.0
 48.4147 18.6290  892   0.20  -4.39  30.02   887.0  -167.0
 48.4147 18.6290  893   0.20  -4.39  30.02   881.0  -377.0
 48.4147 18.6290  894   0.20  -4.39  30.02   885.0 -1052.0
 48.4147 18.6290  895   0.20  -4.39  30.02   885.0   -61.0
 48.4147 18.6290  896   0.20  -4.39  30.02   887.0  -513.0
 48.4147 18.6290  897   0.20  -4.39  30.02   884.0   -11.0
 48.4147 18.6290  898   0.20  -4.39  30.02   885.0   301.0
 48.4147 18.6290  899   0.20  -4.39  30.02   881.0  -375.0
 48.4147 18.6290  900   0.20  -4.39  30.02   888.0  -134.0
 48.4147 18.6290  901   0.20  -4.39  30.02   880.0  -223.0
 48.4147 18.6290  902   0.20  -4.39  30.02   881.0  -572.0
 48.4147 18.6290  903   0.20  -4.39  30.02   889.0    97.0
 48.4147 18.6290  904   0.20  -4.39  30.02   886.0  -625.0
 48.4147 18.6290  905   0.20  -4.39  30.02   882.0  -666.0
 48.4147 18.6290  906   0.20  -4.39  30.02   884.0  -393.0
 48.4147 18.6290  907   0.20  -4.39  30.02   882.0  -657.0
 48.4147 18.6290  908   0.20  -4.39  30.02   882.0  -206.0
 48.4147 18.6290  909   0.20  -4.39  30.02   886.0  -464.0
 48.4147 18.6290  910   0.20  -4.39  30.02   880.0   143.0
 48.4147 18.6290  911   0.20  -4.39  30.02   884.0   625.0
 48.4147 18.6290  912   0.20  -4.39  30.02   879.0  -391.0
 48.4147 18.6290  913   0.20  -4.39  30.02   887.0   677.0
 48.4147 18.6290  914   0.20  -4.39  30.02   881.0  -692.0
 48.4147 18.6290  915   0.20  -4.39  30.02   877.0   -67.0
 48.4147 18.6290  916   0.20  -4.39  30.02   885.0  -285.0
 48.4147 18.6290  917   0.20  -4.39  30.02   884.0  -392.0
 48.4147 18.6290  918   0.20  -4.39  30.02   895.0  -410.0
 48.4147 18.6290  919   0.20  -4.39  30.02   888.0   544.0
 48.4147 18.6290  920   0.20  -4.39  30.02   888.0   328.0
 48.4147 18.6290  921   0.20  -4.39  30.02   887.0   601.0
 48.4147 18.6290  922   0.20  -4.39  30.02   885.0   196.0
 48.4147 18.6290  923   0.20  -4.39  30.02   892.0   235.0
 48.4147 18.6290  924   0.20  -4.39  30.02   884.0   337.0
 48.4147 18.6290  925   0.20  -4.39  30.02   887.0  -799.0
 48.4147 18.6290  926   0.20  -4.39  30.02   890.0   613.0
 48.4147 18.6290  927   0.20  -4.39  30.02   881.0   316.0
 48.4147 18.6290  928   0.20  -4.39  30.02   887.0   113.0
 48.4147 18.6290  929   0.20  -4.39  30.02   883.0   625.0
 48.4147 18.6290  930   0.20  -4.39  30.02   890.0  -537.0
 48.4147 18.6290  931   0.20  -4.39  30.02   887.0  -306.0
 48.4147 18.6290  932   0.20  -4.39  30.02   885.0   719.0
 48.4147 18.6290  933   0.20  -4.39  30.02   881.0  -356.0
 48.4147 18.6290  934   0.20  -4.39  30.02   885.0   815.0
 48.4147 18.6290  935   0.20  -4.39  30.02   882.0   -90.0
 48.4147 18.6290  936   0.20  -4.39  30.02   880.0   194.0
 48.4147 18.6290  937   0.20  -4.39  30.02   885.0  -561.0
 48.4147 18.6290  938   0.20  -4.39  30.02   887.0  -154.0
 48.4147 18.6290  939   0.20  -4.39  30.02   884.0   713.0
 48.4147 18.6290  940   0.20  -4.39  30.02   893.0  -183.0
 48.4147 18.6290  941   0.20  -4.39  30.02   892.0   281.0
 48.4147 18.6290  942   0.20  -4.39  30.02   883.0   471.0
 48.4147 18.6290  943   0.20  -4.39  30.02   885.0   487.0
 48.4147 18.6290  944   0.20  -4.39  30.02   882.0  -697.0
 48.4147 18.6290  945   0.20  -4.39  30.02   880.0   594.0
 48.4147 18.6290  946   0.20  -4.39  30.02   880.0   475.0
 48.4147 18.6290  947   0.20  -4.39  30.02   887.0  -584.0
 48.4147 18.6290  948   0.20  -4.39  30.02   886.0   528.0
 48.4147 18.6290  949   0.20  -4.39  30.02   879.0   457.0
 48.4147 18.6290  950   0.20  -4.39  30.02   886.0  -129.0
 48.4147 18.6290  951   0.20  -4.39  30.02   885.0  -116.0
 48.4147 18.6290  952   0.20  -4.39  30.02   882.0   227.0
 48.4147 18.6290  953   0.20  -4.39  30.02   874.0   -52.0
 48.4147 18.6290  954   0.20  -4.39  30.02   884.0   132.0
 48.4147 18.6290  955   0.20  -4.39  30.02   886.0   584.0
 48.4147 18.6290  956   0.20  -4.39  30.02   884.0  -386.0
 48.4147 18.6290  957   0.20  -4.39  30.02   882.0  -839.0
 48.4147 18.6290  958   0.20  -4.39  30.02   890.0  1522.0
 48.4147 18.6290  959   0.20  -4.39  30.02   879.0  -426.0
 48.4147 18.6290  960   0.20  -4.39  30.02   883.0   476.0
 48.4147 18.6290  961   0.20  -4.39  30.02   880.0  -325.0
 48.4147 18.6290  962   0.20  -4.39  30.02   883.0  -278.0
 48.4147 18.6290  963   0.20  -4.39  30.02   883.0   331.0
 48.4147 18.6290  964   0.20  -4.39  30.02   880.0   821.0
 48.4147 18.6290  965   0.20  -4.39  30.02   883.0   271.0
 48.4147 18.6290  966   0.20  -4.39  30.02   890.0  -435.0
 48.4147 18.6290  967   0.20  -4.39  30.02   880.0   -40.0
 48.4147 18.6290  968   0.20  -4.39  30.02   877.0  -509.0
 48.4147 18.6290  969   0.20  -4.39  30.02   881.0    31.0
 48.4147 18.6290  970   0.20  -4.39  30.02   881.0   877.0
 48.4147 18.6290  971   0.20  -4.39  30.02   887.0  -224.0
 48.4147 18.6290  972   0.20  -4.39  30.02   879.0   119.0
 48.4147 18.6290  973   0.20  -4.39  30.02   885.0  1010.0
 48.4147 18.6290  974   0.20  -4.39  30.02   886.0   364.0
 48.4147 18.6290  975   0.20  -4.39  30.02   883.0  -511.0
 48.4147 18.6290  976   0.20  -4.39  30.02   891.0  -198.0
 48.4147 18.6290  977   0.20  -4.39  30.02   887.0  -998.0
 48.4147 18.6290  978   0.20  -4.39  30.02   889.0   430.0
 48.4147 18.6290  979   0.20  -4.39  30.02   883.0  -148.0
 48.4147 18.6290  980   0.20  -4.39  30.02   878.0   497.0
 48.4147 18.6290  981   0.20  -4.39  30.02   885.0   475.0
 48.4147 18.6290  982   0.20  -4.39  30.02   887.0   356.0
 48.4147 18.6290  983   0.20  -4.39  30.02   882.0   649.0
 48.4147 18.6290  984   0.20  -4.39  30.02   879.0    95.0
 48.4147 18.6290  985   0.20  -4.39  30.02   887.0   811.0
 48.4147 18.6290  986   0.20  -4.39  30.02   879.0   -64.0
 48.4147 18.6290  987   0.20  -4.39  30.02   881.0   296.0
 48.4147 18.6290  988   0.20  -4.39  30.02   888.0   491.0
 48.4147 18.6290  989   0.20  -4.39  30.02   880.0  -718.0
 48.4147 18.6290  990   0.20  -4.39  30.02   890.0   628.0
 48.4147 18.6290  991   0.20  -4.39  30.02   890.0  -657.0
 48.4147 18.6290  992   0.20  -4.39  30.02   882.0  -185.0
 48.4147 18.6290  993   0.20  -4.39  30.02   889.0   104.0
 48.4147 18.6290  994   0.20  -4.39  30.02   886.0   609.0
 48.4147 18.6290  995   0.20  -4.39  30.02   877.0  -465.0
 48.4147 18.6290  996   0.20  -4.39  30.02   887.0  -449.0
 48.4147 18.6290  997   0.20  -4.39  30.02   887.0   428.0
 48.4147 18.6290  998   0.20  -4.39  30.02   881.0   508.0
 48.4147 18.6290  999   0.20  -4.39  30.02   887.0   321.0
