 48.6540 18.7599    0   0.20  -6.79  37.04   561.0 -1470.0
 48.6550 18.7598    1   0.20  -6.79  37.04   565.0   -17.0
 48.6551 18.7598    2   0.20  -6.79  37.04   564.0    30.0
 48.6553 18.7598    3   0.20  -6.79  37.04   567.0   -38.0
 48.6554 18.7598    4   0.20  -6.79  37.04   565.0   513.0
 48.6556 18.7598    5   0.20  -6.79  37.04   559.0   314.0
 48.6557 18.7598    6   0.20  -6.79  37.04   561.0  -169.0
 48.6558 18.7598    7   0.20  -6.79  37.04   557.0  -494.0
 48.6560 18.7598    8   0.20  -6.79  37.04   561.0 -1422.0
 48.6561 18.7598    9   0.20  -6.79  37.04   565.0  -884.0
 48.6563 18.7598   10   0.20  -6.79  37.04   554.0   137.0
 48.6564 18.7598   11   0.20  -6.79  37.04   554.0  -462.0
 48.6565 18.7598   12   0.20  -6.79  37.04   552.0   585.0
 48.6567 18.7598   13   0.20  -6.79  37.04   551.0  -110.0
 48.6568 18.7598   14   0.20  -6.79  37.04   549.0    58.0
 48.6570 18.7598   15   0.20  -6.79  37.04   549.0  -770.0
 48.6571 18.7598   16   0.20  -6.79  37.04   549.0  -330.0
 48.6572 18.7598   17   0.20  -6.79  37.04   558.0   195.0
 48.6574 18.7598   18   0.20  -6.79  37.04   552.0   -18.0
 48.6575 18.7598   19   0.20  -6.79  37.04   552.0    84.0
 48.6577 18.7598   20   0.20  -6.79  37.04   547.0   892.0
 48.6578 18.7598   21   0.20  -6.79  37.04   540.0  1138.0
 48.6580 18.7598   22   0.20  -6.79  37.04   542.0  -382.0
 48.6581 18.7598   23   0.20  -6.79  37.04   538.0  -133.0
 48.6582 18.7598   24   0.20  -6.79  37.04   540.0   -13.0
 48.6584 18.7598   25   0.20  -6.79  37.04   536.0  -328.0
 48.6585 18.7598   26   0.20  -6.79  37.04   535.0  -180.0
 48.6586 18.7598   27   0.20  -6.79  37.04   537.0   259.0
 48.6588 18.7598   28   0.20  -6.79  37.04   530.0   152.0
 48.6589 18.7598   29   0.20  -6.79  37.04   533.0   468.0
 48.6591 18.7598   30   0.20  -6.79  37.04   522.0  -802.0
 48.6592 18.7598   31   0.20  -6.79  37.04   527.0   120.0
 48.6594 18.7598   32   0.20  -6.79  37.04   517.0  -900.0
 48.6595 18.7598   33   0.20  -6.79  37.04   528.0   988.0
 48.6596 18.7598   34   0.20  -6.79  37.04   517.0  -413.0
 48.6598 18.7598   35   0.20  -6.79  37.04   521.0  -550.0
 48.6599 18.7598   36   0.20  -6.79  37.04   509.0   569.0
 48.6601 18.7598   37   0.20  -6.79  37.04   512.0  -811.0
 48.6602 18.7598   38   0.20  -6.79  37.04   503.0  -190.0
 48.6603 18.7598   39   0.20  -6.79  37.04   510.0   100.0
 48.6605 18.7598   40   0.20  -6.79  37.04   505.0 -1198.0
 48.6606 18.7598   41   0.20  -6.79  37.04   503.0   952.0
 48.6607 18.7598   42   0.20  -6.79  37.04   505.0  -270.0
 48.6609 18.7598   43   0.20  -6.79  37.04   493.0  -450.0
 48.6610 18.7598   44   0.20  -6.79  37.04   498.0    21.0
 48.6612 18.7598   45   0.20  -6.79  37.04   483.0    23.0
 48.6613 18.7598   46   0.20  -6.79  37.04   484.0  -278.0
 48.6615 18.7598   47   0.20  -6.79  37.04   485.0  -270.0
 48.6616 18.7598   48   0.20  -6.79  37.04   486.0   -70.0
 48.6617 18.7598   49   0.20  -6.79  37.04   483.0  -105.0
 48.6619 18.7598   50   0.20  -6.79  37.04   480.0   498.0
 48.6620 18.7598   51   0.20  -6.79  37.04   473.0 -1279.0
 48.6622 18.7598   52   0.20  -6.79  37.04   476.0  -314.0
 48.6623 18.7598   53   0.20  -6.79  37.04   476.0  -434.0
 48.6624 18.7598   54   0.20  -6.79  37.04   470.0  -919.0
 48.6626 18.7598   55   0.20  -6.79  37.04   462.0  -660.0
 48.6627 18.7598   56   0.20  -6.79  37.04   469.0   566.0
 48.6629 18.7598   57   0.20  -6.79  37.04   461.0   -35.0
 48.6630 18.7598   58   0.20  -6.79  37.04   455.0   861.0
 48.6632 18.7598   59   0.20  -6.79  37.04   462.0    48.0
 48.6633 18.7598   60   0.20  -6.79  37.04   460.0 -1209.0
 48.6634 18.7598   61   0.20  -6.79  37.04   452.0  -138.0
 48.6636 18.7598   62   0.20  -6.79  37.04   443.0   -35.0
 48.6637 18.7598   63   0.20  -6.79  37.04   441.0   644.0
 48.6638 18.7598   64   0.20  -6.79  37.04   440.0  -573.0
 48.6640 18.7598   65   0.20  -6.79  37.04   442.0   112.0
 48.6641 18.7598   66   0.20  -6.79  37.04   441.0  -621.0
 48.6643 18.7598   67   0.20  -6.79  37.04   440.0  -684.0
 48.6644 18.7598   68   0.20  -6.79  37.04   429.0  -658.0
 48.6645 18.7598   69   0.20  -6.79  37.04   431.0  -353.0
 48.6647 18.7598   70   0.20  -6.79  37.04   434.0   -26.0
 48.6648 18.7598   71   0.20  -6.79  37.04   426.0  -853.0
 48.6649 18.7598   72   0.20  -6.79  37.04   418.0  -465.0
 48.6651 18.7598   73   0.20  -6.79  37.04   426.0   102.0
 48.6652 18.7598   74   0.20  -6.79  37.04   423.0   366.0
 48.6654 18.7598   75   0.20  -6.79  37.04   422.0  -493.0
 48.6655 18.7598   76   0.20  -6.79  37.04   417.0    72.0
 48.6656 18.7598   77   0.20  -6.79  37.04   417.0    66.0
 48.6658 18.7598   78   0.20  -6.79  37.04   417.0   223.0
 48.6659 18.7598   79   0.20  -6.79  37.04   410.0   416.0
 48.6661 18.7598   80   0.20  -6.79  37.04   413.0   828.0
 48.6662 18.7598   81   0.20  -6.79  37.04   404.0  -906.0
 48.6664 18.7598   82   0.20  -6.79  37.04   402.0   406.0
 48.6665 18.7598   83   0.20  -6.79  37.04   394.0 -1309.0
 48.6666 18.7598   84   0.20  -6.79  37.04   400.0    65.0
 48.6668 18.7598   85   0.20  -6.79  37.04   394.0  -703.0
 48.6669 18.7598   86   0.20  -6.79  37.04   393.0  -250.0
 48.6671 18.7598   87   0.20  -6.79  37.04   392.0   129.0
 48.6672 18.7598   88   0.20  -6.79  37.04   385.0  -871.0
 48.6673 18.7598   89   0.20  -6.79  37.04   393.0  -708.0
 48.6675 18.7598   90   0.20  -6.79  37.04   379.0   826.0
 48.6676 18.7598   91   0.20  -6.79  37.04   385.0  -346.0
 48.6678 18.7598   92   0.20  -6.79  37.04   381.0   731.0
 48.6679 18.7598   93   0.20  -6.79  37.04   383.0  -406.0
 48.6680 18.7598   94   0.20  -6.79  37.04   377.0  -739.0
 48.6682 18.7598   95   0.20  -6.79  37.04   369.0  -202.0
 48.6683 18.7598   96   0.20  -6.79  37.04   372.0  -289.0
 48.6685 18.7598   97   0.20  -6.79  37.04   369.0    55.0
 48.6686 18.7598   98   0.20  -6.79  37.04   370.0  -952.0
 48.6687 18.7598   99   0.20  -6.79  37.04   361.0   758.0
 48.6689 18.7598  100   0.20  -6.79  37.04   366.0  -515.0
 48.6690 18.7598  101   0.20  -6.79  37.04   373.0 -1033.0
 48.6692 18.7598  102   0.20  -6.79  37.04   354.0   185.0
 48.6693 18.7598  103   0.20  -6.79  37.04   362.0  -317.0
 48.6694 18.7598  104   0.20  -6.79  37.04   362.0  -356.0
 48.6696 18.7598  105   0.20  -6.79  37.04   355.0    60.0
 48.6697 18.7598  106   0.20  -6.79  37.04   357.0   111.0
 48.6698 18.7598  107   0.20  -6.79  37.04   361.0  -438.0
 48.6700 18.7598  108   0.20  -6.79  37.04   361.0  -340.0
 48.6701 18.7598  109   0.20  -6.79  37.04   348.0  -323.0
 48.6703 18.7598  110   0.20  -6.79  37.04   342.0  -337.0
 48.6704 18.7598  111   0.20  -6.79  37.04   348.0  1104.0
 48.6705 18.7598  112   0.20  -6.79  37.04   346.0   -24.0
 48.6707 18.7598  113   0.20  -6.79  37.04   345.0   370.0
 48.6708 18.7598  114   0.20  -6.79  37.04   337.0  -484.0
 48.6710 18.7598  115   0.20  -6.79  37.04   346.0  -161.0
 48.6711 18.7598  116   0.20  -6.79  37.04   335.0  -109.0
 48.6712 18.7598  117   0.20  -6.79  37.04   338.0   795.0
 48.6714 18.7598  118   0.20  -6.79  37.04   336.0  -229.0
 48.6715 18.7598  119   0.20  -6.79  37.04   321.0   -66.0
 48.6717 18.7598  120   0.20  -6.79  37.04   333.0  -811.0
 48.6718 18.7598  121   0.20  -6.79  37.04   334.0  -888.0
 48.6720 18.7598  122   0.20  -6.79  37.04   333.0   971.0
 48.6721 18.7598  123   0.20  -6.79  37.04   321.0  -538.0
 48.6722 18.7599  124   0.20  -6.79  37.04   322.0  -942.0
 48.6724 18.7598  125   0.20  -6.79  37.04   321.0  -925.0
 48.6725 18.7598  126   0.20  -6.79  37.04   312.0    66.0
 48.6726 18.7598  127   0.20  -6.79  37.04   323.0 -1007.0
 48.6728 18.7598  128   0.20  -6.79  37.04   323.0   614.0
 48.6729 18.7598  129   0.20  -6.79  37.04   307.0   -68.0
 48.6731 18.7598  130   0.20  -6.79  37.04   319.0  -509.0
 48.6732 18.7599  131   0.20  -6.79  37.04   304.0  -331.0
 48.6733 18.7598  132   0.20  -6.79  37.04   321.0   -70.0
 48.6735 18.7598  133   0.20  -6.79  37.04   300.0  -827.0
 48.6736 18.7598  134   0.20  -6.79  37.04   302.0    65.0
 48.6738 18.7598  135   0.20  -6.79  37.04   295.0   289.0
 48.6739 18.7598  136   0.20  -6.79  37.04   293.0   -40.0
 48.6741 18.7598  137   0.20  -6.79  37.04   288.0   -33.0
 48.6742 18.7598  138   0.20  -6.79  37.04   289.0  -230.0
 48.6743 18.7598  139   0.20  -6.79  37.04   290.0  -870.0
 48.6745 18.7598  140   0.20  -6.79  37.04   278.0   348.0
 48.6746 18.7598  141   0.20  -6.79  37.04   283.0   239.0
 48.6748 18.7598  142   0.20  -6.79  37.04   281.0  -434.0
 48.6749 18.7598  143   0.20  -6.79  37.04   291.0   425.0
 48.6751 18.7598  144   0.20  -6.79  37.04   280.0  -606.0
 48.6752 18.7598  145   0.20  -6.79  37.04   276.0  -396.0
 48.6754 18.7598  146   0.20  -6.79  37.04   279.0  -830.0
 48.6755 18.7598  147   0.20  -6.79  37.04   268.0   285.0
 48.6757 18.7598  148   0.20  -6.79  37.04   269.0  -293.0
 48.6758 18.7598  149   0.20  -6.79  37.04   269.0   507.0
 48.6760 18.7598  150   0.20  -6.79  37.04   268.0  -320.0
 48.6761 18.7598  151   0.20  -6.79  37.04   261.0  -619.0
 48.6762 18.7598  152   0.20  -6.79  37.04   270.0  -541.0
 48.6764 18.7598  153   0.20  -6.79  37.04   263.0  -352.0
 48.6765 18.7598  154   0.20  -6.79  37.04   253.0  -268.0
 48.6767 18.7598  155   0.20  -6.79  37.04   269.0   -75.0
 48.6768 18.7598  156   0.20  -6.79  37.04   267.0   159.0
 48.6770 18.7598  157   0.20  -6.79  37.04   249.0   -58.0
 48.6771 18.7598  158   0.20  -6.79  37.04   260.0  -316.0
 48.6773 18.7598  159   0.20  -6.79  37.04   252.0    41.0
 48.6774 18.7598  160   0.20  -6.79  37.04   262.0   224.0
 48.6776 18.7598  161   0.20  -6.79  37.04   246.0 -1412.0
 48.6777 18.7598  162   0.20  -6.79  37.04   247.0   719.0
 48.6779 18.7598  163   0.20  -6.79  37.04   242.0  -426.0
 48.6780 18.7598  164   0.20  -6.79  37.04   254.0   491.0
 48.6782 18.7598  165   0.20  -6.79  37.04   246.0  -156.0
 48.6783 18.7598  166   0.20  -6.79  37.04   240.0  -126.0
 48.6785 18.7598  167   0.20  -6.79  37.04   242.0  -142.0
 48.6786 18.7598  168   0.20  -6.79  37.04   246.0   190.0
 48.6788 18.7598  169   0.20  -6.79  37.04   244.0  -189.0
 48.6789 18.7598  170   0.20  -6.79  37.04   239.0  -348.0
 48.6791 18.7598  171   0.20  -6.79  37.04   244.0   442.0
 48.6792 18.7598  172   0.20  -6.79  37.04   237.0    48.0
 48.6794 18.7598  173   0.20  -6.79  37.04   244.0   457.0
 48.6795 18.7598  174   0.20  -6.79  37.04   241.0  -612.0
 48.6797 18.7598  175   0.20  -6.79  37.04   245.0   555.0
 48.6798 18.7598  176   0.20  -6.79  37.04   238.0  -565.0
 48.6800 18.7598  177   0.20  -6.79  37.04   243.0  -595.0
 48.6801 18.7598  178   0.20  -6.79  37.04   235.0   109.0
 48.6803 18.7598  179   0.20  -6.79  37.04   234.0   328.0
 48.6804 18.7598  180   0.20  -6.79  37.04   238.0  -992.0
 48.6806 18.7598  181   0.20  -6.79  37.04   235.0  -513.0
 48.6807 18.7598  182   0.20  -6.79  37.04   236.0  -273.0
 48.6809 18.7598  183   0.20  -6.79  37.04   240.0   368.0
 48.6811 18.7598  184   0.20  -6.79  37.04   238.0  -482.0
 48.6812 18.7598  185   0.20  -6.79  37.04   241.0  -397.0
 48.6814 18.7598  186   0.20  -6.79  37.04   243.0  -597.0
 48.6815 18.7598  187   0.20  -6.79  37.04   238.0    22.0
 48.6817 18.7598  188   0.20  -6.79  37.04   238.0  -139.0
 48.6818 18.7598  189   0.20  -6.79  37.04   237.0    39.0
 48.6820 18.7598  190   0.20  -6.79  37.04   241.0  -321.0
 48.6821 18.7598  191   0.20  -6.79  37.04   242.0   361.0
 48.6823 18.7598  192   0.20  -6.79  37.04   244.0 -1186.0
 48.6824 18.7598  193   0.20  -6.79  37.04   251.0    75.0
 48.6826 18.7598  194   0.20  -6.79  37.04   241.0  -725.0
 48.6827 18.7598  195   0.20  -6.79  37.04   252.0  -291.0
 48.6829 18.7598  196   0.20  -6.79  37.04   246.0   228.0
 48.6830 18.7598  197   0.20  -6.79  37.04   244.0   -12.0
 48.6832 18.7598  198   0.20  -6.79  37.04   249.0  -170.0
 48.6834 18.7598  199   0.20  -6.79  37.04   256.0   120.0
 48.6835 18.7598  200   0.20  -6.79  37.04   243.0 -1043.0
 48.6837 18.7598  201   0.20  -6.79  37.04   246.0   419.0
 48.6838 18.7598  202   0.20  -6.79  37.04   247.0   253.0
 48.6840 18.7598  203   0.20  -6.79  37.04   265.0  -166.0
 48.6842 18.7598  204   0.20  -6.79  37.04   258.0   148.0
 48.6843 18.7598  205   0.20  -6.79  37.04   256.0   161.0
 48.6844 18.7598  206   0.20  -6.79  37.04   254.0   515.0
 48.6846 18.7598  207   0.20  -6.79  37.04   261.0   337.0
 48.6848 18.7598  208   0.20  -6.79  37.04   257.0     3.0
 48.6849 18.7598  209   0.20  -6.79  37.04   262.0  -150.0
 48.6851 18.7598  210   0.20  -6.79  37.04   264.0   391.0
 48.6852 18.7598  211   0.20  -6.79  37.04   263.0  -451.0
 48.6854 18.7598  212   0.20  -6.79  37.04   270.0 -1028.0
 48.6855 18.7598  213   0.20  -6.79  37.04   269.0  -438.0
 48.6857 18.7598  214   0.20  -6.79  37.04   273.0   218.0
 48.6858 18.7598  215   0.20  -6.79  37.04   270.0   150.0
 48.6860 18.7598  216   0.20  -6.79  37.04   271.0  -537.0
 48.6861 18.7598  217   0.20  -6.79  37.04   269.0  -372.0
 48.6863 18.7598  218   0.20  -6.79  37.04   273.0  -250.0
 48.6864 18.7598  219   0.20  -6.79  37.04   269.0  -504.0
 48.6866 18.7598  220   0.20  -6.79  37.04   277.0  -547.0
 48.6867 18.7598  221   0.20  -6.79  37.04   270.0  -584.0
 48.6869 18.7598  222   0.20  -6.79  37.04   281.0   523.0
 48.6870 18.7598  223   0.20  -6.79  37.04   278.0  -428.0
 48.6872 18.7598  224   0.20  -6.79  37.04   273.0  -892.0
 48.6873 18.7598  225   0.20  -6.79  37.04   281.0   -30.0
 48.6875 18.7598  226   0.20  -6.79  37.04   279.0  -482.0
 48.6876 18.7598  227   0.20  -6.79  37.04   279.0   908.0
 48.6878 18.7598  228   0.20  -6.79  37.04   282.0   775.0
 48.6879 18.7598  229   0.20  -6.79  37.04   288.0  -923.0
 48.6881 18.7598  230   0.20  -6.79  37.04   277.0  -774.0
 48.6882 18.7598  231   0.20  -6.79  37.04   278.0  -142.0
 48.6884 18.7598  232   0.20  -6.79  37.04   283.0  -815.0
 48.6885 18.7598  233   0.20  -6.79  37.04   293.0   510.0
 48.6887 18.7598  234   0.20  -6.79  37.04   286.0   737.0
 48.6888 18.7598  235   0.20  -6.79  37.04   281.0 -1358.0
 48.6890 18.7598  236   0.20  -6.79  37.04   302.0   -33.0
 48.6891 18.7599  237   0.20  -6.79  37.04   291.0  -618.0
 48.6893 18.7598  238   0.20  -6.79  37.04   291.0   133.0
 48.6894 18.7598  239   0.20  -6.79  37.04   288.0    30.0
 48.6896 18.7598  240   0.20  -6.79  37.04   289.0    17.0
 48.6897 18.7598  241   0.20  -6.79  37.04   289.0   536.0
 48.6899 18.7598  242   0.20  -6.79  37.04   292.0  -124.0
 48.6900 18.7598  243   0.20  -6.79  37.04   290.0   398.0
 48.6902 18.7598  244   0.20  -6.79  37.04   286.0   423.0
 48.6903 18.7598  245   0.20  -6.79  37.04   297.0  -670.0
 48.6905 18.7598  246   0.20  -6.79  37.04   291.0   -57.0
 48.6906 18.7598  247   0.20  -6.79  37.04   299.0   292.0
 48.6908 18.7598  248   0.20  -6.79  37.04   304.0   -95.0
 48.6909 18.7598  249   0.20  -6.79  37.04   292.0  -615.0
 48.6911 18.7598  250   0.20  -6.79  37.04   292.0  -157.0
 48.6912 18.7598  251   0.20  -6.79  37.04   293.0  -627.0
 48.6914 18.7598  252   0.20  -6.79  37.04   299.0  -209.0
 48.6915 18.7598  253   0.20  -6.79  37.04   305.0  -336.0
 48.6917 18.7598  254   0.20  -6.79  37.04   304.0  -155.0
 48.6918 18.7598  255   0.20  -6.79  37.04   306.0  -497.0
 48.6920 18.7598  256   0.20  -6.79  37.04   303.0   -27.0
 48.6921 18.7598  257   0.20  -6.79  37.04   297.0   640.0
 48.6923 18.7598  258   0.20  -6.79  37.04   307.0   290.0
 48.6924 18.7598  259   0.20  -6.79  37.04   307.0  -431.0
 48.6926 18.7598  260   0.20  -6.79  37.04   308.0  -255.0
 48.6927 18.7598  261   0.20  -6.79  37.04   301.0   114.0
 48.6929 18.7598  262   0.20  -6.79  37.04   307.0   268.0
 48.6930 18.7598  263   0.20  -6.79  37.04   314.0   149.0
 48.6932 18.7598  264   0.20  -6.79  37.04   302.0   542.0
 48.6933 18.7598  265   0.20  -6.79  37.04   310.0   183.0
 48.6935 18.7598  266   0.20  -6.79  37.04   315.0  -831.0
 48.6936 18.7598  267   0.20  -6.79  37.04   315.0   273.0
 48.6938 18.7598  268   0.20  -6.79  37.04   311.0   403.0
 48.6939 18.7598  269   0.20  -6.79  37.04   315.0 -1020.0
 48.6941 18.7598  270   0.20  -6.79  37.04   309.0  -634.0
 48.6942 18.7598  271   0.20  -6.79  37.04   314.0   -82.0
 48.6944 18.7598  272   0.20  -6.79  37.04   314.0    49.0
 48.6945 18.7598  273   0.20  -6.79  37.04   319.0  -270.0
 48.6947 18.7598  274   0.20  -6.79  37.04   313.0   721.0
 48.6948 18.7598  275   0.20  -6.79  37.04   320.0    30.0
 48.6950 18.7598  276   0.20  -6.79  37.04   330.0   -62.0
 48.6951 18.7598  277   0.20  -6.79  37.04   334.0   715.0
 48.6953 18.7598  278   0.20  -6.79  37.04   318.0   899.0
 48.6954 18.7598  279   0.20  -6.79  37.04   327.0 -1040.0
 48.6956 18.7598  280   0.20  -6.79  37.04   322.0    71.0
 48.6957 18.7598  281   0.20  -6.79  37.04   332.0   490.0
 48.6959 18.7598  282   0.20  -6.79  37.04   333.0  -354.0
 48.6960 18.7598  283   0.20  -6.79  37.04   334.0  -302.0
 48.6962 18.7598  284   0.20  -6.79  37.04   335.0   -54.0
 48.6963 18.7598  285   0.20  -6.79  37.04   333.0  -491.0
 48.6965 18.7598  286   0.20  -6.79  37.04   337.0   347.0
 48.6966 18.7598  287   0.20  -6.79  37.04   336.0  -478.0
 48.6968 18.7598  288   0.20  -6.79  37.04   339.0   579.0
 48.6970 18.7598  289   0.20  -6.79  37.04   343.0  -518.0
 48.6971 18.7598  290   0.20  -6.79  37.04   340.0   376.0
 48.6972 18.7598  291   0.20  -6.79  37.04   349.0   141.0
 48.6974 18.7598  292   0.20  -6.79  37.04   354.0 -2209.0
 48.6975 18.7598  293   0.20  -6.79  37.04   345.0  -803.0
 48.6977 18.7598  294   0.20  -6.79  37.04   343.0  -176.0
 48.6978 18.7598  295   0.20  -6.79  37.04   352.0  -155.0
 48.6980 18.7598  296   0.20  -6.79  37.04   353.0    19.0
 48.6981 18.7598  297   0.20  -6.79  37.04   356.0  -189.0
 48.6983 18.7598  298   0.20  -6.79  37.04   356.0  1145.0
 48.6984 18.7599  299   0.20  -6.79  37.04   360.0  1408.0
 48.6986 18.7598  300   0.20  -6.79  37.04   363.0   353.0
 48.6987 18.7598  301   0.20  -6.79  37.04   364.0  -436.0
 48.6989 18.7598  302   0.20  -6.79  37.04   367.0  -260.0
 48.6990 18.7598  303   0.20  -6.79  37.04   368.0  -582.0
 48.6992 18.7598  304   0.20  -6.79  37.04   376.0  -459.0
 48.6993 18.7598  305   0.20  -6.79  37.04   380.0   -64.0
 48.6995 18.7598  306   0.20  -6.79  37.04   380.0    -6.0
 48.6996 18.7598  307   0.20  -6.79  37.04   381.0  -223.0
 48.6998 18.7598  308   0.20  -6.79  37.04   393.0   370.0
 48.7000 18.7598  309   0.20  -6.79  37.04   387.0  -689.0
 48.7002 18.7598  310   0.20  -6.79  37.04   392.0  -390.0
 48.7003 18.7598  311   0.20  -6.79  37.04   393.0    -6.0
 48.7005 18.7598  312   0.20  -6.79  37.04   394.0  -110.0
 48.7007 18.7598  313   0.20  -6.79  37.04   387.0  -160.0
 48.7008 18.7599  314   0.20  -6.79  37.04   387.0   285.0
 48.7010 18.7598  315   0.20  -6.79  37.04   400.0     5.0
 48.7011 18.7598  316   0.20  -6.79  37.04   403.0    62.0
 48.7013 18.7598  317   0.20  -6.79  37.04   402.0   544.0
 48.7015 18.7598  318   0.20  -6.79  37.04   401.0  1279.0
 48.7016 18.7598  319   0.20  -6.79  37.04   402.0  -322.0
 48.7018 18.7598  320   0.20  -6.79  37.04   412.0  -183.0
 48.7019 18.7598  321   0.20  -6.79  37.04   406.0  -658.0
 48.7021 18.7599  322   0.20  -6.79  37.04   411.0  -763.0
 48.7022 18.7598  323   0.20  -6.79  37.04   414.0   631.0
 48.7024 18.7598  324   0.20  -6.79  37.04   417.0    23.0
 48.7025 18.7598  325   0.20  -6.79  37.04   422.0   458.0
 48.7027 18.7598  326   0.20  -6.79  37.04   417.0   233.0
 48.7028 18.7598  327   0.20  -6.79  37.04   425.0  -315.0
 48.7030 18.7598  328   0.20  -6.79  37.04   424.0  -157.0
 48.7031 18.7598  329   0.20  -6.79  37.04   422.0  -442.0
 48.7033 18.7598  330   0.20  -6.79  37.04   428.0  -416.0
 48.7034 18.7598  331   0.20  -6.79  37.04   431.0   -12.0
 48.7036 18.7599  332   0.20  -6.79  37.04   422.0   417.0
 48.7037 18.7598  333   0.20  -6.79  37.04   432.0 -1125.0
 48.7039 18.7598  334   0.20  -6.79  37.04   436.0  -417.0
 48.7040 18.7598  335   0.20  -6.79  37.04   442.0  -849.0
 48.7042 18.7598  336   0.20  -6.79  37.04   451.0 -1393.0
 48.7043 18.7598  337   0.20  -6.79  37.04   437.0  -352.0
 48.7045 18.7598  338   0.20  -6.79  37.04   433.0   136.0
 48.7046 18.7598  339   0.20  -6.79  37.04   440.0   622.0
 48.7048 18.7598  340   0.20  -6.79  37.04   447.0  -364.0
 48.7049 18.7598  341   0.20  -6.79  37.04   445.0   -92.0
 48.7051 18.7598  342   0.20  -6.79  37.04   439.0  -990.0
 48.7052 18.7598  343   0.20  -6.79  37.04   447.0    69.0
 48.7054 18.7598  344   0.20  -6.79  37.04   448.0 -1164.0
 48.7055 18.7598  345   0.20  -6.79  37.04   459.0  -458.0
 48.7057 18.7598  346   0.20  -6.79  37.04   455.0    36.0
 48.7058 18.7598  347   0.20  -6.79  37.04   461.0   533.0
 48.7060 18.7598  348   0.20  -6.79  37.04   456.0   348.0
 48.7061 18.7598  349   0.20  -6.79  37.04   465.0   360.0
 48.7063 18.7598  350   0.20  -6.79  37.04   463.0  -185.0
 48.7064 18.7598  351   0.20  -6.79  37.04   459.0   271.0
 48.7066 18.7598  352   0.20  -6.79  37.04   465.0   160.0
 48.7067 18.7599  353   0.20  -6.79  37.04   468.0  -992.0
 48.7068 18.7598  354   0.20  -6.79  37.04   456.0   557.0
 48.7070 18.7599  355   0.20  -6.79  37.04   468.0   357.0
 48.7071 18.7598  356   0.20  -6.79  37.04   478.0   395.0
 48.7073 18.7598  357   0.20  -6.79  37.04   469.0  -305.0
 48.7074 18.7598  358   0.20  -6.79  37.04   477.0   584.0
 48.7076 18.7598  359   0.20  -6.79  37.04   469.0  -186.0
 48.7077 18.7598  360   0.20  -6.79  37.04   476.0  -359.0
 48.7078 18.7598  361   0.20  -6.79  37.04   478.0   -53.0
 48.7080 18.7599  362   0.20  -6.79  37.04   477.0   700.0
 48.7081 18.7599  363   0.20  -6.79  37.04   476.0  -432.0
 48.7082 18.7598  364   0.20  -6.79  37.04   477.0  -786.0
 48.7084 18.7598  365   0.20  -6.79  37.04   475.0   424.0
 48.7085 18.7598  366   0.20  -6.79  37.04   475.0   281.0
 48.7087 18.7598  367   0.20  -6.79  37.04   475.0  -294.0
 48.7088 18.7598  368   0.20  -6.79  37.04   489.0   -75.0
 48.7089 18.7598  369   0.20  -6.79  37.04   472.0  -505.0
 48.7091 18.7599  370   0.20  -6.79  37.04   484.0   223.0
 48.7092 18.7598  371   0.20  -6.79  37.04   489.0  -393.0
 48.7094 18.7598  372   0.20  -6.79  37.04   485.0  -187.0
 48.7095 18.7598  373   0.20  -6.79  37.04   486.0   655.0
 48.7097 18.7598  374   0.20  -6.79  37.04   484.0  -580.0
 48.7098 18.7598  375   0.20  -6.79  37.04   490.0   200.0
 48.7099 18.7598  376   0.20  -6.79  37.04   490.0    56.0
 48.7101 18.7598  377   0.20  -6.79  37.04   488.0   822.0
 48.7102 18.7599  378   0.20  -6.79  37.04   496.0   285.0
 48.7104 18.7598  379   0.20  -6.79  37.04   496.0   -57.0
 48.7105 18.7598  380   0.20  -6.79  37.04   495.0  -440.0
 48.7107 18.7598  381   0.20  -6.79  37.04   499.0   453.0
 48.7108 18.7598  382   0.20  -6.79  37.04   496.0  -404.0
 48.7109 18.7598  383   0.20  -6.79  37.04   497.0  -579.0
 48.7111 18.7598  384   0.20  -6.79  37.04   491.0  -716.0
 48.7112 18.7599  385   0.20  -6.79  37.04   495.0   220.0
 48.7113 18.7599  386   0.20  -6.79  37.04   497.0   329.0
 48.7115 18.7599  387   0.20  -6.79  37.04   494.0    -1.0
 48.7116 18.7598  388   0.20  -6.79  37.04   495.0  -154.0
 48.7118 18.7598  389   0.20  -6.79  37.04   495.0  -569.0
 48.7119 18.7598  390   0.20  -6.79  37.04   503.0   465.0
 48.7120 18.7599  391   0.20  -6.79  37.04   497.0 -1125.0
 48.7122 18.7599  392   0.20  -6.79  37.04   502.0   125.0
 48.7123 18.7599  393   0.20  -6.79  37.04   499.0  -540.0
 48.7125 18.7599  394   0.20  -6.79  37.04   499.0    32.0
 48.7126 18.7598  395   0.20  -6.79  37.04   493.0 -1165.0
 48.7127 18.7598  396   0.20  -6.79  37.04   504.0  -797.0
 48.7129 18.7598  397   0.20  -6.79  37.04   496.0  -371.0
 48.7130 18.7598  398   0.20  -6.79  37.04   500.0   662.0
 48.7132 18.7598  399   0.20  -6.79  37.04   502.0   -63.0
 48.7133 18.7599  400   0.20  -6.79  37.04   490.0   415.0
 48.7134 18.7599  401   0.20  -6.79  37.04   503.0   -99.0
 48.7136 18.7599  402   0.20  -6.79  37.04   502.0   157.0
 48.7137 18.7598  403   0.20  -6.79  37.04   503.0   836.0
 48.7139 18.7598  404   0.20  -6.79  37.04   503.0  -758.0
 48.7140 18.7598  405   0.20  -6.79  37.04   496.0  -270.0
 48.7141 18.7598  406   0.20  -6.79  37.04   502.0   -23.0
 48.7143 18.7598  407   0.20  -6.79  37.04   505.0  -366.0
 48.7144 18.7599  408   0.20  -6.79  37.04   503.0  -998.0
 48.7146 18.7599  409   0.20  -6.79  37.04   502.0  -598.0
 48.7147 18.7599  410   0.20  -6.79  37.04   499.0  -172.0
 48.7148 18.7598  411   0.20  -6.79  37.04   499.0   168.0
 48.7150 18.7598  412   0.20  -6.79  37.04   497.0     9.0
 48.7151 18.7598  413   0.20  -6.79  37.04   495.0  -299.0
 48.7152 18.7598  414   0.20  -6.79  37.04   503.0   476.0
 48.7154 18.7599  415   0.20  -6.79  37.04   503.0 -1118.0
 48.7155 18.7599  416   0.20  -6.79  37.04   503.0   190.0
 48.7157 18.7599  417   0.20  -6.79  37.04   497.0  -176.0
 48.7158 18.7598  418   0.20  -6.79  37.04   500.0   415.0
 48.7159 18.7598  419   0.20  -6.79  37.04   497.0   379.0
 48.7161 18.7598  420   0.20  -6.79  37.04   498.0   132.0
 48.7162 18.7598  421   0.20  -6.79  37.04   494.0   543.0
 48.7164 18.7599  422   0.20  -6.79  37.04   497.0   435.0
 48.7165 18.7599  423   0.20  -6.79  37.04   497.0   564.0
 48.7167 18.7599  424   0.20  -6.79  37.04   490.0  -194.0
 48.7168 18.7599  425   0.20  -6.79  37.04   490.0  -325.0
 48.7169 18.7598  426   0.20  -6.79  37.04   483.0   122.0
 48.7171 18.7598  427   0.20  -6.79  37.04   492.0  -124.0
 48.7172 18.7598  428   0.20  -6.79  37.04   482.0  -335.0
 48.7173 18.7599  429   0.20  -6.79  37.04   487.0  -176.0
 48.7175 18.7599  430   0.20  -6.79  37.04   482.0   619.0
 48.7176 18.7599  431   0.20  -6.79  37.04   482.0  -925.0
 48.7178 18.7598  432   0.20  -6.79  37.04   478.0   465.0
 48.7179 18.7598  433   0.20  -6.79  37.04   483.0   341.0
 48.7181 18.7598  434   0.20  -6.79  37.04   485.0   730.0
 48.7182 18.7598  435   0.20  -6.79  37.04   480.0  -161.0
 48.7183 18.7599  436   0.20  -6.79  37.04   473.0  -190.0
 48.7185 18.7599  437   0.20  -6.79  37.04   479.0   582.0
 48.7186 18.7598  438   0.20  -6.79  37.04   475.0   761.0
 48.7187 18.7598  439   0.20  -6.79  37.04   476.0   146.0
 48.7189 18.7598  440   0.20  -6.79  37.04   476.0    18.0
 48.7190 18.7598  441   0.20  -6.79  37.04   473.0   132.0
 48.7192 18.7599  442   0.20  -6.79  37.04   469.0  -178.0
 48.7193 18.7598  443   0.20  -6.79  37.04   465.0  -135.0
 48.7195 18.7599  444   0.20  -6.79  37.04   479.0   737.0
 48.7196 18.7598  445   0.20  -6.79  37.04   461.0    36.0
 48.7197 18.7598  446   0.20  -6.79  37.04   467.0   476.0
 48.7199 18.7598  447   0.20  -6.79  37.04   461.0   170.0
 48.7200 18.7598  448   0.20  -6.79  37.04   463.0  -212.0
 48.7202 18.7598  449   0.20  -6.79  37.04   470.0   -39.0
 48.7203 18.7598  450   0.20  -6.79  37.04   461.0   519.0
 48.7204 18.7599  451   0.20  -6.79  37.04   459.0   352.0
 48.7206 18.7599  452   0.20  -6.79  37.04   465.0    51.0
 48.7207 18.7599  453   0.20  -6.79  37.04   459.0   -23.0
 48.7209 18.7598  454   0.20  -6.79  37.04   456.0  -289.0
 48.7210 18.7598  455   0.20  -6.79  37.04   454.0   516.0
 48.7211 18.7598  456   0.20  -6.79  37.04   453.0  -507.0
 48.7213 18.7599  457   0.20  -6.79  37.04   453.0  -951.0
 48.7214 18.7598  458   0.20  -6.79  37.04   446.0  -154.0
 48.7215 18.7599  459   0.20  -6.79  37.04   440.0   511.0
 48.7217 18.7598  460   0.20  -6.79  37.04   439.0    36.0
 48.7218 18.7598  461   0.20  -6.79  37.04   441.0   521.0
 48.7220 18.7598  462   0.20  -6.79  37.04   437.0  -181.0
 48.7221 18.7599  463   0.20  -6.79  37.04   436.0  -223.0
 48.7223 18.7598  464   0.20  -6.79  37.04   435.0  -203.0
 48.7224 18.7598  465   0.20  -6.79  37.04   437.0  -809.0
 48.7225 18.7598  466   0.20  -6.79  37.04   428.0   140.0
 48.7227 18.7598  467   0.20  -6.79  37.04   430.0   106.0
 48.7228 18.7598  468   0.20  -6.79  37.04   429.0  -942.0
 48.7230 18.7598  469   0.20  -6.79  37.04   427.0  -105.0
 48.7231 18.7598  470   0.20  -6.79  37.04   424.0  -232.0
 48.7232 18.7598  471   0.20  -6.79  37.04   413.0  1125.0
 48.7234 18.7598  472   0.20  -6.79  37.04   417.0  -101.0
 48.7235 18.7598  473   0.20  -6.79  37.04   408.0  -197.0
 48.7236 18.7598  474   0.20  -6.79  37.04   423.0   741.0
 48.7238 18.7598  475   0.20  -6.79  37.04   417.0  -690.0
 48.7239 18.7598  476   0.20  -6.79  37.04   415.0  -514.0
 48.7241 18.7598  477   0.20  -6.79  37.04   418.0   174.0
 48.7242 18.7598  478   0.20  -6.79  37.04   407.0  1010.0
 48.7243 18.7598  479   0.20  -6.79  37.04   411.0   222.0
 48.7245 18.7598  480   0.20  -6.79  37.04   402.0  -362.0
 48.7246 18.7598  481   0.20  -6.79  37.04   408.0  -103.0
 48.7248 18.7598  482   0.20  -6.79  37.04   400.0    38.0
 48.7250 18.7598  483   0.20  -6.79  37.04   392.0  1265.0
 48.7251 18.7598  484   0.20  -6.79  37.04   395.0   507.0
 48.7253 18.7598  485   0.20  -6.79  37.04   398.0   -31.0
 48.7254 18.7598  486   0.20  -6.79  37.04   400.0   528.0
 48.7255 18.7598  487   0.20  -6.79  37.04   391.0   167.0
 48.7257 18.7598  488   0.20  -6.79  37.04   391.0   718.0
 48.7258 18.7598  489   0.20  -6.79  37.04   397.0   717.0
 48.7260 18.7598  490   0.20  -6.79  37.04   387.0    -1.0
 48.7261 18.7598  491   0.20  -6.79  37.04   373.0   410.0
 48.7263 18.7598  492   0.20  -6.79  37.04   380.0   576.0
 48.7264 18.7599  493   0.20  -6.79  37.04   376.0 -1059.0
 48.7265 18.7598  494   0.20  -6.79  37.04   375.0  -786.0
 48.7267 18.7598  495   0.20  -6.79  37.04   382.0  -614.0
 48.7268 18.7598  496   0.20  -6.79  37.04   380.0   437.0
 48.7270 18.7598  497   0.20  -6.79  37.04   376.0  -311.0
 48.7271 18.7598  498   0.20  -6.79  37.04   369.0   508.0
 48.7272 18.7598  499   0.20  -6.79  37.04   373.0  -213.0
 48.7274 18.7598  500   0.20  -6.79  37.04   374.0   288.0
 48.7275 18.7598  501   0.20  -6.79  37.04   365.0  -517.0
 48.7277 18.7598  502   0.20  -6.79  37.04   383.0   830.0
 48.7278 18.7598  503   0.20  -6.79  37.04   371.0   -33.0
 48.7279 18.7598  504   0.20  -6.79  37.04   369.0   861.0
 48.7281 18.7598  505   0.20  -6.79  37.04   364.0    -5.0
 48.7282 18.7598  506   0.20  -6.79  37.04   355.0   267.0
 48.7284 18.7598  507   0.20  -6.79  37.04   359.0   -93.0
 48.7285 18.7598  508   0.20  -6.79  37.04   365.0  -423.0
 48.7286 18.7598  509   0.20  -6.79  37.04   356.0   376.0
 48.7288 18.7598  510   0.20  -6.79  37.04   358.0   406.0
 48.7289 18.7599  511   0.20  -6.79  37.04   356.0   257.0
 48.7291 18.7598  512   0.20  -6.79  37.04   359.0   228.0
 48.7292 18.7598  513   0.20  -6.79  37.04   357.0  -859.0
 48.7293 18.7598  514   0.20  -6.79  37.04   357.0   311.0
 48.7295 18.7598  515   0.20  -6.79  37.04   353.0  -337.0
 48.7296 18.7598  516   0.20  -6.79  37.04   351.0   850.0
 48.7298 18.7598  517   0.20  -6.79  37.04   348.0  -507.0
 48.7299 18.7598  518   0.20  -6.79  37.04   343.0    59.0
 48.7300 18.7598  519   0.20  -6.79  37.04   355.0  -133.0
 48.7302 18.7598  520   0.20  -6.79  37.04   350.0   156.0
 48.7303 18.7598  521   0.20  -6.79  37.04   343.0   605.0
 48.7305 18.7598  522   0.20  -6.79  37.04   346.0  -198.0
 48.7306 18.7598  523   0.20  -6.79  37.04   344.0   566.0
 48.7307 18.7598  524   0.20  -6.79  37.04   348.0  -485.0
 48.7309 18.7598  525   0.20  -6.79  37.04   349.0   -19.0
 48.7310 18.7598  526   0.20  -6.79  37.04   345.0   126.0
 48.7311 18.7598  527   0.20  -6.79  37.04   341.0  -970.0
 48.7313 18.7598  528   0.20  -6.79  37.04   335.0   268.0
 48.7314 18.7598  529   0.20  -6.79  37.04   337.0   309.0
 48.7316 18.7598  530   0.20  -6.79  37.04   343.0   663.0
 48.7317 18.7598  531   0.20  -6.79  37.04   333.0   647.0
 48.7318 18.7598  532   0.20  -6.79  37.04   339.0  -131.0
 48.7320 18.7598  533   0.20  -6.79  37.04   338.0    -8.0
 48.7321 18.7598  534   0.20  -6.79  37.04   341.0  -319.0
 48.7323 18.7598  535   0.20  -6.79  37.04   344.0  -256.0
 48.7324 18.7598  536   0.20  -6.79  37.04   335.0   834.0
 48.7326 18.7598  537   0.20  -6.79  37.04   329.0  -217.0
 48.7327 18.7598  538   0.20  -6.79  37.04   333.0  -362.0
 48.7328 18.7598  539   0.20  -6.79  37.04   328.0  -856.0
 48.7330 18.7598  540   0.20  -6.79  37.04   336.0  -569.0
 48.7331 18.7598  541   0.20  -6.79  37.04   332.0    76.0
 48.7333 18.7598  542   0.20  -6.79  37.04   327.0  -192.0
 48.7334 18.7598  543   0.20  -6.79  37.04   334.0   398.0
 48.7335 18.7598  544   0.20  -6.79  37.04   329.0 -1218.0
 48.7337 18.7598  545   0.20  -6.79  37.04   329.0   562.0
 48.7338 18.7598  546   0.20  -6.79  37.04   326.0    71.0
 48.7340 18.7598  547   0.20  -6.79  37.04   330.0  -617.0
 48.7341 18.7599  548   0.20  -6.79  37.04   337.0  -330.0
 48.7342 18.7598  549   0.20  -6.79  37.04   331.0   664.0
 48.7344 18.7598  550   0.20  -6.79  37.04   329.0  -154.0
 48.7345 18.7598  551   0.20  -6.79  37.04   330.0    43.0
 48.7347 18.7598  552   0.20  -6.79  37.04   328.0   159.0
 48.7348 18.7598  553   0.20  -6.79  37.04   330.0  -399.0
 48.7349 18.7598  554   0.20  -6.79  37.04   328.0   -14.0
 48.7351 18.7598  555   0.20  -6.79  37.04   332.0   -99.0
 48.7352 18.7598  556   0.20  -6.79  37.04   338.0  -578.0
 48.7354 18.7598  557   0.20  -6.79  37.04   329.0    11.0
 48.7355 18.7598  558   0.20  -6.79  37.04   332.0  -364.0
 48.7356 18.7598  559   0.20  -6.79  37.04   328.0  -425.0
 48.7358 18.7598  560   0.20  -6.79  37.04   328.0   -21.0
 48.7359 18.7598  561   0.20  -6.79  37.04   338.0   -34.0
 48.7361 18.7598  562   0.20  -6.79  37.04   335.0   294.0
 48.7362 18.7598  563   0.20  -6.79  37.04   329.0   804.0
 48.7363 18.7598  564   0.20  -6.79  37.04   332.0  -697.0
 48.7365 18.7598  565   0.20  -6.79  37.04   332.0  -390.0
 48.7366 18.7598  566   0.20  -6.79  37.04   331.0    30.0
 48.7368 18.7598  567   0.20  -6.79  37.04   330.0   294.0
 48.7369 18.7598  568   0.20  -6.79  37.04   339.0  -384.0
 48.7370 18.7598  569   0.20  -6.79  37.04   325.0  -691.0
 48.7372 18.7599  570   0.20  -6.79  37.04   333.0  -668.0
 48.7373 18.7598  571   0.20  -6.79  37.04   337.0   231.0
 48.7374 18.7598  572   0.20  -6.79  37.04   329.0   430.0
 48.7376 18.7598  573   0.20  -6.79  37.04   338.0   859.0
 48.7377 18.7598  574   0.20  -6.79  37.04   325.0   -90.0
 48.7379 18.7598  575   0.20  -6.79  37.04   333.0  -763.0
 48.7380 18.7598  576   0.20  -6.79  37.04   338.0    82.0
 48.7382 18.7598  577   0.20  -6.79  37.04   351.0  -190.0
 48.7383 18.7598  578   0.20  -6.79  37.04   340.0  -304.0
 48.7384 18.7598  579   0.20  -6.79  37.04   340.0   192.0
 48.7386 18.7598  580   0.20  -6.79  37.04   338.0  -561.0
 48.7387 18.7598  581   0.20  -6.79  37.04   335.0  -893.0
 48.7388 18.7598  582   0.20  -6.79  37.04   344.0  -739.0
 48.7390 18.7598  583   0.20  -6.79  37.04   346.0    55.0
 48.7391 18.7599  584   0.20  -6.79  37.04   350.0  -425.0
 48.7393 18.7598  585   0.20  -6.79  37.04   353.0  -654.0
 48.7394 18.7598  586   0.20  -6.79  37.04   347.0   -53.0
 48.7396 18.7598  587   0.20  -6.79  37.04   345.0   477.0
 48.7397 18.7598  588   0.20  -6.79  37.04   356.0    51.0
 48.7398 18.7598  589   0.20  -6.79  37.04   350.0   262.0
 48.7400 18.7599  590   0.20  -6.79  37.04   346.0   252.0
 48.7401 18.7598  591   0.20  -6.79  37.04   358.0  -556.0
 48.7403 18.7598  592   0.20  -6.79  37.04   352.0   961.0
 48.7404 18.7598  593   0.20  -6.79  37.04   354.0   207.0
 48.7405 18.7598  594   0.20  -6.79  37.04   350.0  -439.0
 48.7407 18.7599  595   0.20  -6.79  37.04   356.0  -407.0
 48.7408 18.7598  596   0.20  -6.79  37.04   360.0   336.0
 48.7410 18.7598  597   0.20  -6.79  37.04   362.0  -251.0
 48.7411 18.7598  598   0.20  -6.79  37.04   363.0   214.0
 48.7412 18.7598  599   0.20  -6.79  37.04   367.0   -89.0
 48.7414 18.7598  600   0.20  -6.79  37.04   365.0  -629.0
 48.7415 18.7598  601   0.20  -6.79  37.04   367.0   196.0
 48.7417 18.7598  602   0.20  -6.79  37.04   374.0   244.0
 48.7418 18.7599  603   0.20  -6.79  37.04   368.0   -72.0
 48.7419 18.7598  604   0.20  -6.79  37.04   372.0   347.0
 48.7421 18.7598  605   0.20  -6.79  37.04   370.0  -384.0
 48.7422 18.7598  606   0.20  -6.79  37.04   376.0  -435.0
 48.7424 18.7598  607   0.20  -6.79  37.04   371.0   423.0
 48.7425 18.7598  608   0.20  -6.79  37.04   377.0   205.0
 48.7426 18.7599  609   0.20  -6.79  37.04   375.0  -309.0
 48.7428 18.7599  610   0.20  -6.79  37.04   373.0    -4.0
 48.7429 18.7598  611   0.20  -6.79  37.04   378.0  -863.0
 48.7431 18.7598  612   0.20  -6.79  37.04   378.0   -27.0
 48.7432 18.7598  613   0.20  -6.79  37.04   385.0  -169.0
 48.7433 18.7598  614   0.20  -6.79  37.04   386.0  -206.0
 48.7435 18.7598  615   0.20  -6.79  37.04   388.0   575.0
 48.7436 18.7599  616   0.20  -6.79  37.04   384.0 -1113.0
 48.7437 18.7598  617   0.20  -6.79  37.04   387.0  -721.0
 48.7439 18.7598  618   0.20  -6.79  37.04   387.0 -1239.0
 48.7440 18.7598  619   0.20  -6.79  37.04   387.0  -439.0
 48.7442 18.7598  620   0.20  -6.79  37.04   391.0  -293.0
 48.7443 18.7598  621   0.20  -6.79  37.04   386.0  -165.0
 48.7444 18.7599  622   0.20  -6.79  37.04   390.0   321.0
 48.7446 18.7599  623   0.20  -6.79  37.04   395.0  -693.0
 48.7447 18.7599  624   0.20  -6.79  37.04   396.0  -547.0
 48.7449 18.7599  625   0.20  -6.79  37.04   392.0   885.0
 48.7450 18.7598  626   0.20  -6.79  37.04   389.0  -179.0
 48.7451 18.7598  627   0.20  -6.79  37.04   387.0  -275.0
 48.7453 18.7599  628   0.20  -6.79  37.04   401.0   191.0
 48.7454 18.7599  629   0.20  -6.79  37.04   394.0   -87.0
 48.7456 18.7599  630   0.20  -6.79  37.04   394.0   -18.0
 48.7457 18.7598  631   0.20  -6.79  37.04   402.0  -141.0
 48.7458 18.7598  632   0.20  -6.79  37.04   397.0    20.0
 48.7460 18.7598  633   0.20  -6.79  37.04   399.0  -811.0
 48.7461 18.7598  634   0.20  -6.79  37.04   402.0   277.0
 48.7463 18.7599  635   0.20  -6.79  37.04   406.0 -1736.0
 48.7464 18.7599  636   0.20  -6.79  37.04   399.0   544.0
 48.7465 18.7598  637   0.20  -6.79  37.04   400.0    83.0
 48.7467 18.7598  638   0.20  -6.79  37.04   402.0  -623.0
 48.7468 18.7599  639   0.20  -6.79  37.04   401.0  -610.0
 48.7470 18.7599  640   0.20  -6.79  37.04   405.0   255.0
 48.7471 18.7599  641   0.20  -6.79  37.04   404.0   157.0
 48.7472 18.7598  642   0.20  -6.79  37.04   401.0  -295.0
 48.7474 18.7598  643   0.20  -6.79  37.04   400.0   -74.0
 48.7475 18.7598  644   0.20  -6.79  37.04   406.0   218.0
 48.7477 18.7599  645   0.20  -6.79  37.04   397.0   978.0
 48.7478 18.7599  646   0.20  -6.79  37.04   401.0   109.0
 48.7479 18.7598  647   0.20  -6.79  37.04   405.0   305.0
 48.7481 18.7598  648   0.20  -6.79  37.04   400.0  -812.0
 48.7482 18.7599  649   0.20  -6.79  37.04   401.0   -60.0
 48.7484 18.7598  650   0.20  -6.79  37.04   396.0  -505.0
 48.7485 18.7598  651   0.20  -6.79  37.04   409.0   501.0
 48.7486 18.7598  652   0.20  -6.79  37.04   397.0  -471.0
 48.7488 18.7599  653   0.20  -6.79  37.04   401.0  -136.0
 48.7489 18.7599  654   0.20  -6.79  37.04   410.0 -1472.0
 48.7491 18.7599  655   0.20  -6.79  37.04   408.0   890.0
 48.7492 18.7598  656   0.20  -6.79  37.04   405.0  -411.0
 48.7493 18.7598  657   0.20  -6.79  37.04   409.0  -462.0
 48.7495 18.7599  658   0.20  -6.79  37.04   401.0  -533.0
 48.7496 18.7599  659   0.20  -6.79  37.04   412.0    53.0
 48.7498 18.7599  660   0.20  -6.79  37.04   398.0  -605.0
 48.7500 18.7599  661   0.20  -6.79  37.04   413.0   125.0
 48.7501 18.7598  662   0.20  -6.79  37.04   406.0   345.0
 48.7503 18.7598  663   0.20  -6.79  37.04   410.0   300.0
 48.7504 18.7598  664   0.20  -6.79  37.04   406.0  -578.0
 48.7506 18.7599  665   0.20  -6.79  37.04   405.0   211.0
 48.7507 18.7599  666   0.20  -6.79  37.04   404.0   -74.0
 48.7508 18.7599  667   0.20  -6.79  37.04   406.0  -810.0
 48.7510 18.7599  668   0.20  -6.79  37.04   401.0   237.0
 48.7511 18.7598  669   0.20  -6.79  37.04   407.0    61.0
 48.7513 18.7598  670   0.20  -6.79  37.04   410.0  -251.0
 48.7514 18.7598  671   0.20  -6.79  37.04   402.0   112.0
 48.7515 18.7599  672   0.20  -6.79  37.04   408.0  -885.0
 48.7517 18.7599  673   0.20  -6.79  37.04   400.0 -1084.0
 48.7518 18.7599  674   0.20  -6.79  37.04   406.0    -8.0
 48.7519 18.7598  675   0.20  -6.79  37.04   395.0   498.0
 48.7521 18.7598  676   0.20  -6.79  37.04   389.0  -329.0
 48.7522 18.7599  677   0.20  -6.79  37.04   392.0   536.0
 48.7524 18.7598  678   0.20  -6.79  37.04   412.0  -480.0
 48.7525 18.7599  679   0.20  -6.79  37.04   404.0    11.0
 48.7526 18.7598  680   0.20  -6.79  37.04   409.0   693.0
 48.7528 18.7598  681   0.20  -6.79  37.04   400.0   498.0
 48.7529 18.7598  682   0.20  -6.79  37.04   402.0  -778.0
 48.7531 18.7598  683   0.20  -6.79  37.04   404.0  -830.0
 48.7532 18.7598  684   0.20  -6.79  37.04   398.0  -339.0
 48.7533 18.7598  685   0.20  -6.79  37.04   399.0  -762.0
 48.7535 18.7599  686   0.20  -6.79  37.04   395.0  -154.0
 48.7536 18.7598  687   0.20  -6.79  37.04   402.0    55.0
 48.7538 18.7598  688   0.20  -6.79  37.04   407.0   358.0
 48.7539 18.7598  689   0.20  -6.79  37.04   403.0    38.0
 48.7540 18.7598  690   0.20  -6.79  37.04   397.0  -662.0
 48.7542 18.7599  691   0.20  -6.79  37.04   397.0   477.0
 48.7543 18.7598  692   0.20  -6.79  37.04   397.0   486.0
 48.7545 18.7598  693   0.20  -6.79  37.04   401.0   -11.0
 48.7546 18.7598  694   0.20  -6.79  37.04   386.0  1060.0
 48.7547 18.7598  695   0.20  -6.79  37.04   393.0   481.0
 48.7549 18.7598  696   0.20  -6.79  37.04   389.0 -1031.0
 48.7550 18.7598  697   0.20  -6.79  37.04   399.0   -41.0
 48.7552 18.7598  698   0.20  -6.79  37.04   404.0  -154.0
 48.7553 18.7599  699   0.20  -6.79  37.04   391.0   600.0
 48.7554 18.7598  700   0.20  -6.79  37.04   391.0  -420.0
 48.7556 18.7598  701   0.20  -6.79  37.04   387.0  -149.0
 48.7557 18.7598  702   0.20  -6.79  37.04   389.0  -163.0
 48.7559 18.7598  703   0.20  -6.79  37.04   390.0  -909.0
 48.7560 18.7598  704   0.20  -6.79  37.04   387.0  -268.0
 48.7561 18.7598  705   0.20  -6.79  37.04   387.0 -1358.0
 48.7563 18.7599  706   0.20  -6.79  37.04   379.0   531.0
 48.7564 18.7599  707   0.20  -6.79  37.04   369.0   235.0
 48.7566 18.7598  708   0.20  -6.79  37.04   391.0   234.0
 48.7567 18.7598  709   0.20  -6.79  37.04   386.0   182.0
 48.7568 18.7598  710   0.20  -6.79  37.04   382.0 -1220.0
 48.7570 18.7599  711   0.20  -6.79  37.04   385.0   129.0
 48.7571 18.7598  712   0.20  -6.79  37.04   383.0  -484.0
 48.7573 18.7598  713   0.20  -6.79  37.04   380.0  -760.0
 48.7574 18.7599  714   0.20  -6.79  37.04   382.0  -820.0
 48.7575 18.7598  715   0.20  -6.79  37.04   379.0  -139.0
 48.7577 18.7598  716   0.20  -6.79  37.04   381.0  1014.0
 48.7578 18.7599  717   0.20  -6.79  37.04   371.0   104.0
 48.7580 18.7599  718   0.20  -6.79  37.04   371.0    -3.0
 48.7581 18.7598  719   0.20  -6.79  37.04   380.0  -633.0
 48.7582 18.7598  720   0.20  -6.79  37.04   383.0  -366.0
 48.7584 18.7598  721   0.20  -6.79  37.04   375.0 -1261.0
 48.7585 18.7598  722   0.20  -6.79  37.04   380.0   241.0
 48.7587 18.7598  723   0.20  -6.79  37.04   372.0  -989.0
 48.7588 18.7598  724   0.20  -6.79  37.04   375.0   218.0
 48.7590 18.7598  725   0.20  -6.79  37.04   378.0  -135.0
 48.7591 18.7598  726   0.20  -6.79  37.04   375.0   867.0
 48.7592 18.7598  727   0.20  -6.79  37.04   373.0 -1090.0
 48.7594 18.7598  728   0.20  -6.79  37.04   373.0   513.0
 48.7595 18.7598  729   0.20  -6.79  37.04   377.0  -586.0
 48.7596 18.7598  730   0.20  -6.79  37.04   372.0   273.0
 48.7598 18.7598  731   0.20  -6.79  37.04   372.0   388.0
 48.7599 18.7598  732   0.20  -6.79  37.04   373.0  -648.0
 48.7601 18.7598  733   0.20  -6.79  37.04   363.0   560.0
 48.7602 18.7598  734   0.20  -6.79  37.04   369.0   176.0
 48.7604 18.7598  735   0.20  -6.79  37.04   371.0  -326.0
 48.7605 18.7598  736   0.20  -6.79  37.04   367.0  -200.0
 48.7607 18.7598  737   0.20  -6.79  37.04   363.0   542.0
 48.7608 18.7598  738   0.20  -6.79  37.04   363.0   599.0
 48.7609 18.7598  739   0.20  -6.79  37.04   355.0   264.0
 48.7611 18.7598  740   0.20  -6.79  37.04   363.0  -400.0
 48.7612 18.7598  741   0.20  -6.79  37.04   367.0  -273.0
 48.7613 18.7598  742   0.20  -6.79  37.04   361.0  -835.0
 48.7615 18.7598  743   0.20  -6.79  37.04   357.0  -715.0
 48.7616 18.7598  744   0.20  -6.79  37.04   365.0   389.0
 48.7618 18.7598  745   0.20  -6.79  37.04   356.0   254.0
 48.7619 18.7598  746   0.20  -6.79  37.04   364.0  -550.0
 48.7621 18.7598  747   0.20  -6.79  37.04   350.0  -235.0
 48.7622 18.7598  748   0.20  -6.79  37.04   352.0   155.0
 48.7623 18.7598  749   0.20  -6.79  37.04   355.0  -632.0
 48.7625 18.7598  750   0.20  -6.79  37.04   352.0  -456.0
 48.7626 18.7598  751   0.20  -6.79  37.04   348.0  -223.0
 48.7627 18.7598  752   0.20  -6.79  37.04   352.0   724.0
 48.7629 18.7598  753   0.20  -6.79  37.04   346.0  -391.0
 48.7630 18.7598  754   0.20  -6.79  37.04   353.0   162.0
 48.7632 18.7598  755   0.20  -6.79  37.04   342.0  -247.0
 48.7633 18.7598  756   0.20  -6.79  37.04   352.0  -798.0
 48.7635 18.7598  757   0.20  -6.79  37.04   354.0  -528.0
 48.7636 18.7598  758   0.20  -6.79  37.04   345.0   416.0
 48.7637 18.7598  759   0.20  -6.79  37.04   349.0   119.0
 48.7638 18.7598  760   0.20  -6.79  37.04   333.0  -958.0
 48.7640 18.7598  761   0.20  -6.79  37.04   337.0  -604.0
 48.7641 18.7598  762   0.20  -6.79  37.04   344.0 -1222.0
 48.7643 18.7598  763   0.20  -6.79  37.04   340.0  -179.0
 48.7644 18.7598  764   0.20  -6.79  37.04   330.0   -99.0
 48.7646 18.7598  765   0.20  -6.79  37.04   344.0  -625.0
 48.7647 18.7598  766   0.20  -6.79  37.04   338.0    88.0
 48.7648 18.7598  767   0.20  -6.79  37.04   334.0  -255.0
 48.7650 18.7598  768   0.20  -6.79  37.04   332.0  -177.0
 48.7651 18.7598  769   0.20  -6.79  37.04   338.0  -694.0
 48.7653 18.7598  770   0.20  -6.79  37.04   325.0  -229.0
 48.7654 18.7598  771   0.20  -6.79  37.04   332.0   410.0
 48.7656 18.7599  772   0.20  -6.79  37.04   329.0  -176.0
 48.7657 18.7598  773   0.20  -6.79  37.04   323.0  -656.0
 48.7658 18.7598  774   0.20  -6.79  37.04   326.0   341.0
 48.7660 18.7599  775   0.20  -6.79  37.04   335.0  -325.0
 48.7661 18.7599  776   0.20  -6.79  37.04   329.0   868.0
 48.7662 18.7598  777   0.20  -6.79  37.04   320.0  -652.0
 48.7664 18.7599  778   0.20  -6.79  37.04   333.0  -595.0
 48.7665 18.7598  779   0.20  -6.79  37.04   323.0  -641.0
 48.7667 18.7598  780   0.20  -6.79  37.04   324.0   727.0
 48.7668 18.7598  781   0.20  -6.79  37.04   318.0  -252.0
 48.7669 18.7599  782   0.20  -6.79  37.04   328.0  -375.0
 48.7671 18.7598  783   0.20  -6.79  37.04   314.0  -166.0
 48.7672 18.7598  784   0.20  -6.79  37.04   313.0  -786.0
 48.7674 18.7599  785   0.20  -6.79  37.04   317.0  -204.0
 48.7675 18.7598  786   0.20  -6.79  37.04   318.0  -631.0
 48.7676 18.7599  787   0.20  -6.79  37.04   327.0    63.0
 48.7678 18.7598  788   0.20  -6.79  37.04   325.0  -174.0
 48.7679 18.7599  789   0.20  -6.79  37.04   324.0  -671.0
 48.7681 18.7598  790   0.20  -6.79  37.04   316.0  -427.0
 48.7682 18.7599  791   0.20  -6.79  37.04   318.0    90.0
 48.7683 18.7599  792   0.20  -6.79  37.04   318.0   -80.0
 48.7684 18.7599  793   0.20  -6.79  37.04   316.0  -268.0
 48.7686 18.7599  794   0.20  -6.79  37.04   319.0   446.0
 48.7687 18.7599  795   0.20  -6.79  37.04   313.0 -1131.0
 48.7689 18.7599  796   0.20  -6.79  37.04   320.0  -622.0
 48.7690 18.7598  797   0.20  -6.79  37.04   315.0   478.0
 48.7692 18.7599  798   0.20  -6.79  37.04   321.0   487.0
 48.7693 18.7599  799   0.20  -6.79  37.04   319.0    71.0
 48.7694 18.7599  800   0.20  -6.79  37.04   322.0   -52.0
 48.7696 18.7598  801   0.20  -6.79  37.04   318.0  -364.0
 48.7697 18.7599  802   0.20  -6.79  37.04   318.0  -138.0
 48.7699 18.7599  803   0.20  -6.79  37.04   319.0   851.0
 48.7700 18.7599  804   0.20  -6.79  37.04   314.0   173.0
 48.7701 18.7598  805   0.20  -6.79  37.04   330.0   325.0
 48.7703 18.7598  806   0.20  -6.79  37.04   313.0   640.0
 48.7704 18.7599  807   0.20  -6.79  37.04   311.0  -682.0
 48.7706 18.7599  808   0.20  -6.79  37.04   311.0   678.0
 48.7707 18.7599  809   0.20  -6.79  37.04   316.0  -422.0
 48.7708 18.7599  810   0.20  -6.79  37.04   320.0  -347.0
 48.7710 18.7599  811   0.20  -6.79  37.04   330.0    40.0
 48.7711 18.7598  812   0.20  -6.79  37.04   327.0  -435.0
 48.7713 18.7598  813   0.20  -6.79  37.04   319.0  -753.0
 48.7714 18.7598  814   0.20  -6.79  37.04   318.0    73.0
 48.7715 18.7599  815   0.20  -6.79  37.04   323.0   -49.0
 48.7717 18.7598  816   0.20  -6.79  37.04   322.0   417.0
 48.7718 18.7598  817   0.20  -6.79  37.04   326.0   326.0
 48.7720 18.7599  818   0.20  -6.79  37.04   324.0  -101.0
 48.7721 18.7598  819   0.20  -6.79  37.04   318.0  -113.0
 48.7722 18.7598  820   0.20  -6.79  37.04   319.0    75.0
 48.7724 18.7599  821   0.20  -6.79  37.04   328.0  -980.0
 48.7725 18.7598  822   0.20  -6.79  37.04   321.0   527.0
 48.7727 18.7598  823   0.20  -6.79  37.04   327.0  -593.0
 48.7728 18.7598  824   0.20  -6.79  37.04   320.0   985.0
 48.7730 18.7598  825   0.20  -6.79  37.04   324.0   -72.0
 48.7731 18.7598  826   0.20  -6.79  37.04   324.0   301.0
 48.7732 18.7598  827   0.20  -6.79  37.04   322.0   -13.0
 48.7733 18.7598  828   0.20  -6.79  37.04   321.0   358.0
 48.7735 18.7598  829   0.20  -6.79  37.04   327.0  -181.0
 48.7736 18.7598  830   0.20  -6.79  37.04   326.0   622.0
 48.7738 18.7598  831   0.20  -6.79  37.04   328.0   337.0
 48.7739 18.7598  832   0.20  -6.79  37.04   322.0  -744.0
 48.7741 18.7598  833   0.20  -6.79  37.04   316.0   518.0
 48.7742 18.7598  834   0.20  -6.79  37.04   327.0   402.0
 48.7743 18.7598  835   0.20  -6.79  37.04   337.0   500.0
 48.7745 18.7598  836   0.20  -6.79  37.04   332.0  -530.0
 48.7746 18.7598  837   0.20  -6.79  37.04   326.0   790.0
 48.7747 18.7598  838   0.20  -6.79  37.04   331.0  -442.0
 48.7749 18.7598  839   0.20  -6.79  37.04   331.0   326.0
 48.7750 18.7598  840   0.20  -6.79  37.04   332.0 -1105.0
 48.7752 18.7598  841   0.20  -6.79  37.04   337.0   648.0
 48.7753 18.7598  842   0.20  -6.79  37.04   330.0   142.0
 48.7755 18.7598  843   0.20  -6.79  37.04   332.0 -1479.0
 48.7756 18.7598  844   0.20  -6.79  37.04   333.0  -702.0
 48.7757 18.7598  845   0.20  -6.79  37.04   334.0   757.0
 48.7759 18.7598  846   0.20  -6.79  37.04   329.0  -180.0
 48.7760 18.7598  847   0.20  -6.79  37.04   331.0   882.0
 48.7762 18.7598  848   0.20  -6.79  37.04   333.0 -1394.0
 48.7763 18.7598  849   0.20  -6.79  37.04   331.0   690.0
 48.7765 18.7598  850   0.20  -6.79  37.04   332.0   -63.0
 48.7766 18.7598  851   0.20  -6.79  37.04   320.0   382.0
 48.7768 18.7598  852   0.20  -6.79  37.04   326.0  -940.0
 48.7769 18.7598  853   0.20  -6.79  37.04   327.0   423.0
 48.7771 18.7598  854   0.20  -6.79  37.04   330.0  -292.0
 48.7772 18.7598  855   0.20  -6.79  37.04   320.0  -225.0
 48.7774 18.7598  856   0.20  -6.79  37.04   329.0  -348.0
 48.7775 18.7598  857   0.20  -6.79  37.04   329.0  -757.0
 48.7777 18.7598  858   0.20  -6.79  37.04   320.0   -89.0
 48.7778 18.7598  859   0.20  -6.79  37.04   327.0  -415.0
 48.7779 18.7598  860   0.20  -6.79  37.04   325.0   236.0
 48.7781 18.7598  861   0.20  -6.79  37.04   325.0 -1144.0
 48.7782 18.7598  862   0.20  -6.79  37.04   322.0  -647.0
 48.7783 18.7598  863   0.20  -6.79  37.04   319.0  -944.0
 48.7785 18.7598  864   0.20  -6.79  37.04   329.0  -229.0
 48.7786 18.7598  865   0.20  -6.79  37.04   321.0  -432.0
 48.7788 18.7598  866   0.20  -6.79  37.04   323.0   121.0
 48.7789 18.7598  867   0.20  -6.79  37.04   322.0  -447.0
 48.7790 18.7598  868   0.20  -6.79  37.04   316.0  -324.0
 48.7792 18.7598  869   0.20  -6.79  37.04   324.0  -556.0
 48.7793 18.7598  870   0.20  -6.79  37.04   312.0  -131.0
 48.7794 18.7598  871   0.20  -6.79  37.04   310.0  -581.0
 48.7796 18.7598  872   0.20  -6.79  37.04   314.0  -472.0
 48.7797 18.7598  873   0.20  -6.79  37.04   317.0  -254.0
 48.7799 18.7598  874   0.20  -6.79  37.04   311.0   514.0
 48.7800 18.7598  875   0.20  -6.79  37.04   312.0    83.0
 48.7802 18.7598  876   0.20  -6.79  37.04   308.0  -561.0
 48.7803 18.7598  877   0.20  -6.79  37.04   297.0   151.0
 48.7804 18.7598  878   0.20  -6.79  37.04   312.0   -63.0
 48.7806 18.7598  879   0.20  -6.79  37.04   304.0 -1166.0
 48.7807 18.7598  880   0.20  -6.79  37.04   300.0  -757.0
 48.7808 18.7598  881   0.20  -6.79  37.04   303.0  -176.0
 48.7810 18.7598  882   0.20  -6.79  37.04   297.0  -627.0
 48.7811 18.7598  883   0.20  -6.79  37.04   298.0  -819.0
 48.7813 18.7598  884   0.20  -6.79  37.04   292.0  -672.0
 48.7814 18.7598  885   0.20  -6.79  37.04   290.0   559.0
 48.7815 18.7598  886   0.20  -6.79  37.04   293.0   681.0
 48.7817 18.7598  887   0.20  -6.79  37.04   296.0  -839.0
 48.7818 18.7598  888   0.20  -6.79  37.04   289.0  -141.0
 48.7819 18.7598  889   0.20  -6.79  37.04   288.0   579.0
 48.7821 18.7598  890   0.20  -6.79  37.04   294.0   157.0
 48.7822 18.7598  891   0.20  -6.79  37.04   286.0   308.0
 48.7824 18.7598  892   0.20  -6.79  37.04   286.0   331.0
 48.7825 18.7598  893   0.20  -6.79  37.04   279.0   412.0
 48.7827 18.7598  894   0.20  -6.79  37.04   285.0  -985.0
 48.7828 18.7598  895   0.20  -6.79  37.04   274.0  -250.0
 48.7830 18.7598  896   0.20  -6.79  37.04   278.0    33.0
 48.7831 18.7598  897   0.20  -6.79  37.04   270.0 -1354.0
 48.7832 18.7598  898   0.20  -6.79  37.04   280.0   510.0
 48.7834 18.7598  899   0.20  -6.79  37.04   274.0    89.0
 48.7835 18.7598  900   0.20  -6.79  37.04   275.0   -58.0
 48.7836 18.7598  901   0.20  -6.79  37.04   272.0   631.0
 48.7838 18.7598  902   0.20  -6.79  37.04   267.0  -470.0
 48.7839 18.7598  903   0.20  -6.79  37.04   261.0  -564.0
 48.7840 18.7598  904   0.20  -6.79  37.04   258.0   554.0
 48.7842 18.7598  905   0.20  -6.79  37.04   256.0  -591.0
 48.7843 18.7598  906   0.20  -6.79  37.04   265.0   296.0
 48.7845 18.7598  907   0.20  -6.79  37.04   256.0  -213.0
 48.7846 18.7598  908   0.20  -6.79  37.04   254.0   207.0
 48.7848 18.7598  909   0.20  -6.79  37.04   250.0  -562.0
 48.7849 18.7598  910   0.20  -6.79  37.04   256.0  -301.0
 48.7851 18.7598  911   0.20  -6.79  37.04   253.0   398.0
 48.7852 18.7598  912   0.20  -6.79  37.04   254.0  -640.0
 48.7853 18.7598  913   0.20  -6.79  37.04   243.0    74.0
 48.7855 18.7598  914   0.20  -6.79  37.04   237.0  -356.0
 48.7856 18.7598  915   0.20  -6.79  37.04   236.0  -522.0
 48.7858 18.7598  916   0.20  -6.79  37.04   246.0  -916.0
 48.7859 18.7598  917   0.20  -6.79  37.04   228.0    84.0
 48.7861 18.7598  918   0.20  -6.79  37.04   234.0   -16.0
 48.7862 18.7598  919   0.20  -6.79  37.04   241.0   337.0
 48.7863 18.7598  920   0.20  -6.79  37.04   238.0    22.0
 48.7865 18.7598  921   0.20  -6.79  37.04   240.0  -175.0
 48.7866 18.7598  922   0.20  -6.79  37.04   228.0  -242.0
 48.7867 18.7598  923   0.20  -6.79  37.04   224.0  -605.0
 48.7869 18.7598  924   0.20  -6.79  37.04   227.0  -433.0
 48.7870 18.7598  925   0.20  -6.79  37.04   227.0   391.0
 48.7872 18.7598  926   0.20  -6.79  37.04   225.0   -40.0
 48.7873 18.7598  927   0.20  -6.79  37.04   216.0  -897.0
 48.7874 18.7598  928   0.20  -6.79  37.04   218.0  -811.0
 48.7876 18.7598  929   0.20  -6.79  37.04   219.0  -572.0
 48.7877 18.7598  930   0.20  -6.79  37.04   219.0  -328.0
 48.7879 18.7598  931   0.20  -6.79  37.04   207.0   188.0
 48.7880 18.7598  932   0.20  -6.79  37.04   214.0  -150.0
 48.7882 18.7598  933   0.20  -6.79  37.04   208.0 -1179.0
 48.7883 18.7598  934   0.20  -6.79  37.04   205.0   659.0
 48.7884 18.7598  935   0.20  -6.79  37.04   203.0  -788.0
 48.7886 18.7598  936   0.20  -6.79  37.04   200.0   240.0
 48.7887 18.7598  937   0.20  -6.79  37.04   198.0   -30.0
 48.7889 18.7598  938   0.20  -6.79  37.04   203.0  -614.0
 48.7890 18.7598  939   0.20  -6.79  37.04   199.0  -798.0
 48.7891 18.7598  940   0.20  -6.79  37.04   191.0   632.0
 48.7893 18.7598  941   0.20  -6.79  37.04   194.0  -999.0
 48.7894 18.7598  942   0.20  -6.79  37.04   195.0   -38.0
 48.7895 18.7598  943   0.20  -6.79  37.04   190.0   386.0
 48.7897 18.7598  944   0.20  -6.79  37.04   189.0   221.0
 48.7898 18.7598  945   0.20  -6.79  37.04   184.0  -831.0
 48.7900 18.7598  946   0.20  -6.79  37.04   180.0  1075.0
 48.7901 18.7598  947   0.20  -6.79  37.04   182.0  -494.0
 48.7903 18.7598  948   0.20  -6.79  37.04   184.0  1159.0
 48.7904 18.7598  949   0.20  -6.79  37.04   178.0   415.0
 48.7905 18.7598  950   0.20  -6.79  37.04   184.0   -93.0
 48.7907 18.7598  951   0.20  -6.79  37.04   177.0  -258.0
 48.7908 18.7598  952   0.20  -6.79  37.04   170.0   330.0
 48.7909 18.7598  953   0.20  -6.79  37.04   170.0   -85.0
 48.7911 18.7598  954   0.20  -6.79  37.04   164.0  -424.0
 48.7912 18.7598  955   0.20  -6.79  37.04   162.0   570.0
 48.7914 18.7598  956   0.20  -6.79  37.04   163.0  -325.0
 48.7915 18.7598  957   0.20  -6.79  37.04   166.0  -441.0
 48.7917 18.7598  958   0.20  -6.79  37.04   149.0  -510.0
 48.7918 18.7598  959   0.20  -6.79  37.04   159.0   178.0
 48.7919 18.7598  960   0.20  -6.79  37.04   152.0    52.0
 48.7921 18.7598  961   0.20  -6.79  37.04   153.0   -55.0
 48.7922 18.7598  962   0.20  -6.79  37.04   148.0   497.0
 48.7923 18.7598  963   0.20  -6.79  37.04   143.0  -455.0
 48.7925 18.7598  964   0.20  -6.79  37.04   152.0  -874.0
 48.7926 18.7598  965   0.20  -6.79  37.04   145.0   202.0
 48.7928 18.7598  966   0.20  -6.79  37.04   122.0  -436.0
 48.7929 18.7598  967   0.20  -6.79  37.04   141.0  -571.0
 48.7930 18.7598  968   0.20  -6.79  37.04   150.0  -213.0
 48.7932 18.7598  969   0.20  -6.79  37.04   120.0    89.0
 48.7933 18.7598  970   0.20  -6.79  37.04   141.0  -431.0
 48.7934 18.7598  971   0.20  -6.79  37.04   135.0   513.0
 48.7936 18.7598  972   0.20  -6.79  37.04   136.0     4.0
 48.7937 18.7598  973   0.20  -6.79  37.04   108.0   394.0
 48.7939 18.7598  974   0.20  -6.79  37.04   138.0   -10.0
 48.7940 18.7598  975   0.20  -6.79  37.04    97.0   345.0
 48.7942 18.7598  976   0.20  -6.79  37.04   135.0   808.0
 48.7943 18.7598  977   0.20  -6.79  37.04    81.0  -491.0
 48.7944 18.7598  978   0.20  -6.79  37.04   120.0  -724.0
 48.7946 18.7598  979   0.20  -6.79  37.04   126.0  -268.0
 48.7947 18.7598  980   0.20  -6.79  37.04   105.0  -364.0
 48.7949 18.7598  981   0.20  -6.79  37.04    92.0  -223.0
 48.7950 18.7598  982   0.20  -6.79  37.04   117.0   -28.0
 48.7952 18.7598  983   0.20  -6.79  37.04   111.0   968.0
 48.7953 18.7598  984   0.20  -6.79  37.04    80.0 -1019.0
 48.7954 18.7598  985   0.20  -6.79  37.04    95.0  -689.0
 48.7956 18.7598  986   0.20  -6.79  37.04    68.0  -471.0
 48.7957 18.7598  987   0.20  -6.79  37.04    93.0   -36.0
 48.7958 18.7598  988   0.20  -6.79  37.04    81.0   318.0
 48.7960 18.7598  989   0.20  -6.79  37.04    85.0   638.0
 48.7961 18.7598  990   0.20  -6.79  37.04    89.0   153.0
 48.7963 18.7598  991   0.20  -6.79  37.04   100.0   574.0
 48.7964 18.7598  992   0.20  -6.79  37.04    71.0  -109.0
 48.7965 18.7598  993   0.20  -6.79  37.04    88.0  -785.0
 48.7967 18.7598  994   0.20  -6.79  37.04    82.0  -675.0
 48.7968 18.7598  995   0.20  -6.79  37.04    88.0    63.0
 48.7970 18.7598  996   0.20  -6.79  37.04    51.0  -647.0
 48.7971 18.7598  997   0.20  -6.79  37.04    80.0  -561.0
 48.7972 18.7598  998   0.20  -6.79  37.04    95.0  -341.0
 48.7974 18.7598  999   0.20  -6.79  37.04    85.0    48.0
 48.7975 18.7598 1000   0.20  -6.79  37.04    55.0  -158.0
 48.7976 18.7598 1001   0.20  -6.79  37.04    91.0   228.0
 48.7978 18.7598 1002   0.20  -6.79  37.04    82.0   216.0
 48.7979 18.7598 1003   0.20  -6.79  37.04    76.0   -68.0
 48.7981 18.7598 1004   0.20  -6.79  37.04    58.0   108.0
 48.7982 18.7598 1005   0.20  -6.79  37.04    72.0  -863.0
 48.7983 18.7598 1006   0.20  -6.79  37.04    94.0  -642.0
 48.7985 18.7598 1007   0.20  -6.79  37.04    83.0    -5.0
 48.7986 18.7598 1008   0.20  -6.79  37.04    82.0  -854.0
 48.7988 18.7598 1009   0.20  -6.79  37.04    95.0  -710.0
 48.7989 18.7598 1010   0.20  -6.79  37.04    75.0   850.0
 48.7991 18.7598 1011   0.20  -6.79  37.04    65.0   261.0
 48.7992 18.7598 1012   0.20  -6.79  37.04    64.0  -494.0
 48.7993 18.7598 1013   0.20  -6.79  37.04    97.0  -547.0
 48.7995 18.7598 1014   0.20  -6.79  37.04    78.0  -372.0
 48.7996 18.7598 1015   0.20  -6.79  37.04    74.0 -1088.0
 48.7997 18.7598 1016   0.20  -6.79  37.04    74.0  -193.0
 48.7999 18.7598 1017   0.20  -6.79  37.04    93.0  -539.0
 48.8000 18.7598 1018   0.20  -6.79  37.04   105.0    95.0
 48.8002 18.7598 1019   0.20  -6.79  37.04    83.0  -643.0
 48.8003 18.7598 1020   0.20  -6.79  37.04   100.0  -337.0
 48.8004 18.7598 1021   0.20  -6.79  37.04   107.0   255.0
 48.8006 18.7598 1022   0.20  -6.79  37.04   106.0    -3.0
 48.8007 18.7598 1023   0.20  -6.79  37.04   115.0  -143.0
 48.8009 18.7598 1024   0.20  -6.79  37.04    98.0  -460.0
 48.8010 18.7598 1025   0.20  -6.79  37.04   108.0    45.0
 48.8011 18.7598 1026   0.20  -6.79  37.04   102.0  -385.0
 48.8013 18.7598 1027   0.20  -6.79  37.04    89.0   103.0
 48.8015 18.7598 1028   0.20  -6.79  37.04    90.0   644.0
 48.8016 18.7598 1029   0.20  -6.79  37.04    72.0  -293.0
 48.8018 18.7598 1030   0.20  -6.79  37.04    79.0   664.0
 48.8019 18.7598 1031   0.20  -6.79  37.04    85.0  -151.0
 48.8021 18.7598 1032   0.20  -6.79  37.04   113.0  -982.0
 48.8022 18.7598 1033   0.20  -6.79  37.04   110.0     2.0
 48.8023 18.7598 1034   0.20  -6.79  37.04   109.0   195.0
 48.8025 18.7598 1035   0.20  -6.79  37.04   117.0   -62.0
 48.8026 18.7598 1036   0.20  -6.79  37.04   103.0  -464.0
 48.8028 18.7598 1037   0.20  -6.79  37.04   121.0  -717.0
 48.8029 18.7598 1038   0.20  -6.79  37.04   123.0   339.0
 48.8030 18.7598 1039   0.20  -6.79  37.04   115.0  -281.0
 48.8032 18.7598 1040   0.20  -6.79  37.04   114.0   218.0
 48.8033 18.7598 1041   0.20  -6.79  37.04   116.0  -168.0
 48.8035 18.7598 1042   0.20  -6.79  37.04   121.0   342.0
 48.8036 18.7598 1043   0.20  -6.79  37.04   118.0  -430.0
 48.8038 18.7598 1044   0.20  -6.79  37.04   133.0    27.0
 48.8039 18.7598 1045   0.20  -6.79  37.04   116.0  -259.0
 48.8040 18.7598 1046   0.20  -6.79  37.04   114.0   -44.0
 48.8042 18.7598 1047   0.20  -6.79  37.04   139.0   596.0
 48.8043 18.7598 1048   0.20  -6.79  37.04   137.0 -1031.0
 48.8045 18.7598 1049   0.20  -6.79  37.04   121.0   216.0
 48.8046 18.7598 1050   0.20  -6.79  37.04   119.0   541.0
 48.8047 18.7598 1051   0.20  -6.79  37.04   133.0  -715.0
 48.8049 18.7598 1052   0.20  -6.79  37.04   127.0  -618.0
 48.8050 18.7598 1053   0.20  -6.79  37.04   121.0   335.0
 48.8052 18.7598 1054   0.20  -6.79  37.04   119.0   680.0
 48.8053 18.7598 1055   0.20  -6.79  37.04   126.0  -962.0
 48.8054 18.7598 1056   0.20  -6.79  37.04   114.0    76.0
 48.8056 18.7598 1057   0.20  -6.79  37.04   114.0  -116.0
 48.8057 18.7598 1058   0.20  -6.79  37.04   126.0   986.0
 48.8058 18.7598 1059   0.20  -6.79  37.04   127.0 -1780.0
 48.8060 18.7598 1060   0.20  -6.79  37.04   132.0   -26.0
 48.8061 18.7598 1061   0.20  -6.79  37.04   106.0  -210.0
 48.8063 18.7598 1062   0.20  -6.79  37.04   126.0    -4.0
 48.8064 18.7598 1063   0.20  -6.79  37.04    88.0  -135.0
 48.8066 18.7598 1064   0.20  -6.79  37.04   125.0  -168.0
 48.8067 18.7598 1065   0.20  -6.79  37.04    96.0   123.0
 48.8068 18.7598 1066   0.20  -6.79  37.04   139.0  -121.0
 48.8070 18.7598 1067   0.20  -6.79  37.04   117.0  -453.0
 48.8071 18.7598 1068   0.20  -6.79  37.04   120.0   -82.0
 48.8072 18.7598 1069   0.20  -6.79  37.04   129.0  -444.0
 48.8074 18.7598 1070   0.20  -6.79  37.04   122.0  -618.0
 48.8075 18.7598 1071   0.20  -6.79  37.04   131.0  -158.0
 48.8077 18.7598 1072   0.20  -6.79  37.04   116.0   296.0
 48.8078 18.7598 1073   0.20  -6.79  37.04   124.0   205.0
 48.8080 18.7598 1074   0.20  -6.79  37.04   116.0   462.0
 48.8081 18.7598 1075   0.20  -6.79  37.04    96.0   173.0
 48.8082 18.7598 1076   0.20  -6.79  37.04   115.0  -908.0
 48.8084 18.7598 1077   0.20  -6.79  37.04   117.0  -591.0
 48.8085 18.7598 1078   0.20  -6.79  37.04   106.0  -214.0
 48.8087 18.7598 1079   0.20  -6.79  37.04    91.0   835.0
 48.8088 18.7598 1080   0.20  -6.79  37.04    81.0   126.0
 48.8089 18.7598 1081   0.20  -6.79  37.04   106.0  -133.0
 48.8090 18.7598 1082   0.20  -6.79  37.04    91.0   -60.0
 48.8092 18.7598 1083   0.20  -6.79  37.04    93.0   686.0
 48.8093 18.7598 1084   0.20  -6.79  37.04   119.0   -28.0
 48.8095 18.7598 1085   0.20  -6.79  37.04    91.0   166.0
 48.8096 18.7598 1086   0.20  -6.79  37.04    91.0   -26.0
 48.8098 18.7598 1087   0.20  -6.79  37.04    88.0  -658.0
 48.8099 18.7598 1088   0.20  -6.79  37.04    97.0   295.0
 48.8101 18.7598 1089   0.20  -6.79  37.04    72.0  -402.0
 48.8102 18.7598 1090   0.20  -6.79  37.04    92.0   178.0
 48.8103 18.7598 1091   0.20  -6.79  37.04    88.0  -687.0
 48.8105 18.7598 1092   0.20  -6.79  37.04    85.0   -90.0
 48.8107 18.7598 1093   0.20  -6.79  37.04    59.0   268.0
 48.8108 18.7598 1094   0.20  -6.79  37.04   107.0   506.0
 48.8109 18.7598 1095   0.20  -6.79  37.04    68.0  -966.0
 48.8111 18.7598 1096   0.20  -6.79  37.04    49.0  -366.0
 48.8112 18.7598 1097   0.20  -6.79  37.04    77.0  -313.0
 48.8114 18.7598 1098   0.20  -6.79  37.04    66.0   -55.0
 48.8115 18.7598 1099   0.20  -6.79  37.04    50.0   182.0
 48.8116 18.7598 1100   0.20  -6.79  37.04    45.0  -407.0
 48.8118 18.7598 1101   0.20  -6.79  37.04    70.0  -931.0
 48.8119 18.7598 1102   0.20  -6.79  37.04    52.0  -436.0
 48.8120 18.7598 1103   0.20  -6.79  37.04    59.0  -549.0
 48.8122 18.7598 1104   0.20  -6.79  37.04    46.0  -221.0
 48.8123 18.7598 1105   0.20  -6.79  37.04    49.0  -381.0
 48.8124 18.7598 1106   0.20  -6.79  37.04    36.0   311.0
 48.8126 18.7598 1107   0.20  -6.79  37.04    61.0   253.0
 48.8127 18.7598 1108   0.20  -6.79  37.04    59.0  -126.0
 48.8129 18.7598 1109   0.20  -6.79  37.04    44.0  -414.0
 48.8130 18.7598 1110   0.20  -6.79  37.04    57.0  -387.0
 48.8132 18.7598 1111   0.20  -6.79  37.04    42.0  -128.0
 48.8133 18.7598 1112   0.20  -6.79  37.04    46.0   -38.0
 48.8134 18.7598 1113   0.20  -6.79  37.04    42.0    56.0
 48.8136 18.7598 1114   0.20  -6.79  37.04    40.0  -144.0
 48.8137 18.7598 1115   0.20  -6.79  37.04    36.0   153.0
 48.8139 18.7598 1116   0.20  -6.79  37.04    28.0   402.0
 48.8140 18.7598 1117   0.20  -6.79  37.04    32.0  -325.0
 48.8141 18.7598 1118   0.20  -6.79  37.04    37.0  -393.0
 48.8143 18.7598 1119   0.20  -6.79  37.04    31.0  -866.0
 48.8144 18.7598 1120   0.20  -6.79  37.04    37.0  -311.0
 48.8145 18.7598 1121   0.20  -6.79  37.04    32.0    43.0
 48.8147 18.7598 1122   0.20  -6.79  37.04    27.0    57.0
 48.8148 18.7598 1123   0.20  -6.79  37.04    34.0  -264.0
 48.8149 18.7598 1124   0.20  -6.79  37.04    26.0    -4.0
 48.8151 18.7598 1125   0.20  -6.79  37.04    43.0   688.0
 48.8152 18.7598 1126   0.20  -6.79  37.04    34.0  -600.0
 48.8154 18.7598 1127   0.20  -6.79  37.04    28.0  -307.0
 48.8155 18.7598 1128   0.20  -6.79  37.04    31.0   304.0
 48.8156 18.7598 1129   0.20  -6.79  37.04    21.0  -251.0
 48.8158 18.7598 1130   0.20  -6.79  37.04    35.0   253.0
 48.8159 18.7598 1131   0.20  -6.79  37.04    24.0   398.0
 48.8161 18.7598 1132   0.20  -6.79  37.04    25.0  -546.0
 48.8162 18.7598 1133   0.20  -6.79  37.04    26.0  -686.0
 48.8163 18.7598 1134   0.20  -6.79  37.04    19.0   -51.0
 48.8165 18.7598 1135   0.20  -6.79  37.04    22.0  -165.0
 48.8166 18.7598 1136   0.20  -6.79  37.04    23.0  -518.0
 48.8168 18.7598 1137   0.20  -6.79  37.04    21.0  -115.0
 48.8169 18.7598 1138   0.20  -6.79  37.04    16.0  -744.0
 48.8171 18.7598 1139   0.20  -6.79  37.04    28.0  -190.0
 48.8172 18.7598 1140   0.20  -6.79  37.04    22.0   213.0
 48.8173 18.7598 1141   0.20  -6.79  37.04    25.0   179.0
 48.8175 18.7598 1142   0.20  -6.79  37.04    21.0  -328.0
 48.8176 18.7598 1143   0.20  -6.79  37.04    22.0  -791.0
 48.8178 18.7598 1144   0.20  -6.79  37.04    19.0    41.0
 48.8179 18.7598 1145   0.20  -6.79  37.04    17.0  -192.0
 48.8180 18.7598 1146   0.20  -6.79  37.04    16.0   179.0
 48.8182 18.7598 1147   0.20  -6.79  37.04    13.0  -206.0
 48.8183 18.7598 1148   0.20  -6.79  37.04    19.0    -7.0
 48.8184 18.7598 1149   0.20  -6.79  37.04    21.0    18.0
 48.8186 18.7598 1150   0.20  -6.79  37.04    17.0  -294.0
 48.8187 18.7598 1151   0.20  -6.79  37.04    15.0   679.0
 48.8189 18.7598 1152   0.20  -6.79  37.04    27.0  -320.0
 48.8190 18.7598 1153   0.20  -6.79  37.04    16.0  -280.0
 48.8191 18.7598 1154   0.20  -6.79  37.04    17.0  -112.0
 48.8193 18.7598 1155   0.20  -6.79  37.04    25.0  -352.0
 48.8194 18.7598 1156   0.20  -6.79  37.04    15.0  -877.0
 48.8196 18.7598 1157   0.20  -6.79  37.04    14.0  -401.0
 48.8197 18.7598 1158   0.20  -6.79  37.04    13.0  -790.0
 48.8199 18.7598 1159   0.20  -6.79  37.04    27.0  -502.0
 48.8200 18.7598 1160   0.20  -6.79  37.04    20.0   418.0
 48.8201 18.7598 1161   0.20  -6.79  37.04    20.0  -605.0
 48.8203 18.7598 1162   0.20  -6.79  37.04    17.0  -215.0
 48.8204 18.7598 1163   0.20  -6.79  37.04    17.0  -163.0
 48.8206 18.7598 1164   0.20  -6.79  37.04    23.0  -452.0
 48.8207 18.7598 1165   0.20  -6.79  37.04    14.0   261.0
 48.8208 18.7598 1166   0.20  -6.79  37.04    24.0   450.0
 48.8210 18.7598 1167   0.20  -6.79  37.04    18.0  -131.0
 48.8211 18.7598 1168   0.20  -6.79  37.04    17.0   180.0
 48.8212 18.7598 1169   0.20  -6.79  37.04    21.0   217.0
 48.8214 18.7598 1170   0.20  -6.79  37.04    17.0  -236.0
 48.8215 18.7598 1171   0.20  -6.79  37.04    22.0    78.0
 48.8217 18.7598 1172   0.20  -6.79  37.04    23.0   215.0
 48.8218 18.7598 1173   0.20  -6.79  37.04    19.0  -669.0
 48.8220 18.7598 1174   0.20  -6.79  37.04    21.0   218.0
 48.8221 18.7598 1175   0.20  -6.79  37.04    22.0  -416.0
 48.8222 18.7598 1176   0.20  -6.79  37.04    21.0   597.0
 48.8224 18.7598 1177   0.20  -6.79  37.04    23.0  -915.0
 48.8225 18.7598 1178   0.20  -6.79  37.04    17.0  -386.0
 48.8227 18.7598 1179   0.20  -6.79  37.04    23.0    21.0
 48.8228 18.7598 1180   0.20  -6.79  37.04    18.0   -79.0
 48.8229 18.7598 1181   0.20  -6.79  37.04    27.0   624.0
 48.8231 18.7598 1182   0.20  -6.79  37.04    29.0  -663.0
 48.8232 18.7598 1183   0.20  -6.79  37.04    24.0   100.0
 48.8234 18.7598 1184   0.20  -6.79  37.04    26.0  -470.0
 48.8235 18.7598 1185   0.20  -6.79  37.04    19.0 -1357.0
 48.8236 18.7598 1186   0.20  -6.79  37.04    25.0   258.0
 48.8238 18.7598 1187   0.20  -6.79  37.04    29.0   161.0
 48.8239 18.7598 1188   0.20  -6.79  37.04    22.0   189.0
 48.8240 18.7598 1189   0.20  -6.79  37.04    23.0   516.0
 48.8242 18.7598 1190   0.20  -6.79  37.04    35.0  -673.0
 48.8243 18.7598 1191   0.20  -6.79  37.04    24.0  -397.0
 48.8245 18.7598 1192   0.20  -6.79  37.04    29.0  -173.0
 48.8246 18.7598 1193   0.20  -6.79  37.04    31.0  -119.0
 48.8247 18.7598 1194   0.20  -6.79  37.04    29.0  -215.0
 48.8249 18.7598 1195   0.20  -6.79  37.04    39.0  -158.0
 48.8250 18.7598 1196   0.20  -6.79  37.04    45.0   388.0
 48.8251 18.7598 1197   0.20  -6.79  37.04    40.0  -717.0
 48.8253 18.7598 1198   0.20  -6.79  37.04    25.0  -325.0
 48.8254 18.7598 1199   0.20  -6.79  37.04    43.0   345.0
 48.8256 18.7598 1200   0.20  -6.79  37.04    51.0  1110.0
 48.8257 18.7598 1201   0.20  -6.79  37.04    41.0  -809.0
 48.8258 18.7598 1202   0.20  -6.79  37.04    48.0     8.0
 48.8260 18.7598 1203   0.20  -6.79  37.04    53.0  -498.0
 48.8261 18.7598 1204   0.20  -6.79  37.04    42.0  -247.0
 48.8263 18.7598 1205   0.20  -6.79  37.04    45.0  -116.0
 48.8265 18.7598 1206   0.20  -6.79  37.04    61.0  -195.0
 48.8266 18.7598 1207   0.20  -6.79  37.04    50.0  -416.0
 48.8268 18.7598 1208   0.20  -6.79  37.04    66.0 -1356.0
 48.8269 18.7598 1209   0.20  -6.79  37.04    74.0  -206.0
 48.8271 18.7598 1210   0.20  -6.79  37.04    50.0  -355.0
 48.8272 18.7598 1211   0.20  -6.79  37.04    74.0  -274.0
 48.8273 18.7598 1212   0.20  -6.79  37.04    71.0  -262.0
 48.8275 18.7598 1213   0.20  -6.79  37.04    62.0  -291.0
 48.8276 18.7598 1214   0.20  -6.79  37.04    96.0  -768.0
 48.8278 18.7598 1215   0.20  -6.79  37.04    52.0   185.0
 48.8279 18.7598 1216   0.20  -6.79  37.04    94.0   220.0
 48.8280 18.7598 1217   0.20  -6.79  37.04    83.0    -2.0
 48.8282 18.7598 1218   0.20  -6.79  37.04    81.0  -660.0
 48.8283 18.7598 1219   0.20  -6.79  37.04   110.0  -650.0
 48.8284 18.7598 1220   0.20  -6.79  37.04    59.0   819.0
 48.8286 18.7598 1221   0.20  -6.79  37.04    88.0   100.0
 48.8288 18.7598 1222   0.20  -6.79  37.04   110.0  -163.0
 48.8289 18.7598 1223   0.20  -6.79  37.04    91.0    66.0
 48.8290 18.7598 1224   0.20  -6.79  37.04    96.0  -122.0
 48.8292 18.7598 1225   0.20  -6.79  37.04   113.0  -461.0
 48.8293 18.7598 1226   0.20  -6.79  37.04   111.0  -548.0
 48.8293 18.7598 1227   0.20  -6.79  37.04   114.0     6.0
 48.8286 18.7598 1228   0.20  -6.79  37.04    96.0 -1101.0
 48.8279 18.7598 1229   0.20  -6.79  37.04    75.0   812.0
 48.8278 18.7598 1230   0.20  -6.79  37.04    88.0    69.0
 48.8278 18.7597 1231   0.20  -6.79  37.04    83.0    50.0
 48.8278 18.7597 1232   0.20  -6.79  37.04    64.0   456.0
 48.8278 18.7598 1233   0.20  -6.79  37.04    81.0   172.0
 48.8278 18.7598 1234   0.20  -6.79  37.04    65.0    53.0
 48.8278 18.7598 1235   0.20  -6.79  37.04    78.0  -156.0
 48.8278 18.7598 1236   0.20  -6.79  37.04    58.0  -205.0
 48.8278 18.7598 1237   0.20  -6.79  37.04    65.0   222.0
 48.8278 18.7598 1238   0.20  -6.79  37.04    81.0   355.0
 48.8278 18.7598 1239   0.20  -6.79  37.04    84.0  -692.0
 48.8278 18.7598 1240   0.20  -6.79  37.04    82.0   -44.0
 48.8278 18.7598 1241   0.20  -6.79  37.04    73.0  -185.0
 48.8278 18.7598 1242   0.20  -6.79  37.04    69.0   115.0
 48.8278 18.7598 1243   0.20  -6.79  37.04    96.0    40.0
 48.8278 18.7598 1244   0.20  -6.79  37.04    81.0  1080.0
 48.8278 18.7598 1245   0.20  -6.79  37.04    66.0  -913.0
 48.8278 18.7598 1246   0.20  -6.79  37.04    75.0  -841.0
 48.8278 18.7598 1247   0.20  -6.79  37.04    79.0 -1401.0
 48.8278 18.7598 1248   0.20  -6.79  37.04    88.0   277.0
 48.8278 18.7598 1249   0.20  -6.79  37.04    84.0  1093.0
 48.8278 18.7598 1250   0.20  -6.79  37.04   105.0  -595.0
 48.8278 18.7598 1251   0.20  -6.79  37.04    80.0  -647.0
 48.8278 18.7598 1252   0.20  -6.79  37.04    78.0   283.0
 48.8278 18.7598 1253   0.20  -6.79  37.04    69.0   262.0
 48.8278 18.7598 1254   0.20  -6.79  37.04    63.0   709.0
 48.8278 18.7598 1255   0.20  -6.79  37.04    65.0  -534.0
 48.8278 18.7598 1256   0.20  -6.79  37.04    68.0  -978.0
 48.8278 18.7598 1257   0.20  -6.79  37.04    85.0  -216.0
 48.8278 18.7598 1258   0.20  -6.79  37.04    94.0  -524.0
 48.8278 18.7598 1259   0.20  -6.79  37.04    72.0   327.0
 48.8278 18.7598 1260   0.20  -6.79  37.04    87.0    81.0
 48.8278 18.7598 1261   0.20  -6.79  37.04    69.0  -426.0
 48.8278 18.7598 1262   0.20  -6.79  37.04    62.0    68.0
 48.8278 18.7598 1263   0.20  -6.79  37.04    64.0   -25.0
 48.8278 18.7598 1264   0.20  -6.79  37.04    87.0  -732.0
 48.8278 18.7598 1265   0.20  -6.79  37.04    75.0  -541.0
 48.8278 18.7598 1266   0.20  -6.79  37.04    66.0  -117.0
 48.8278 18.7598 1267   0.20  -6.79  37.04    80.0  -463.0
 48.8278 18.7598 1268   0.20  -6.79  37.04    82.0   192.0
 48.8278 18.7598 1269   0.20  -6.79  37.04    80.0  -312.0
 48.8278 18.7598 1270   0.20  -6.79  37.04    76.0   462.0
 48.8278 18.7598 1271   0.20  -6.79  37.04   104.0   -44.0
 48.8278 18.7598 1272   0.20  -6.79  37.04    80.0  -826.0
 48.8278 18.7598 1273   0.20  -6.79  37.04    77.0    59.0
 48.8278 18.7598 1274   0.20  -6.79  37.04    69.0   322.0
 48.8278 18.7598 1275   0.20  -6.79  37.04    79.0 -1307.0
 48.8278 18.7598 1276   0.20  -6.79  37.04    95.0  -838.0
 48.8278 18.7598 1277   0.20  -6.79  37.04    89.0  -162.0
 48.8278 18.7598 1278   0.20  -6.79  37.04    63.0   130.0
 48.8278 18.7598 1279   0.20  -6.79  37.04    82.0   -66.0
 48.8278 18.7598 1280   0.20  -6.79  37.04    79.0   134.0
 48.8278 18.7598 1281   0.20  -6.79  37.04    95.0   211.0
 48.8278 18.7598 1282   0.20  -6.79  37.04    68.0   942.0
 48.8278 18.7598 1283   0.20  -6.79  37.04    97.0   351.0
 48.8278 18.7598 1284   0.20  -6.79  37.04    83.0   661.0
 48.8278 18.7598 1285   0.20  -6.79  37.04    85.0   -26.0
 48.8278 18.7598 1286   0.20  -6.79  37.04    86.0  -496.0
 48.8278 18.7598 1287   0.20  -6.79  37.04    80.0   488.0
 48.8278 18.7598 1288   0.20  -6.79  37.04    84.0  -450.0
 48.8278 18.7598 1289   0.20  -6.79  37.04    77.0  -643.0
 48.8278 18.7598 1290   0.20  -6.79  37.04    85.0   371.0
 48.8278 18.7598 1291   0.20  -6.79  37.04    83.0   129.0
 48.8278 18.7598 1292   0.20  -6.79  37.04    88.0   -89.0
 48.8278 18.7598 1293   0.20  -6.79  37.04    66.0  -542.0
 48.8278 18.7598 1294   0.20  -6.79  37.04    90.0   686.0
 48.8278 18.7598 1295   0.20  -6.79  37.04    71.0 -1324.0
 48.8278 18.7598 1296   0.20  -6.79  37.04    74.0   -98.0
 48.8278 18.7598 1297   0.20  -6.79  37.04    48.0  -433.0
 48.8278 18.7598 1298   0.20  -6.79  37.04    63.0   339.0
 48.8278 18.7598 1299   0.20  -6.79  37.04    55.0  -328.0
 48.8278 18.7598 1300   0.20  -6.79  37.04    64.0   -20.0
 48.8278 18.7598 1301   0.20  -6.79  37.04    95.0  -672.0
 48.8278 18.7598 1302   0.20  -6.79  37.04    76.0  -682.0
 48.8278 18.7598 1303   0.20  -6.79  37.04    75.0   471.0
 48.8278 18.7598 1304   0.20  -6.79  37.04    92.0   286.0
 48.8278 18.7598 1305   0.20  -6.79  37.04    54.0  -676.0
 48.8278 18.7598 1306   0.20  -6.79  37.04    53.0  -675.0
 48.8278 18.7598 1307   0.20  -6.79  37.04    85.0   323.0
 48.8278 18.7598 1308   0.20  -6.79  37.04    53.0   612.0
 48.8278 18.7598 1309   0.20  -6.79  37.04    75.0   -46.0
 48.8278 18.7598 1310   0.20  -6.79  37.04    63.0  -165.0
 48.8278 18.7598 1311   0.20  -6.79  37.04    43.0  -149.0
 48.8278 18.7598 1312   0.20  -6.79  37.04    55.0  -813.0
 48.8278 18.7598 1313   0.20  -6.79  37.04    82.0   417.0
 48.8278 18.7598 1314   0.20  -6.79  37.04    55.0    94.0
 48.8278 18.7598 1315   0.20  -6.79  37.04    77.0  -400.0
 48.8278 18.7598 1316   0.20  -6.79  37.04    76.0  -459.0
 48.8278 18.7598 1317   0.20  -6.79  37.04    59.0   151.0
 48.8278 18.7598 1318   0.20  -6.79  37.04    88.0  -747.0
 48.8278 18.7598 1319   0.20  -6.79  37.04    80.0   145.0
 48.8278 18.7598 1320   0.20  -6.79  37.04    75.0   151.0
 48.8278 18.7598 1321   0.20  -6.79  37.04    84.0   364.0
 48.8278 18.7598 1322   0.20  -6.79  37.04    52.0   177.0
 48.8278 18.7598 1323   0.20  -6.79  37.04    74.0   750.0
 48.8278 18.7598 1324   0.20  -6.79  37.04    71.0    96.0
 48.8278 18.7598 1325   0.20  -6.79  37.04    88.0   272.0
 48.8278 18.7598 1326   0.20  -6.79  37.04    69.0   375.0
 48.8278 18.7598 1327   0.20  -6.79  37.04    68.0   558.0
 48.8278 18.7598 1328   0.20  -6.79  37.04    92.0    59.0
 48.8278 18.7598 1329   0.20  -6.79  37.04    77.0  -447.0
 48.8278 18.7598 1330   0.20  -6.79  37.04    77.0  -376.0
 48.8278 18.7598 1331   0.20  -6.79  37.04    73.0  -374.0
 48.8278 18.7598 1332   0.20  -6.79  37.04    82.0  -337.0
 48.8278 18.7598 1333   0.20  -6.79  37.04    70.0   731.0
 48.8278 18.7598 1334   0.20  -6.79  37.04    75.0    36.0
 48.8278 18.7598 1335   0.20  -6.79  37.04    72.0  -652.0
 48.8278 18.7598 1336   0.20  -6.79  37.04    89.0   188.0
 48.8278 18.7598 1337   0.20  -6.79  37.04    74.0   625.0
 48.8278 18.7598 1338   0.20  -6.79  37.04    71.0  -577.0
 48.8278 18.7598 1339   0.20  -6.79  37.04   102.0   707.0
 48.8278 18.7598 1340   0.20  -6.79  37.04    85.0  -967.0
 48.8278 18.7598 1341   0.20  -6.79  37.04    71.0  -367.0
 48.8278 18.7598 1342   0.20  -6.79  37.04    99.0 -1104.0
 48.8278 18.7598 1343   0.20  -6.79  37.04    99.0  -291.0
 48.8278 18.7598 1344   0.20  -6.79  37.04    67.0  -591.0
 48.8278 18.7598 1345   0.20  -6.79  37.04    74.0   366.0
 48.8278 18.7598 1346   0.20  -6.79  37.04    50.0  -336.0
 48.8278 18.7598 1347   0.20  -6.79  37.04    94.0  -295.0
 48.8278 18.7598 1348   0.20  -6.79  37.04    75.0   220.0
 48.8278 18.7598 1349   0.20  -6.79  37.04    90.0   569.0
 48.8278 18.7598 1350   0.20  -6.79  37.04    53.0  -373.0
 48.8278 18.7598 1351   0.20  -6.79  37.04    79.0  -400.0
 48.8278 18.7598 1352   0.20  -6.79  37.04    77.0   405.0
 48.8278 18.7598 1353   0.20  -6.79  37.04    69.0  -351.0
 48.8278 18.7598 1354   0.20  -6.79  37.04    68.0   -15.0
 48.8278 18.7598 1355   0.20  -6.79  37.04    37.0  -118.0
 48.8278 18.7598 1356   0.20  -6.79  37.04    80.0   792.0
 48.8278 18.7598 1357   0.20  -6.79  37.04    58.0   -31.0
 48.8278 18.7598 1358   0.20  -6.79  37.04    67.0  -222.0
 48.8278 18.7598 1359   0.20  -6.79  37.04    70.0   412.0
 48.8278 18.7598 1360   0.20  -6.79  37.04   101.0  -684.0
 48.8278 18.7598 1361   0.20  -6.79  37.04    87.0   438.0
 48.8278 18.7598 1362   0.20  -6.79  37.04    66.0   956.0
 48.8278 18.7598 1363   0.20  -6.79  37.04    69.0   513.0
 48.8278 18.7598 1364   0.20  -6.79  37.04    81.0   488.0
 48.8278 18.7598 1365   0.20  -6.79  37.04    75.0   -95.0
 48.8278 18.7598 1366   0.20  -6.79  37.04    60.0  -188.0
 48.8278 18.7598 1367   0.20  -6.79  37.04    88.0  -851.0
 48.8278 18.7598 1368   0.20  -6.79  37.04    95.0   693.0
 48.8278 18.7598 1369   0.20  -6.79  37.04    66.0   166.0
 48.8278 18.7598 1370   0.20  -6.79  37.04    88.0  1316.0
 48.8278 18.7598 1371   0.20  -6.79  37.04    89.0   907.0
 48.8278 18.7598 1372   0.20  -6.79  37.04    60.0   -14.0
 48.8278 18.7598 1373   0.20  -6.79  37.04    83.0    89.0
 48.8278 18.7598 1374   0.20  -6.79  37.04    48.0   753.0
 48.8278 18.7598 1375   0.20  -6.79  37.04    73.0  -251.0
 48.8278 18.7598 1376   0.20  -6.79  37.04    90.0  -140.0
 48.8278 18.7598 1377   0.20  -6.79  37.04    81.0   342.0
 48.8278 18.7598 1378   0.20  -6.79  37.04    92.0   -97.0
 48.8278 18.7598 1379   0.20  -6.79  37.04    75.0   842.0
 48.8278 18.7598 1380   0.20  -6.79  37.04    62.0 -1384.0
 48.8278 18.7598 1381   0.20  -6.79  37.04    78.0  -360.0
 48.8278 18.7598 1382   0.20  -6.79  37.04    84.0  -207.0
 48.8278 18.7598 1383   0.20  -6.79  37.04    52.0  -136.0
 48.8278 18.7598 1384   0.20  -6.79  37.04    68.0   817.0
 48.8278 18.7598 1385   0.20  -6.79  37.04    76.0  -561.0
 48.8278 18.7598 1386   0.20  -6.79  37.04    77.0   161.0
 48.8278 18.7598 1387   0.20  -6.79  37.04    62.0  -505.0
 48.8278 18.7598 1388   0.20  -6.79  37.04    79.0    83.0
 48.8278 18.7598 1389   0.20  -6.79  37.04    68.0   838.0
 48.8278 18.7598 1390   0.20  -6.79  37.04    76.0   602.0
 48.8278 18.7598 1391   0.20  -6.79  37.04    91.0  -260.0
 48.8278 18.7598 1392   0.20  -6.79  37.04    80.0    55.0
 48.8278 18.7598 1393   0.20  -6.79  37.04    74.0     0.0
 48.8278 18.7598 1394   0.20  -6.79  37.04    50.0  -255.0
 48.8278 18.7598 1395   0.20  -6.79  37.04    76.0  -255.0
 48.8278 18.7598 1396   0.20  -6.79  37.04    94.0   455.0
 48.8278 18.7598 1397   0.20  -6.79  37.04    83.0   418.0
 48.8278 18.7598 1398   0.20  -6.79  37.04    81.0  -616.0
 48.8278 18.7598 1399   0.20  -6.79  37.04    71.0   -25.0
 48.8278 18.7598 1400   0.20  -6.79  37.04    80.0     8.0
 48.8278 18.7598 1401   0.20  -6.79  37.04    74.0  -228.0
 48.8278 18.7598 1402   0.20  -6.79  37.04    64.0  -690.0
 48.8278 18.7598 1403   0.20  -6.79  37.04   102.0  -367.0
 48.8278 18.7598 1404   0.20  -6.79  37.04    79.0  -409.0
 48.8278 18.7598 1405   0.20  -6.79  37.04    68.0  -851.0
 48.8278 18.7598 1406   0.20  -6.79  37.04    61.0  -204.0
 48.8278 18.7598 1407   0.20  -6.79  37.04    87.0   -54.0
 48.8278 18.7598 1408   0.20  -6.79  37.04    65.0  -472.0
 48.8278 18.7598 1409   0.20  -6.79  37.04    94.0  -571.0
 48.8278 18.7598 1410   0.20  -6.79  37.04    86.0   214.0
 48.8278 18.7598 1411   0.20  -6.79  37.04    59.0  -424.0
 48.8278 18.7598 1412   0.20  -6.79  37.04    38.0  -326.0
 48.8278 18.7598 1413   0.20  -6.79  37.04    92.0  1065.0
