 53.1907 17.1791    0   1.20   0.74   1.25 -61.05    77.0  3805.0
 53.1907 17.1791    1   1.20   0.74   1.25 -61.05    93.0  1821.0
 53.1907 17.1791    2   1.20   0.74   1.25 -61.05    81.0   197.0
 53.1907 17.1791    3   1.20   0.74   1.25 -61.05    76.0 -1707.0
 53.1907 17.1791    4   1.20   0.74   1.25 -61.05    84.0 -3783.0
 53.1907 17.1791    5   1.20   0.74   2.33 -61.20    81.0  4297.0
 53.1907 17.1791    6   1.20   0.74   2.33 -61.20    84.0  3764.0
 53.1907 17.1791    7   1.20   0.74   2.33 -61.20    73.0  1495.0
 53.1907 17.1791    8   1.20   0.74   2.33 -61.20    75.0  -713.0
 53.1907 17.1791    9   1.20   0.74   2.33 -61.20    93.0 -2467.0
 53.1907 17.1791   10   1.20   0.74   2.33 -61.20    97.0 -4432.0
 53.1907 17.1791   11   1.20   0.74   2.33 -61.20    89.0  4858.0
 53.1907 17.1791   12   1.20   0.74   2.33 -61.20    81.0  2949.0
 53.1907 17.1791   13   1.20   0.74   2.33 -61.20    81.0   609.0
 53.1907 17.1791   14   1.20   0.74   2.33 -61.20    84.0 -1167.0
 53.1907 17.1791   15   1.20   0.74   3.55 -60.96    84.0 -3039.0
 53.1907 17.1791   16   1.20   0.74   3.55 -60.96    93.0 -5276.0
 53.1907 17.1791   17   1.20   0.74   3.55 -60.96    81.0  4231.0
 53.1907 17.1791   18   1.20   0.74   3.55 -60.96    82.0  1829.0
 53.1907 17.1791   19   1.20   0.74   3.55 -60.96    87.0  -395.0
 53.1907 17.1791   20   1.20   0.74   3.55 -60.96    88.0 -2351.0
 53.1907 17.1791   21   1.20   0.74   3.55 -60.96    91.0 -4347.0
 53.1907 17.1791   22   1.20   0.74   3.55 -60.96   101.0  5173.0
 53.1907 17.1791   23   1.20   0.74   3.55 -60.96    91.0  2921.0
 53.1907 17.1791   24   1.20   0.74   3.55 -60.96    99.0   609.0
 53.1907 17.1791   25   1.20   0.74   3.55 -60.96   104.0 -1235.0
 53.1907 17.1791   26   1.20   0.74   4.78 -61.23   113.0 -3231.0
 53.1907 17.1791   27   1.20   0.74   4.78 -61.23   119.0 -5099.0
 53.1907 17.1791   28   1.20   0.74   4.78 -61.23   129.0  4416.0
 53.1907 17.1791   29   1.20   0.74   4.78 -61.23   129.0  2321.0
 53.1907 17.1791   30   1.20   0.74   4.78 -61.23   137.0   449.0
 53.1907 17.1791   31   1.20   0.74   4.78 -61.23   145.0 -1555.0
 53.1907 17.1791   32   1.20   0.74   4.78 -61.23   141.0 -3431.0
 53.1907 17.1791   33   1.20   0.74   4.78 -61.23   153.0 -5467.0
 53.1907 17.1791   34   1.20   0.74   4.78 -61.23   157.0  4201.0
 53.1907 17.1791   35   1.20   0.74   4.78 -61.23   153.0  2247.0
 53.1907 17.1791   36   1.20   0.74   4.78 -61.23   164.0    85.0
 53.1907 17.1791   37   1.20   0.74   6.02 -61.05   156.0 -1851.0
 53.1907 17.1791   38   1.20   0.74   6.02 -61.05   157.0 -3877.0
 53.1907 17.1791   39   1.20   0.74   6.02 -61.05   153.0  5541.0
 53.1907 17.1791   40   1.20   0.74   6.02 -61.05   149.0  3385.0
 53.1907 17.1791   41   1.20   0.74   6.02 -61.05   151.0  1161.0
 53.1907 17.1791   42   1.20   0.74   6.02 -61.05   137.0  -724.0
 53.1907 17.1791   43   1.20   0.74   6.02 -61.05   135.0 -2780.0
 53.1907 17.1791   44   1.20   0.74   6.02 -61.05   129.0 -4719.0
 53.1907 17.1791   45   1.20   0.74   6.02 -61.05   113.0  4705.0
 53.1907 17.1791   46   1.20   0.74   6.02 -61.05   112.0  2421.0
 53.1907 17.1791   47   1.20   0.74   7.26 -61.16   101.0    25.0
 53.1907 17.1791   48   1.20   0.74   7.26 -61.16    93.0 -2203.0
 53.1907 17.1791   49   1.20   0.74   7.26 -61.16    99.0 -4497.0
 53.1907 17.1791   50   1.20   0.74   7.26 -61.16    85.0  5133.0
 53.1907 17.1791   51   1.20   0.74   7.26 -61.16    93.0  2877.0
 53.1907 17.1791   52   1.20   0.74   7.26 -61.16    93.0   445.0
 53.1907 17.1791   53   1.20   0.74   7.26 -61.16   109.0 -1747.0
 53.1907 17.1791   54   1.20   0.74   7.26 -61.16   121.0 -3701.0
 53.1907 17.1791   55   1.20   0.74   7.26 -61.16   121.0  5729.0
 53.1907 17.1791   56   1.20   0.74   7.26 -61.16   137.0  3773.0
 53.1907 17.1791   57   1.20   0.74   7.26 -61.16   143.0  1573.0
 53.1907 17.1791   58   1.20   0.74   8.50 -61.05   141.0  -475.0
 53.1907 17.1791   59   1.20   0.74   8.50 -61.05   157.0 -2502.0
 53.1907 17.1791   60   1.20   0.74   8.50 -61.05   159.0 -4599.0
 53.1907 17.1791   61   1.20   0.74   8.50 -61.05   159.0  4963.0
 53.1907 17.1791   62   1.20   0.74   8.50 -61.05   161.0  2928.0
 53.1907 17.1791   63   1.20   0.74   8.50 -61.05   161.0   957.0
 53.1907 17.1791   64   1.20   0.74   8.50 -61.05   168.0 -1044.0
 53.1907 17.1791   65   1.20   0.74   8.50 -61.05   165.0 -3084.0
 53.1907 17.1791   66   1.20   0.74   8.50 -61.05   145.0 -4911.0
 53.1907 17.1791   67   1.20   0.74   8.50 -61.05   141.0  4701.0
 53.1907 17.1791   68   1.20   0.74   9.73 -61.14   131.0  2631.0
 53.1907 17.1791   69   1.20   0.74   9.73 -61.14   137.0   548.0
 53.1907 17.1791   70   1.20   0.74   9.73 -61.14   138.0 -1603.0
 53.1907 17.1791   71   1.20   0.74   9.73 -61.14   132.0 -3671.0
 53.1907 17.1791   72   1.20   0.74   9.73 -61.14   125.0 -5511.0
 53.1907 17.1791   73   1.20   0.74   9.73 -61.14   125.0  3573.0
 53.1907 17.1791   74   1.20   0.74   9.73 -61.14   115.0  1317.0
 53.1907 17.1791   75   1.20   0.74   9.73 -61.14   125.0  -763.0
 53.1907 17.1791   76   1.20   0.74   9.73 -61.14   129.0 -2847.0
 53.1907 17.1791   77   1.20   0.74   9.73 -61.14   137.0 -4955.0
 53.1907 17.1791   78   1.20   0.74   9.73 -61.14   151.0  4485.0
 53.1907 17.1791   79   1.20   0.74  10.97 -61.16   149.0  2321.0
 53.1907 17.1791   80   1.20   0.74  10.97 -61.16   143.0   237.0
 53.1907 17.1791   81   1.20   0.74  10.97 -61.16   154.0 -1865.0
 53.1907 17.1791   82   1.20   0.74  10.97 -61.16   181.0 -3952.0
 53.1907 17.1791   83   1.20   0.74  10.97 -61.16   183.0  5701.0
 53.1907 17.1791   84   1.20   0.74  10.97 -61.16   185.0  3645.0
 53.1907 17.1791   85   1.20   0.74  10.97 -61.16   181.0  1427.0
 53.1907 17.1791   86   1.20   0.74  10.97 -61.16   181.0  -543.0
 53.1907 17.1791   87   1.20   0.74  10.97 -61.16   180.0 -2399.0
 53.1907 17.1791   88   1.20   0.74  10.97 -61.16   201.0 -4343.0
 53.1907 17.1791   89   1.20   0.74  12.20 -61.02   196.0  5327.0
 53.1907 17.1791   90   1.20   0.74  12.20 -61.02   183.0  3073.0
 53.1907 17.1791   91   1.20   0.74  12.20 -61.02   176.0   897.0
 53.1907 17.1791   92   1.20   0.74  12.20 -61.02   184.0 -1047.0
 53.1907 17.1791   93   1.20   0.74  12.20 -61.02   165.0 -2935.0
 53.1907 17.1791   94   1.20   0.74  12.20 -61.02   173.0 -5071.0
 53.1907 17.1791   95   1.20   0.74  12.20 -61.02   185.0  4343.0
 53.1907 17.1791   96   1.20   0.74  12.20 -61.02   165.0  2225.0
 53.1907 17.1791   97   1.20   0.74  12.20 -61.02   161.0    11.0
 53.1907 17.1791   98   1.20   0.74  12.20 -61.02   167.0 -2067.0
 53.1907 17.1791   99   1.20   0.74  12.20 -61.02   161.0 -4151.0
 53.1907 17.1791  100   1.20   0.74  13.44 -61.12   160.0  5557.0
 53.1907 17.1791  101   1.20   0.74  13.44 -61.12   164.0  3181.0
 53.1907 17.1791  102   1.20   0.74  13.44 -61.12   157.0   765.0
 53.1907 17.1791  103   1.20   0.74  13.44 -61.12   145.0 -1367.0
 53.1907 17.1791  104   1.20   0.74  13.44 -61.12   146.0 -3509.0
 53.1907 17.1791  105   1.20   0.74  13.44 -61.12   148.0 -5548.0
 53.1907 17.1791  106   1.20   0.74  13.44 -61.12   129.0  4021.0
 53.1907 17.1791  107   1.20   0.74  13.44 -61.12   141.0  1845.0
 53.1907 17.1791  108   1.20   0.74  13.44 -61.12   139.0  -407.0
 53.1907 17.1791  109   1.20   0.74  13.44 -61.12   133.0 -2715.0
 53.1907 17.1791  110   1.20   0.74  14.67 -60.82   149.0 -4799.0
 53.1907 17.1791  111   1.20   0.74  14.67 -60.82   144.0  4679.0
 53.1907 17.1791  112   1.20   0.74  14.67 -60.82   143.0  2309.0
 53.1907 17.1791  113   1.20   0.74  14.67 -60.82   145.0   397.0
 53.1907 17.1791  114   1.20   0.74  14.67 -60.82   165.0 -1763.0
 53.1907 17.1791  115   1.20   0.74  14.67 -60.82   157.0 -3950.0
 53.1907 17.1791  116   1.20   0.74  14.67 -60.82   169.0  5729.0
 53.1907 17.1791  117   1.20   0.74  14.67 -60.82   169.0  3625.0
 53.1907 17.1791  118   1.20   0.74  14.67 -60.82   176.0  1225.0
 53.1907 17.1791  119   1.20   0.74  14.67 -60.82   171.0  -779.0
 53.1907 17.1791  120   1.20   0.74  14.67 -60.82   185.0 -2883.0
 53.1907 17.1791  121   1.20   0.74  15.91 -61.16   193.0 -4891.0
 53.1907 17.1791  122   1.20   0.74  15.91 -61.16   181.0  4681.0
 53.1907 17.1791  123   1.20   0.74  15.91 -61.16   183.0  2413.0
 53.1907 17.1791  124   1.20   0.74  15.91 -61.16   188.0   231.0
 53.1907 17.1791  125   1.20   0.74  15.91 -61.16   165.0 -1843.0
 53.1907 17.1791  126   1.20   0.74  15.91 -61.16   162.0 -3755.0
 53.1907 17.1791  127   1.20   0.74  15.91 -61.16   161.0  5609.0
 53.1907 17.1791  128   1.20   0.74  15.91 -61.16   139.0  3479.0
 53.1907 17.1791  129   1.20   0.74  15.91 -61.16   145.0  1536.0
 53.1907 17.1791  130   1.20   0.74  15.91 -61.16   143.0  -905.0
 53.1907 17.1791  131   1.20   0.74  17.15 -61.14   145.0 -3155.0
 53.1907 17.1791  132   1.20   0.74  17.15 -61.14   141.0 -5410.0
 53.1907 17.1791  133   1.20   0.74  17.15 -61.14   149.0  4303.0
 53.1907 17.1791  134   1.20   0.74  17.15 -61.14   169.0  1828.0
 53.1907 17.1791  135   1.20   0.74  17.15 -61.14   169.0  -271.0
 53.1907 17.1791  136   1.20   0.74  17.15 -61.14   196.0 -2307.0
 53.1907 17.1791  137   1.20   0.74  17.15 -61.14   213.0 -4329.0
 53.1907 17.1791  138   1.20   0.74  17.15 -61.14   221.0  5261.0
 53.1907 17.1791  139   1.20   0.74  17.15 -61.14   233.0  3033.0
 53.1907 17.1791  140   1.20   0.74  17.15 -61.14   248.0  1003.0
 53.1907 17.1791  141   1.20   0.74  17.15 -61.14   259.0 -1103.0
 53.1907 17.1791  142   1.20   0.74  18.38 -61.02   268.0 -3199.0
 53.1907 17.1791  143   1.20   0.74  18.38 -61.02   285.0 -5031.0
 53.1907 17.1791  144   1.20   0.74  18.38 -61.02   304.0  4557.0
 53.1907 17.1791  145   1.20   0.74  18.38 -61.02   292.0  2475.0
 53.1907 17.1791  146   1.20   0.74  18.38 -61.02   290.0   513.0
 53.1907 17.1791  147   1.20   0.74  18.38 -61.02   280.0 -1327.0
 53.1907 17.1791  148   1.20   0.74  18.38 -61.02   295.0 -3669.0
 53.1907 17.1791  149   1.20   0.74  18.38 -61.02   281.0 -5739.0
 53.1907 17.1791  150   1.20   0.74  18.38 -61.02   277.0  4005.0
 53.1907 17.1791  151   1.20   0.74  18.38 -61.02   283.0  1581.0
 53.1907 17.1791  152   1.20   0.74  19.61 -61.05   269.0  -333.0
 53.1907 17.1791  153   1.20   0.74  19.61 -61.05   252.0 -2555.0
 53.1907 17.1791  154   1.20   0.74  19.61 -61.05   271.0 -4615.0
 53.1907 17.1791  155   1.20   0.74  19.61 -61.05   269.0  4757.0
 53.1907 17.1791  156   1.20   0.74  19.61 -61.05   281.0  2541.0
 53.1907 17.1791  157   1.20   0.74  19.61 -61.05   289.0   189.0
 53.1907 17.1791  158   1.20   0.74  19.61 -61.05   313.0 -1807.0
 53.1907 17.1791  159   1.20   0.74  19.61 -61.05   285.0 -3917.0
 53.1907 17.1791  160   1.20   0.74  19.61 -61.05   309.0  5873.0
 53.1907 17.1791  161   1.20   0.74  19.61 -61.05   353.0  3647.0
 53.1907 17.1791  162   1.20   0.74  19.61 -61.05   361.0  1565.0
 53.1907 17.1791  163   1.20   0.74  20.85 -60.82   373.0  -709.0
 53.1907 17.1791  164   1.20   0.74  20.85 -60.82   385.0 -2713.0
 53.1907 17.1791  165   1.20   0.74  20.85 -60.82   399.0 -4952.0
 53.1907 17.1791  166   1.20   0.74  20.85 -60.82   403.0  4825.0
 53.1907 17.1791  167   1.20   0.74  20.85 -60.82   423.0  2401.0
 53.1907 17.1791  168   1.20   0.74  20.85 -60.82   439.0   260.0
 53.1907 17.1791  169   1.20   0.74  20.85 -60.82   419.0 -1761.0
 53.1907 17.1791  170   1.20   0.74  20.85 -60.82   436.0 -3627.0
 53.1907 17.1791  171   1.20   0.74  20.85 -60.82   428.0  5783.0
 53.1907 17.1791  172   1.20   0.74  20.85 -60.82   421.0  3521.0
 53.1907 17.1791  173   1.20   0.74  22.09 -60.89   420.0  1517.0
 53.1907 17.1791  174   1.20   0.74  22.09 -60.89   412.0  -511.0
 53.1907 17.1791  175   1.20   0.74  22.09 -60.89   409.0 -2757.0
 53.1907 17.1791  176   1.20   0.74  22.09 -60.89   413.0 -4992.0
 53.1907 17.1791  177   1.20   0.74  22.09 -60.89   417.0  4467.0
 53.1907 17.1791  178   1.20   0.74  22.09 -60.89   397.0  2304.0
 53.1907 17.1791  179   1.20   0.74  22.09 -60.89   411.0    52.0
 53.1907 17.1791  180   1.20   0.74  22.09 -60.89   453.0 -1948.0
 53.1907 17.1791  181   1.20   0.74  22.09 -60.89   465.0 -4205.0
 53.1907 17.1791  182   1.20   0.74  22.09 -60.89   473.0  5501.0
 53.1907 17.1791  183   1.20   0.74  22.09 -60.89   489.0  3405.0
 53.1907 17.1791  184   1.20   0.74  23.32 -61.18   539.0  1241.0
 53.1907 17.1791  185   1.20   0.74  23.32 -61.18   569.0  -787.0
 53.1907 17.1791  186   1.20   0.74  23.32 -61.18   589.0 -3019.0
 53.1907 17.1791  187   1.20   0.74  23.32 -61.18   617.0 -5063.0
 53.1907 17.1791  188   1.20   0.74  23.32 -61.18   642.0  4603.0
 53.1907 17.1791  189   1.20   0.74  23.32 -61.18   703.0  2561.0
 53.1907 17.1791  190   1.20   0.74  23.32 -61.18   729.0   609.0
 53.1907 17.1791  191   1.20   0.74  23.32 -61.18   725.0 -1367.0
 53.1907 17.1791  192   1.20   0.74  23.32 -61.18   782.0 -3447.0
 53.1907 17.1791  193   1.20   0.74  23.32 -61.18   785.0 -5491.0
 53.1907 17.1791  194   1.20   0.74  23.32 -61.18   821.0  4157.0
 53.1907 17.1791  195   1.20   0.74  24.56 -61.05   849.0  2349.0
 53.1907 17.1791  196   1.20   0.74  24.56 -61.05   866.0   231.0
 53.1907 17.1791  197   1.20   0.74  24.56 -61.05   849.0 -1847.0
 53.1907 17.1791  198   1.20   0.74  24.56 -61.05   887.0 -3675.0
 53.1907 17.1791  199   1.20   0.74  24.56 -61.05   889.0 -5664.0
 53.1907 17.1791  200   1.20   0.74  24.56 -61.05   877.0  3821.0
 53.1907 17.1791  201   1.20   0.74  24.56 -61.05   937.0  1813.0
 53.1907 17.1791  202   1.20   0.74  24.56 -61.05   945.0  -463.0
 53.1907 17.1791  203   1.20   0.74  24.56 -61.05   933.0 -2435.0
 53.1907 17.1791  204   1.20   0.74  24.56 -61.05   993.0 -4627.0
 53.1907 17.1791  205   1.20   0.74  25.80 -60.98  1012.0  4797.0
 53.1907 17.1791  206   1.20   0.74  25.80 -60.98  1035.0  2745.0
 53.1907 17.1791  207   1.20   0.74  25.80 -60.98  1049.0   785.0
 53.1907 17.1791  208   1.20   0.74  25.80 -60.98  1069.0 -1467.0
 53.1907 17.1791  209   1.20   0.74  25.80 -60.98  1108.0 -3417.0
 53.1907 17.1791  210   1.20   0.74  25.80 -60.98  1117.0 -5571.0
 53.1907 17.1791  211   1.20   0.74  25.80 -60.98  1179.0  4257.0
 53.1907 17.1791  212   1.20   0.74  25.80 -60.98  1181.0  2077.0
 53.1907 17.1791  213   1.20   0.74  25.80 -60.98  1223.0  -115.0
 53.1907 17.1791  214   1.20   0.74  25.80 -60.98  1273.0 -2303.0
 53.1907 17.1791  215   1.20   0.74  25.80 -60.98  1253.0 -4231.0
 53.1907 17.1791  216   1.20   0.74  27.02 -60.98  1277.0  5127.0
 53.1907 17.1791  217   1.20   0.74  27.02 -60.98  1377.0  3185.0
 53.1907 17.1791  218   1.20   0.74  27.02 -60.98  1357.0   821.0
 53.1907 17.1791  219   1.20   0.74  27.02 -60.98  1419.0 -1075.0
 53.1907 17.1791  220   1.20   0.74  27.02 -60.98  1425.0 -3203.0
 53.1907 17.1791  221   1.20   0.74  27.02 -60.98  1425.0 -5203.0
 53.1907 17.1791  222   1.20   0.74  27.02 -60.98  1565.0  4609.0
 53.1907 17.1791  223   1.20   0.74  27.02 -60.98  1569.0  2569.0
 53.1907 17.1791  224   1.20   0.74  27.02 -60.98  1563.0   642.0
 53.1907 17.1791  225   1.20   0.74  27.02 -60.98  1565.0 -1475.0
 53.1907 17.1791  226   1.20   0.74  28.27 -61.02  1637.0 -3543.0
 53.1907 17.1791  227   1.20   0.74  28.27 -61.02  1625.0  5835.0
 53.1907 17.1791  228   1.20   0.74  28.27 -61.02  1621.0  3421.0
 53.1907 17.1791  229   1.20   0.74  28.27 -61.02  1717.0  1356.0
 53.1907 17.1791  230   1.20   0.74  28.27 -61.02  1757.0  -699.0
 53.1907 17.1791  231   1.20   0.74  28.27 -61.02  1769.0 -2608.0
 53.1907 17.1791  232   1.20   0.74  28.27 -61.02  1773.0 -4763.0
 53.1907 17.1791  233   1.20   0.74  28.27 -61.02  1763.0  4837.0
 53.1907 17.1791  234   1.20   0.74  28.27 -61.02  1735.0  2800.0
 53.1907 17.1791  235   1.20   0.74  28.27 -61.02  1792.0   824.0
 53.1907 17.1791  236   1.20   0.74  29.50 -61.05  1807.0 -1255.0
 53.1907 17.1791  237   1.20   0.74  29.50 -61.05  1845.0 -3339.0
 53.1907 17.1791  238   1.20   0.74  29.50 -61.05  1913.0 -5341.0
 53.1907 17.1791  239   1.20   0.74  29.50 -61.05  1923.0  4473.0
 53.1907 17.1791  240   1.20   0.74  29.50 -61.05  1925.0  2514.0
 53.1907 17.1791  241   1.20   0.74  29.50 -61.05  1912.0   237.0
 53.1907 17.1791  242   1.20   0.74  29.50 -61.05  1972.0 -1765.0
 53.1907 17.1791  243   1.20   0.74  29.50 -61.05  1941.0 -3791.0
 53.1907 17.1791  244   1.20   0.74  29.50 -61.05  2033.0  5861.0
 53.1907 17.1791  245   1.20   0.74  29.50 -61.05  2057.0  3913.0
 53.1907 17.1791  246   1.20   0.74  29.50 -61.05  2007.0  1901.0
 53.1907 17.1791  247   1.20   0.74  30.74 -61.05  2065.0  -223.0
 53.1907 17.1791  248   1.20   0.74  30.74 -61.05  2089.0 -2107.0
 53.1907 17.1791  249   1.20   0.74  30.74 -61.05  2113.0 -4508.0
 53.1907 17.1791  250   1.20   0.74  30.74 -61.05  2092.0  5189.0
 53.1907 17.1791  251   1.20   0.74  30.74 -61.05  2133.0  3203.0
 53.1907 17.1791  252   1.20   0.74  30.74 -61.05  2164.0  1547.0
 53.1907 17.1791  253   1.20   0.74  30.74 -61.05  2150.0  -507.0
 53.1907 17.1791  254   1.20   0.74  30.74 -61.05  2193.0 -2752.0
 53.1907 17.1791  255   1.20   0.74  30.74 -61.05  2140.0 -4692.0
 53.1907 17.1791  256   1.20   0.74  30.74 -61.05  2233.0  5229.0
 53.1907 17.1791  257   1.20   0.74  31.97 -60.98  2221.0  3095.0
 53.1907 17.1791  258   1.20   0.74  31.97 -60.98  2241.0  1069.0
 53.1907 17.1791  259   1.20   0.74  31.97 -60.98  2205.0 -1055.0
 53.1907 17.1791  260   1.20   0.74  31.97 -60.98  2201.0 -2799.0
 53.1907 17.1791  261   1.20   0.74  31.97 -60.98  2153.0 -4633.0
 53.1907 17.1791  262   1.20   0.74  31.97 -60.98  2109.0  4933.0
 53.1907 17.1791  263   1.20   0.74  31.97 -60.98  2037.0  3053.0
 53.1907 17.1791  264   1.20   0.74  31.97 -60.98  2123.0  1253.0
 53.1907 17.1791  265   1.20   0.74  31.97 -60.98  2073.0  -897.0
 53.1907 17.1791  266   1.20   0.74  31.97 -60.98  2001.0 -2811.0
 53.1907 17.1791  267   1.20   0.74  31.97 -60.98  2053.0 -4635.0
 53.1907 17.1791  268   1.20   0.74  33.22 -60.69  1961.0  4868.0
 53.1907 17.1791  269   1.20   0.74  33.22 -60.69  1945.0  3025.0
 53.1907 17.1791  270   1.20   0.74  33.22 -60.69  1913.0   911.0
 53.1907 17.1791  271   1.20   0.74  33.22 -60.69  1819.0 -1199.0
 53.1907 17.1791  272   1.20   0.74  33.22 -60.69  1793.0 -3183.0
 53.1907 17.1791  273   1.20   0.74  33.22 -60.69  1776.0 -5007.0
 53.1907 17.1791  274   1.20   0.74  33.22 -60.69  1731.0  4705.0
 53.1907 17.1791  275   1.20   0.74  33.22 -60.69  1689.0  2801.0
 53.1907 17.1791  276   1.20   0.74  33.22 -60.69  1766.0   903.0
 53.1907 17.1791  277   1.20   0.74  33.22 -60.69  1655.0  -950.0
 53.1907 17.1791  278   1.20   0.74  34.45 -60.57  1637.0 -2955.0
 53.1907 17.1791  279   1.20   0.74  34.45 -60.57  1581.0 -4888.0
 53.1907 17.1791  280   1.20   0.74  34.45 -60.57  1565.0  4761.0
 53.1907 17.1791  281   1.20   0.74  34.45 -60.57  1569.0  2888.0
 53.1907 17.1791  282   1.20   0.74  34.45 -60.57  1473.0  1077.0
 53.1907 17.1791  283   1.20   0.74  34.45 -60.57  1557.0  -843.0
 53.1907 17.1791  284   1.20   0.74  34.45 -60.57  1521.0 -2652.0
 53.1907 17.1791  285   1.20   0.74  34.45 -60.57  1531.0 -4387.0
 53.1907 17.1791  286   1.20   0.74  34.45 -60.57  1489.0  5349.0
 53.1907 17.1791  287   1.20   0.74  34.45 -60.57  1500.0  3600.0
 53.1907 17.1791  288   1.20   0.74  34.45 -60.57  1437.0  1686.0
 53.1907 17.1791  289   1.20   0.74  35.68 -61.03  1545.0   -96.0
 53.1907 17.1791  290   1.20   0.74  35.68 -61.03  1480.0 -1947.0
 53.1907 17.1791  291   1.20   0.74  35.68 -61.03  1482.0 -3832.0
 53.1907 17.1791  292   1.20   0.74  35.68 -61.03  1527.0  5825.0
 53.1907 17.1791  293   1.20   0.74  35.68 -61.03  1565.0  4116.0
 53.1907 17.1791  294   1.20   0.74  35.68 -61.03  1561.0  2277.0
 53.1907 17.1791  295   1.20   0.74  35.68 -61.03  1581.0   444.0
 53.1907 17.1791  296   1.20   0.74  35.68 -61.03  1612.0 -1383.0
 53.1907 17.1791  297   1.20   0.74  35.68 -61.03  1608.0 -3203.0
 53.1907 17.1791  298   1.20   0.74  35.68 -61.03  1692.0 -5105.0
 53.1907 17.1791  299   1.20   0.74  36.93 -61.20  1677.0  4845.0
 53.1907 17.1791  300   1.20   0.74  36.93 -61.20  1767.0  2925.0
 53.1907 17.1791  301   1.20   0.74  36.93 -61.20  1680.0  1117.0
 53.1907 17.1791  302   1.20   0.74  36.93 -61.20  1745.0  -571.0
 53.1907 17.1791  303   1.20   0.74  36.93 -61.20  1741.0 -2485.0
 53.1907 17.1791  304   1.20   0.74  36.93 -61.20  1761.0 -4276.0
 53.1907 17.1791  305   1.20   0.74  36.93 -61.20  1765.0  5725.0
 53.1907 17.1791  306   1.20   0.74  36.93 -61.20  1737.0  3989.0
 53.1907 17.1791  307   1.20   0.74  36.93 -61.20  1751.0  2187.0
 53.1907 17.1791  308   1.20   0.74  36.93 -61.20  1709.0   490.0
 53.1907 17.1791  309   1.20   0.74  36.93 -61.20  1725.0 -1232.0
 53.1907 17.1791  310   1.20   0.74  38.11 -61.03  1764.0 -2843.0
 53.1907 17.1791  311   1.20   0.74  38.11 -61.03  1773.0 -4517.0
 53.1907 17.1791  312   1.20   0.74  38.11 -61.03  1697.0  5485.0
 53.1907 17.1791  313   1.20   0.74  38.11 -61.03  1541.0  3936.0
 53.1907 17.1791  314   1.20   0.74  38.11 -61.03  1641.0  2521.0
 53.1907 17.1791  315   1.20   0.74  38.11 -61.03  1583.0  1265.0
 53.1907 17.1791  316   1.20   0.74  38.11 -61.03  1541.0   -75.0
 53.1907 17.1791  317   1.20   0.74  38.11 -61.03  1473.0 -1375.0
 53.1907 17.1791  318   1.20   0.74  38.11 -61.03  1521.0 -2665.0
 53.1907 17.1791  319   1.20   0.74  38.11 -61.03  1461.0 -4084.0
 53.1907 17.1791  320   1.20   0.74  39.05 -60.71  1501.0 -5123.0
 53.1907 17.1791  321   1.20   0.74  39.05 -60.71  1444.0  5521.0
 53.1907 17.1791  322   1.20   0.74  39.05 -60.71  1383.0  4277.0
 53.1907 17.1791  323   1.20   0.74  39.05 -60.71  1297.0  3241.0
 53.1907 17.1791  324   1.20   0.74  39.05 -60.71  1277.0  2227.0
 53.1907 17.1791  325   1.20   0.74  39.05 -60.71  1241.0  1233.0
 53.1907 17.1791  326   1.20   0.74  39.05 -60.71  1233.0   469.0
 53.1907 17.1791  327   1.20   0.74  39.05 -60.71  1233.0  -547.0
 53.1907 17.1791  328   1.20   0.74  39.05 -60.71  1219.0 -1147.0
 53.1907 17.1791  329   1.20   0.74  39.05 -60.71  1245.0 -1879.0
 53.1907 17.1791  330   1.20   0.74  39.05 -60.71  1213.0 -2639.0
 53.1907 17.1791  331   1.20   0.74  39.67 -60.91  1217.0 -3212.0
 53.1907 17.1791  332   1.20   0.74  39.67 -60.91  1201.0 -3811.0
 53.1907 17.1791  333   1.20   0.74  39.67 -60.91  1198.0 -4431.0
 53.1907 17.1791  334   1.20   0.74  39.67 -60.91  1169.0 -4947.0
 53.1907 17.1791  335   1.20   0.74  39.67 -60.91  1217.0 -5367.0
 53.1907 17.1791  336   1.20   0.74  39.67 -60.91  1207.0 -4896.0
 53.1907 17.1791  337   1.20   0.74  39.67 -60.91  1117.0  5497.0
 53.1907 17.1791  338   1.20   0.74  39.67 -60.91  1147.0  5145.0
 53.1907 17.1791  339   1.20   0.74  39.67 -60.91  1121.0  4756.0
 53.1907 17.1791  340   1.20   0.74  39.67 -60.91  1093.0  4549.0
 53.1907 17.1791  341   1.20   0.74  39.67 -60.91  1080.0  4257.0
 53.1907 17.1791  342   1.20   0.74  39.96 -60.87  1095.0  4149.0
 53.1907 17.1791  343   1.20   0.74  39.96 -60.87  1105.0  3961.0
 53.1907 17.1791  344   1.20   0.74  39.96 -60.87  1088.0  3905.0
 53.1907 17.1791  345   1.20   0.74  39.96 -60.87  1099.0  3777.0
 53.1907 17.1791  346   1.20   0.74  39.96 -60.87  1081.0  3745.0
 53.1907 17.1791  347   1.20   0.74  39.96 -60.87  1025.0  3625.0
 53.1907 17.1791  348   1.20   0.74  39.96 -60.87  1084.0  3653.0
 53.1907 17.1791  349   1.20   0.74  39.96 -60.87  1057.0  3621.0
 53.1907 17.1791  350   1.20   0.74  39.96 -60.87  1060.0  3537.0
 53.1907 17.1791  351   1.20   0.74  39.96 -60.87  1077.0  3537.0
 53.1907 17.1791  352   1.20   0.74  40.00 -60.96  1057.0  3492.0
 53.1907 17.1791  353   1.20   0.74  40.00 -60.96  1073.0  3516.0
 53.1907 17.1791  354   1.20   0.74  40.00 -60.96  1113.0  3489.0
 53.1907 17.1791  355   1.20   0.74  40.00 -60.96  1079.0  3485.0
 53.1907 17.1791  356   1.20   0.74  40.00 -60.96  1097.0  3551.0
 53.1907 17.1791  357   1.20   0.74  40.00 -60.96  1089.0  3501.0
 53.1907 17.1791  358   1.20   0.74  40.00 -60.96  1041.0  3489.0
 53.1907 17.1791  359   1.20   0.74  40.00 -60.96  1075.0  3465.0
 53.1907 17.1791  360   1.20   0.74  40.00 -60.96  1089.0  3509.0
 53.1907 17.1791  361   1.20   0.74  40.00 -60.96  1061.0  3513.0
 53.1907 17.1791  362   1.20   0.74  40.00 -60.96  1076.0  3447.0
 53.1907 17.1791  363   1.20   0.74  40.00 -61.00  1105.0  3557.0
 53.1907 17.1791  364   1.20   0.74  40.00 -61.00  1077.0  3529.0
 53.1907 17.1791  365   1.20   0.74  40.00 -61.00  1105.0  3544.0
 53.1907 17.1791  366   1.20   0.74  40.00 -61.00  1099.0  3541.0
 53.1907 17.1791  367   1.20   0.74  40.00 -61.00  1091.0  3472.0
 53.1907 17.1791  368   1.20   0.74  40.00 -61.00  1051.0  3520.0
 53.1907 17.1791  369   1.20   0.74  40.00 -61.00  1109.0  3505.0
 53.1907 17.1791  370   1.20   0.74  40.00 -61.00  1081.0  3492.0
 53.1907 17.1791  371   1.20   0.74  40.00 -61.00  1076.0  3469.0
 53.1907 17.1791  372   1.20   0.74  40.00 -61.00  1103.0  3356.0
 53.1907 17.1791  373   1.20   0.74  40.01 -61.03  1041.0  3395.0
 53.1907 17.1791  374   1.20   0.74  40.01 -61.03  1105.0  3485.0
 53.1907 17.1791  375   1.20   0.74  40.01 -61.03  1092.0  3449.0
 53.1907 17.1791  376   1.20   0.74  40.01 -61.03  1077.0  3505.0
 53.1907 17.1791  377   1.20   0.74  40.01 -61.03  1069.0  3581.0
 53.1907 17.1791  378   1.20   0.74  40.01 -61.03  1103.0  3561.0
 53.1907 17.1791  379   1.20   0.74  40.01 -61.03  1085.0  3525.0
 53.1907 17.1791  380   1.20   0.74  40.01 -61.03  1085.0  3488.0
 53.1907 17.1791  381   1.20   0.74  40.01 -61.03  1101.0  3541.0
 53.1907 17.1791  382   1.20   0.74  40.01 -61.03  1097.0  3511.0
 53.1907 17.1791  383   1.20   0.74  40.01 -61.03  1105.0  3517.0
 53.1907 17.1791  384   1.20   0.74  40.01 -60.87  1089.0  3573.0
 53.1907 17.1791  385   1.20   0.74  40.01 -60.87  1081.0  3603.0
 53.1907 17.1791  386   1.20   0.74  40.01 -60.87  1065.0  3537.0
 53.1907 17.1791  387   1.20   0.74  40.01 -60.87  1057.0  3621.0
 53.1907 17.1791  388   1.20   0.74  40.01 -60.87  1073.0  3581.0
 53.1907 17.1791  389   1.20   0.74  40.01 -60.87  1113.0  3643.0
 53.1907 17.1791  390   1.20   0.74  40.01 -60.87  1103.0  3651.0
 53.1907 17.1791  391   1.20   0.74  40.01 -60.87  1057.0  3532.0
 53.1907 17.1791  392   1.20   0.74  40.01 -60.87  1073.0  3721.0
 53.1907 17.1791  393   1.20   0.74  40.01 -60.87  1081.0  3625.0
 53.1907 17.1791  394   1.20   0.74  40.01 -60.87  1056.0  3535.0
 53.1907 17.1791  395   1.20   0.74  40.01 -61.12  1105.0  3567.0
 53.1907 17.1791  396   1.20   0.74  40.01 -61.12  1085.0  3641.0
 53.1907 17.1791  397   1.20   0.74  40.01 -61.12  1095.0  3611.0
 53.1907 17.1791  398   1.20   0.74  40.01 -61.12  1117.0  3607.0
 53.1907 17.1791  399   1.20   0.74  40.01 -61.12  1097.0  3597.0
 53.1907 17.1791  400   1.20   0.74  40.01 -61.12  1025.0  3605.0
 53.1907 17.1791  401   1.20   0.74  40.01 -61.12  1083.0  3521.0
 53.1907 17.1791  402   1.20   0.74  40.01 -61.12  1096.0  3541.0
 53.1907 17.1791  403   1.