 55.7939 16.0877    0   0.58  -5.20  46.59  1716.0  -950.0
 55.7939 16.0877    1   0.58  -5.20  46.59  1715.0  -894.0
 55.7939 16.0877    2   0.58  -5.20  46.59  1712.0  -871.0
 55.7939 16.0877    3   0.58  -5.20  46.59  1715.0  -814.0
 55.7939 16.0877    4   0.58  -5.20  46.59  1727.0  -779.0
 55.7939 16.0877    5   0.58  -5.20  46.59  1731.0  -695.0
 55.7939 16.0877    6   0.58  -5.20  46.59  1727.0  -708.0
 55.7939 16.0877    7   0.58  -5.20  46.59  1724.0  -695.0
 55.7939 16.0877    8   0.58  -5.20  46.59  1724.0  -748.0
 55.7939 16.0877    9   0.58  -5.20  46.59  1717.0  -783.0
 55.7939 16.0877   10   0.58  -5.20  46.59  1715.0  -823.0
 55.7939 16.0877   11   0.58  -5.20  46.59  1707.0  -864.0
 55.7939 16.0877   12   0.58  -5.20  46.59  1711.0  -987.0
 55.7939 16.0877   13   0.58  -5.20  46.59  1709.0 -1115.0
 55.7939 16.0877   14   0.58  -5.20  46.59  1718.0 -1279.0
 55.7939 16.0877   15   0.58  -5.20  46.59  1710.0 -1463.0
 55.7939 16.0877   16   0.58  -5.20  46.59  1711.0 -1559.0
 55.7939 16.0877   17   0.58  -5.20  46.59  1703.0 -1613.0
 55.7939 16.0877   18   0.58  -5.20  46.59  1700.0 -1654.0
 55.7939 16.0878   19   0.58  -5.20  46.59  1696.0 -1665.0
 55.7939 16.0878   20   0.58  -5.20  46.59  1695.0 -1679.0
 55.7939 16.0878   21   0.58  -5.20  46.59  1707.0 -1729.0
 55.7939 16.0878   22   0.58  -5.20  46.59  1711.0 -1749.0
 55.7939 16.0877   23   0.58  -5.20  46.59  1712.0 -1796.0
 55.7939 16.0877   24   0.58  -5.20  46.59  1714.0 -1852.0
 55.7939 16.0877   25   0.58  -5.20  46.59  1719.0 -1905.0
 55.7939 16.0878   26   0.58  -5.20  46.59  1715.0 -1943.0
 55.7939 16.0878   27   0.58  -5.20  46.59  1712.0 -1980.0
 55.7939 16.0878   28   0.58  -5.20  46.59  1721.0 -1993.0
 55.7939 16.0878   29   0.58  -5.20  46.59  1712.0 -2005.0
 55.7939 16.0878   30   0.58  -5.20  46.59  1718.0 -2040.0
 55.7939 16.0878   31   0.58  -5.20  46.59  1709.0 -2078.0
 55.7939 16.0878   32   0.58  -5.20  46.59  1695.0 -2114.0
 55.7939 16.0878   33   0.58  -5.20  46.59  1706.0 -2172.0
 55.7939 16.0878   34   0.58  -5.20  46.59  1710.0 -2324.0
 55.7939 16.0878   35   0.58  -5.20  46.59  1718.0 -2508.0
 55.7939 16.0878   36   0.58  -5.20  46.59  1709.0 -2584.0
 55.7939 16.0878   37   0.58  -5.20  46.59  1704.0 -2629.0
 55.7939 16.0878   38   0.58  -5.20  46.59  1706.0 -2725.0
 55.7939 16.0878   39   0.58  -5.20  46.59  1709.0 -2814.0
 55.7939 16.0878   40   0.58  -5.20  46.59  1707.0 -2902.0
 55.7939 16.0877   41   0.58  -5.20  46.59  1700.0 -2889.0
 55.7939 16.0878   42   0.58  -5.20  46.59  1702.0 -2854.0
 55.7939 16.0878   43   0.58  -5.20  46.59  1686.0 -2911.0
 55.7939 16.0876   44   0.58  -5.20  46.59  1640.0 -1927.0
 55.7939 16.0876   45   0.58  -5.20  46.59  1663.0 -1854.0
 55.7939 16.0876   46   0.58  -5.20  46.59  1666.0 -1802.0
 55.7939 16.0876   47   0.58  -5.20  46.59  1666.0 -1853.0
 55.7939 16.0876   48   0.58  -5.20  46.59  1659.0 -1777.0
 55.7939 16.0876   49   0.58  -5.20  46.59  1654.0 -1783.0
 55.7939 16.0876   50   0.58  -5.20  46.59  1647.0 -1778.0
 55.7939 16.0876   51   0.58  -5.20  46.59  1655.0 -1750.0
 55.7939 16.0877   52   0.58  -5.20  46.59  1673.0 -1766.0
 55.7939 16.0876   53   0.58  -5.20  46.59  1672.0 -1660.0
 55.7939 16.0876   54   0.58  -5.20  46.59  1675.0 -1519.0
 55.7939 16.0876   55   0.58  -5.20  46.59  1675.0 -1457.0
 55.7939 16.0876   56   0.58  -5.20  46.59  1693.0 -1366.0
 55.7939 16.0876   57   0.58  -5.20  46.59  1690.0 -1348.0
 55.7939 16.0876   58   0.58  -5.20  46.59  1692.0 -1328.0
 55.7939 16.0876   59   0.58  -5.20  46.59  1691.0 -1250.0
 55.7939 16.0876   60   0.58  -5.20  46.59  1673.0 -1208.0
 55.7939 16.0876   61   0.58  -5.20  46.59  1679.0 -1116.0
 55.7939 16.0876   62   0.58  -5.20  46.59  1677.0 -1051.0
 55.7939 16.0876   63   0.58  -5.20  46.59  1670.0 -1089.0
 55.7939 16.0876   64   0.58  -5.20  46.59  1678.0 -1048.0
 55.7939 16.0876   65   0.58  -5.20  46.59  1680.0 -1181.0
 55.7939 16.0876   66   0.58  -5.20  46.59  1681.0 -1267.0
 55.7939 16.0876   67   0.58  -5.20  46.59  1678.0 -1286.0
 55.7939 16.0876   68   0.58  -5.20  46.59  1673.0 -1421.0
 55.7939 16.0876   69   0.58  -5.20  46.59  1693.0 -1453.0
 55.7939 16.0877   70   0.58  -5.20  46.59  1675.0 -1900.0
 55.7939 16.0878   71   0.58  -5.20  46.59  1703.0 -1886.0
 55.7939 16.0877   72   0.58  -5.20  46.59  1690.0 -1878.0
 55.7939 16.0877   73   0.58  -5.20  46.59  1694.0 -1821.0
 55.7939 16.0877   74   0.58  -5.20  46.59  1681.0 -1805.0
 55.7939 16.0877   75   0.58  -5.20  46.59  1672.0 -1759.0
 55.7939 16.0877   76   0.58  -5.20  46.59  1668.0 -1732.0
 55.7939 16.0876   77   0.58  -5.20  46.59  1672.0 -1768.0
 55.7939 16.0877   78   0.58  -5.20  46.59  1671.0 -1775.0
 55.7939 16.0877   79   0.58  -5.20  46.59  1693.0 -2301.0
 55.7939 16.0878   80   0.58  -5.20  46.59  1693.0 -2260.0
 55.7939 16.0878   81   0.58  -5.20  46.59  1692.0 -2223.0
 55.7939 16.0878   82   0.58  -5.20  46.59  1688.0 -2201.0
 55.7939 16.0877   83   0.58  -5.20  46.59  1680.0 -2142.0
 55.7939 16.0877   84   0.58  -5.20  46.59  1668.0 -2139.0
 55.7939 16.0877   85   0.58  -5.20  46.59  1676.0 -2038.0
 55.7939 16.0877   86   0.58  -5.20  46.59  1679.0 -1942.0
 55.7939 16.0877   87   0.58  -5.20  46.59  1693.0 -1850.0
 55.7939 16.0877   88   0.58  -5.20  46.59  1699.0 -1745.0
 55.7939 16.0876   89   0.58  -5.20  46.59  1691.0 -1723.0
 55.7939 16.0876   90   0.58  -5.20  46.59  1689.0 -1686.0
 55.7939 16.0877   91   0.58  -5.20  46.59  1685.0 -1695.0
 55.7939 16.0877   92   0.58  -5.20  46.59  1682.0 -1694.0
 55.7939 16.0877   93   0.58  -5.20  46.59  1685.0 -1641.0
 55.7939 16.0876   94   0.58  -5.20  46.59  1699.0 -1597.0
 55.7939 16.0876   95   0.58  -5.20  46.59  1696.0 -1584.0
 55.7939 16.0876   96   0.58  -5.20  46.59  1710.0 -1575.0
 55.7939 16.0876   97   0.58  -5.20  46.59  1713.0 -1553.0
 55.7939 16.0876   98   0.58  -5.20  46.59  1714.0 -1571.0
 55.7939 16.0876   99   0.58  -5.20  46.59  1706.0 -1606.0
 55.7939 16.0876  100   0.58  -5.20  46.59  1706.0 -1594.0
 55.7939 16.0876  101   0.58  -5.20  46.59  1704.0 -1613.0
 55.7939 16.0877  102   0.58  -5.20  46.59  1702.0 -1611.0
 55.7939 16.0877  103   0.58  -5.20  46.59  1702.0 -1628.0
 55.7939 16.0877  104   0.58  -5.20  46.59  1699.0 -1639.0
 55.7939 16.0877  105   0.58  -5.20  46.59  1692.0 -1621.0
 55.7939 16.0877  106   0.58  -5.20  46.59  1690.0 -1599.0
 55.7939 16.0877  107   0.58  -5.20  46.59  1697.0 -1591.0
 55.7939 16.0877  108   0.58  -5.20  46.59  1693.0 -1578.0
 55.7939 16.0877  109   0.58  -5.20  46.59  1691.0 -1512.0
 55.7939 16.0876  110   0.58  -5.20  46.59  1698.0 -1486.0
 55.7939 16.0877  111   0.58  -5.20  46.59  1701.0 -1423.0
 55.7939 16.0876  112   0.58  -5.20  46.59  1713.0 -1372.0
 55.7939 16.0876  113   0.58  -5.20  46.59  1719.0 -1367.0
 55.7939 16.0876  114   0.58  -5.20  46.59  1712.0 -1379.0
 55.7939 16.0876  115   0.58  -5.20  46.59  1722.0 -1384.0
 55.7939 16.0876  116   0.58  -5.20  46.59  1713.0 -1374.0
 55.7939 16.0876  117   0.58  -5.20  46.59  1706.0 -1368.0
 55.7939 16.0876  118   0.58  -5.20  46.59  1701.0 -1305.0
 55.7939 16.0876  119   0.58  -5.20  46.59  1702.0 -1240.0
 55.7939 16.0876  120   0.58  -5.20  46.59  1707.0 -1198.0
 55.7939 16.0876  121   0.58  -5.20  46.59  1712.0 -1163.0
 55.7939 16.0876  122   0.58  -5.20  46.59  1711.0 -1127.0
 55.7939 16.0876  123   0.58  -5.20  46.59  1714.0 -1121.0
 55.7939 16.0876  124   0.58  -5.20  46.59  1713.0 -1091.0
 55.7939 16.0876  125   0.58  -5.20  46.59  1715.0 -1068.0
 55.7939 16.0876  126   0.58  -5.20  46.59  1712.0 -1039.0
 55.7939 16.0876  127   0.58  -5.20  46.59  1713.0 -1013.0
 55.7939 16.0877  128   0.58  -5.20  46.59  1706.0 -1017.0
 55.7939 16.0876  129   0.58  -5.20  46.59  1699.0 -1024.0
 55.7939 16.0877  130   0.58  -5.20  46.59  1687.0 -1040.0
 55.7939 16.0876  131   0.58  -5.20  46.59  1698.0 -1087.0
 55.7939 16.0876  132   0.58  -5.20  46.59  1703.0 -1152.0
 55.7939 16.0876  133   0.58  -5.20  46.59  1696.0 -1228.0
 55.7939 16.0876  134   0.58  -5.20  46.59  1705.0 -1292.0
 55.7939 16.0876  135   0.58  -5.20  46.59  1710.0 -1387.0
 55.7939 16.0876  136   0.58  -5.20  46.59  1708.0 -1524.0
 55.7939 16.0877  137   0.58  -5.20  46.59  1708.0 -1670.0
 55.7939 16.0877  138   0.58  -5.20  46.59  1714.0 -1799.0
 55.7939 16.0876  139   0.58  -5.20  46.59  1703.0 -1918.0
 55.7939 16.0877  140   0.58  -5.20  46.59  1703.0 -1993.0
 55.7939 16.0877  141   0.58  -5.20  46.59  1700.0 -2150.0
 55.7939 16.0876  142   0.58  -5.20  46.59  1693.0 -2275.0
 55.7939 16.0877  143   0.58  -5.20  46.59  1688.0 -2245.0
 55.7939 16.0877  144   0.58  -5.20  46.59  1693.0 -2298.0
 55.7939 16.0877  145   0.58  -5.20  46.59  1695.0 -2328.0
 55.7939 16.0877  146   0.58  -5.20  46.59  1688.0 -2337.0
 55.7939 16.0877  147   0.58  -5.20  46.59  1705.0 -2372.0
 55.7939 16.0877  148   0.58  -5.20  46.59  1710.0 -2426.0
 55.7939 16.0877  149   0.58  -5.20  46.59  1702.0 -2490.0
 55.7939 16.0877  150   0.58  -5.20  46.59  1711.0 -2608.0
 55.7939 16.0877  151   0.58  -5.20  46.59  1715.0 -2717.0
 55.7939 16.0877  152   0.58  -5.20  46.59  1711.0 -2775.0
 55.7939 16.0877  153   0.58  -5.20  46.59  1697.0 -2769.0
 55.7939 16.0876  154   0.58  -5.20  46.59  1688.0 -2821.0
 55.7939 16.0877  155   0.58  -5.20  46.59  1683.0 -2834.0
 55.7939 16.0877  156   0.58  -5.20  46.59  1692.0 -2860.0
 55.7939 16.0877  157   0.58  -5.20  46.59  1699.0 -2863.0
 55.7939 16.0877  158   0.58  -5.20  46.59  1704.0 -2867.0
 55.7939 16.0877  159   0.58  -5.20  46.59  1705.0 -2833.0
 55.7939 16.0877  160   0.58  -5.20  46.59  1705.0 -2859.0
 55.7939 16.0877  161   0.58  -5.20  46.59  1694.0 -2918.0
 55.7939 16.0877  162   0.58  -5.20  46.59  1690.0 -2948.0
 55.7939 16.0877  163   0.58  -5.20  46.59  1682.0 -2945.0
 55.7939 16.0877  164   0.58  -5.20  46.59  1676.0 -2952.0
 55.7939 16.0877  165   0.58  -5.20  46.59  1696.0 -2997.0
 55.7939 16.0876  166   0.58  -5.20  46.59  1698.0 -2931.0
 55.7939 16.0876  167   0.58  -5.20  46.59  1698.0 -2934.0
 55.7939 16.0877  168   0.58  -5.20  46.59  1703.0 -2966.0
 55.7939 16.0876  169   0.58  -5.20  46.59  1702.0 -2966.0
 55.7939 16.0877  170   0.58  -5.20  46.59  1695.0 -2936.0
 55.7939 16.0876  171   0.58  -5.20  46.59  1681.0 -2903.0
 55.7939 16.0876  172   0.58  -5.20  46.59  1680.0 -2926.0
 55.7939 16.0876  173   0.58  -5.20  46.59  1671.0 -2839.0
 55.7939 16.0876  174   0.58  -5.20  46.59  1679.0 -2803.0
 55.7939 16.0876  175   0.58  -5.20  46.59  1678.0 -2770.0
 55.7939 16.0876  176   0.58  -5.20  46.59  1683.0 -2784.0
 55.7939 16.0876  177   0.58  -5.20  46.59  1686.0 -2703.0
 55.7939 16.0876  178   0.58  -5.20  46.59  1686.0 -2609.0
 55.7939 16.0876  179   0.58  -5.20  46.59  1688.0 -2607.0
 55.7939 16.0876  180   0.58  -5.20  46.59  1697.0 -2596.0
 55.7939 16.0876  181   0.58  -5.20  46.59  1706.0 -2618.0
 55.7939 16.0876  182   0.58  -5.20  46.59  1698.0 -2642.0
 55.7939 16.0876  183   0.58  -5.20  46.59  1697.0 -2625.0
 55.7939 16.0876  184   0.58  -5.20  46.59  1681.0 -2494.0
 55.7939 16.0876  185   0.58  -5.20  46.59  1679.0 -2459.0
 55.7939 16.0876  186   0.58  -5.20  46.59  1676.0 -2326.0
 55.7939 16.0876  187   0.58  -5.20  46.59  1684.0 -2259.0
 55.7939 16.0876  188   0.58  -5.20  46.59  1684.0 -2132.0
 55.7939 16.0876  189   0.58  -5.20  46.59  1684.0 -2024.0
 55.7939 16.0876  190   0.58  -5.20  46.59  1700.0 -2027.0
 55.7939 16.0876  191   0.58  -5.20  46.59  1695.0 -1979.0
 55.7938 16.0876  192   0.58  -5.20  46.59  1695.0 -1948.0
 55.7939 16.0876  193   0.58  -5.20  46.59  1704.0 -1885.0
 55.7939 16.0876  194   0.58  -5.20  46.59  1716.0 -1877.0
 55.7939 16.0876  195   0.58  -5.20  46.59  1718.0 -1852.0
 55.7939 16.0876  196   0.58  -5.20  46.59  1717.0 -1774.0
 55.7939 16.0876  197   0.58  -5.20  46.59  1708.0 -1735.0
 55.7938 16.0876  198   0.58  -5.20  46.59  1722.0 -1777.0
 55.7939 16.0876  199   0.58  -5.20  46.59  1716.0 -1805.0
 55.7939 16.0876  200   0.58  -5.20  46.59  1719.0 -1828.0
 55.7939 16.0876  201   0.58  -5.20  46.59  1705.0 -1879.0
 55.7939 16.0876  202   0.58  -5.20  46.59  1699.0 -1899.0
 55.7939 16.0876  203   0.58  -5.20  46.59  1697.0 -1915.0
 55.7939 16.0876  204   0.58  -5.20  46.59  1693.0 -1889.0
 55.7939 16.0876  205   0.58  -5.20  46.59  1705.0 -1865.0
 55.7939 16.0876  206   0.58  -5.20  46.59  1704.0 -1807.0
 55.7939 16.0876  207   0.58  -5.20  46.59  1705.0 -1837.0
 55.7939 16.0876  208   0.58  -5.20  46.59  1712.0 -1881.0
 55.7939 16.0876  209   0.58  -5.20  46.59  1716.0 -1910.0
 55.7939 16.0876  210   0.58  -5.20  46.59  1718.0 -1938.0
 55.7939 16.0876  211   0.58  -5.20  46.59  1714.0 -2035.0
 55.7939 16.0876  212   0.58  -5.20  46.59  1717.0 -2131.0
 55.7939 16.0876  213   0.58  -5.20  46.59  1705.0 -2146.0
 55.7939 16.0876  214   0.58  -5.20  46.59  1706.0 -2165.0
 55.7939 16.0876  215   0.58  -5.20  46.59  1710.0 -2168.0
 55.7939 16.0876  216   0.58  -5.20  46.59  1715.0 -2240.0
 55.7939 16.0876  217   0.58  -5.20  46.59  1718.0 -2287.0
 55.7939 16.0876  218   0.58  -5.20  46.59  1715.0 -2351.0
 55.7939 16.0876  219   0.58  -5.20  46.59  1715.0 -2390.0
 55.7939 16.0876  220   0.58  -5.20  46.59  1708.0 -2422.0
 55.7939 16.0876  221   0.58  -5.20  46.59  1719.0 -2419.0
 55.7939 16.0876  222   0.58  -5.20  46.59  1718.0 -2430.0
 55.7938 16.0876  223   0.58  -5.20  46.59  1715.0 -2452.0
 55.7939 16.0876  224   0.58  -5.20  46.59  1720.0 -2429.0
 55.7939 16.0876  225   0.58  -5.20  46.59  1721.0 -2401.0
 55.7939 16.0876  226   0.58  -5.20  46.59  1716.0 -2358.0
 55.7939 16.0876  227   0.58  -5.20  46.59  1724.0 -2393.0
 55.7939 16.0876  228   0.58  -5.20  46.59  1720.0 -2392.0
 55.7939 16.0876  229   0.58  -5.20  46.59  1720.0 -2377.0
 55.7939 16.0876  230   0.58  -5.20  46.59  1719.0 -2363.0
 55.7939 16.0876  231   0.58  -5.20  46.59  1721.0 -2347.0
 55.7939 16.0876  232   0.58  -5.20  46.59  1719.0 -2366.0
 55.7939 16.0876  233   0.58  -5.20  46.59  1719.0 -2362.0
 55.7939 16.0877  234   0.58  -5.20  46.59  1715.0 -2371.0
 55.7939 16.0876  235   0.58  -5.20  46.59  1708.0 -2333.0
 55.7939 16.0877  236   0.58  -5.20  46.59  1705.0 -2343.0
 55.7939 16.0877  237   0.58  -5.20  46.59  1711.0 -2300.0
 55.7939 16.0877  238   0.58  -5.20  46.59  1710.0 -2295.0
 55.7939 16.0877  239   0.58  -5.20  46.59  1716.0 -2305.0
 55.7939 16.0877  240   0.58  -5.20  46.59  1718.0 -2294.0
 55.7939 16.0877  241   0.58  -5.20  46.59  1704.0 -2255.0
 55.7939 16.0877  242   0.58  -5.20  46.59  1699.0 -2145.0
 55.7939 16.0877  243   0.58  -5.20  46.59  1700.0 -2015.0
 55.7939 16.0877  244   0.58  -5.20  46.59  1691.0 -1930.0
 55.7939 16.0877  245   0.58  -5.20  46.59  1700.0 -1952.0
 55.7939 16.0877  246   0.58  -5.20  46.59  1698.0 -1930.0
 55.7939 16.0877  247   0.58  -5.20  46.59  1702.0 -1934.0
 55.7939 16.0877  248   0.58  -5.20  46.59  1714.0 -2017.0
 55.7939 16.0877  249   0.58  -5.20  46.59  1713.0 -2052.0
 55.7939 16.0877  250   0.58  -5.20  46.59  1714.0 -2069.0
 55.7939 16.0876  251   0.58  -5.20  46.59  1717.0 -2109.0
 55.7939 16.0876  252   0.58  -5.20  46.59  1714.0 -2153.0
 55.7939 16.0876  253   0.58  -5.20  46.59  1722.0 -2121.0
 55.7939 16.0876  254   0.58  -5.20  46.59  1718.0 -2099.0
 55.7939 16.0876  255   0.58  -5.20  46.59  1712.0 -2025.0
 55.7939 16.0876  256   0.58  -5.20  46.59  1712.0 -1987.0
 55.7939 16.0877  257   0.58  -5.20  46.59  1716.0 -1977.0
 55.7939 16.0876  258   0.58  -5.20  46.59  1720.0 -1995.0
 55.7939 16.0876  259   0.58  -5.20  46.59  1719.0 -1955.0
 55.7939 16.0876  260   0.58  -5.20  46.59  1722.0 -1977.0
 55.7939 16.0876  261   0.58  -5.20  46.59  1719.0 -2000.0
 55.7939 16.0876  262   0.58  -5.20  46.59  1711.0 -1989.0
 55.7939 16.0876  263   0.58  -5.20  46.59  1712.0 -2041.0
 55.7939 16.0876  264   0.58  -5.20  46.59  1715.0 -2086.0
 55.7939 16.0876  265   0.58  -5.20  46.59  1731.0 -2195.0
 55.7939 16.0876  266   0.58  -5.20  46.59  1733.0 -2279.0
 55.7939 16.0876  267   0.58  -5.20  46.59  1734.0 -2339.0
 55.7939 16.0876  268   0.58  -5.20  46.59  1729.0 -2395.0
 55.7939 16.0876  269   0.58  -5.20  46.59  1732.0 -2453.0
 55.7939 16.0876  270   0.58  -5.20  46.59  1723.0 -2453.0
 55.7939 16.0876  271   0.58  -5.20  46.59  1709.0 -2469.0
 55.7939 16.0876  272   0.58  -5.20  46.59  1708.0 -2451.0
 55.7939 16.0876  273   0.58  -5.20  46.59  1715.0 -2419.0
 55.7939 16.0876  274   0.58  -5.20  46.59  1711.0 -2412.0
 55.7939 16.0876  275   0.58  -5.20  46.59  1714.0 -2386.0
 55.7939 16.0876  276   0.58  -5.20  46.59  1703.0 -2318.0
 55.7939 16.0876  277   0.58  -5.20  46.59  1705.0 -2276.0
 55.7939 16.0876  278   0.58  -5.20  46.59  1711.0 -2281.0
 55.7939 16.0876  279   0.58  -5.20  46.59  1705.0 -2240.0
 55.7939 16.0876  280   0.58  -5.20  46.59  1705.0 -2218.0
 55.7939 16.0876  281   0.58  -5.20  46.59  1695.0 -2192.0
 55.7939 16.0876  282   0.58  -5.20  46.59  1712.0 -2205.0
 55.7939 16.0876  283   0.58  -5.20  46.59  1696.0 -2187.0
 55.7939 16.0876  284   0.58  -5.20  46.59  1694.0 -2210.0
 55.7939 16.0876  285   0.58  -5.20  46.59  1695.0 -2239.0
 55.7939 16.0876  286 