   0   0.60  -1.20   5.00  0.5164
   1   0.60  -1.20   5.00  0.5154
   2   0.60  -1.20   5.00  0.5147
   3   0.60  -1.20   5.00  0.5142
   4   0.60  -1.20   5.00  0.5150
   5   0.60  -1.20   5.00  0.5154
   6   0.60  -1.20   5.00  0.5158
   7   0.60  -1.20   5.00  0.5161
   8   0.60  -1.20   5.00  0.5164
   9   0.60  -1.20   5.00  0.5167
  10   0.60  -1.20   5.00  0.5163
  11   0.60  -1.20   5.00  0.5161
  12   0.60  -1.20   5.00  0.5161
  13   0.60  -1.20   5.00  0.5161
  14   0.60  -1.20   5.00  0.5172
  15   0.60  -1.20   5.00  0.5179
  16   0.60  -1.20   5.00  0.5168
  17   0.60  -1.20   5.00  0.5161
  18   0.60  -1.20   5.00  0.5179
  19   0.60  -1.20   5.00  0.5191
  20   0.60  -1.20   5.00  0.5160
  21   0.60  -1.20   5.00  0.5139
  22   0.60  -1.20   5.00  0.5130
  23   0.60  -1.20   5.00  0.5124
  24   0.60  -1.20   5.00  0.5156
  25   0.60  -1.20   5.00  0.5164
  26   0.60  -1.20   5.00  0.5161
  27   0.60  -1.20   5.00  0.5161
  28   0.60  -1.20   5.00  0.5173
  29   0.60  -1.20   5.00  0.5176
  30   0.60  -1.20   5.00  0.5168
  31   0.60  -1.20   5.00  0.5167
  32   0.60  -1.20   5.00  0.5167
  33   0.60  -1.20   5.00  0.5167
  34   0.60  -1.20   5.00  0.5167
  35   0.60  -1.20   5.00  0.5167
  36   0.60  -1.20   5.00  0.5181
  37   0.60  -1.20   5.00  0.5185
  38   0.60  -1.20   5.00  0.5185
  39   0.60  -1.20   5.00  0.5185
  40   0.60  -1.20   5.00  0.5173
  41   0.60  -1.20   5.00  0.5173
  42   0.60  -1.20   5.00  0.5167
  43   0.60  -1.20   5.03  0.5167
  44   0.60  -1.20   5.04  0.5167
  45   0.60  -1.20   5.04  0.5167
  46   0.60  -1.20   5.04  0.5182
  47   0.60  -1.20   5.04  0.5182
  48   0.60  -1.20   5.04  0.5179
  49   0.60  -1.20   5.04  0.5179
  50   0.60  -1.20   5.04  0.5185
  51   0.60  -1.20   5.04  0.5185
  52   0.60  -1.20   5.04  0.5167
  53   0.60  -1.20   5.20  0.5167
  54   0.60  -1.20   5.31  0.5194
  55   0.60  -1.20   5.31  0.5194
  56   0.60  -1.20   5.31  0.5191
  57   0.60  -1.20   5.31  0.5191
  58   0.60  -1.20   5.31  0.5179
  59   0.60  -1.20   5.31  0.5179
  60   0.60  -1.20   5.31  0.5161
  61   0.60  -1.20   5.31  0.5161
  62   0.60  -1.20   5.31  0.5179
  63   0.60  -1.20   5.42  0.5179
  64   0.60  -1.20   5.88  0.5176
  65   0.60  -1.20   5.88  0.5178
  66   0.60  -1.20   5.88  0.5185
  67   0.60  -1.20   5.88  0.5176
  68   0.60  -1.20   5.88  0.5142
  69   0.60  -1.20   5.88  0.5151
  70   0.60  -1.20   5.88  0.5185
  71   0.60  -1.20   5.88  0.5182
  72   0.60  -1.20   5.88  0.5173
  73   0.60  -1.20   5.88  0.5170
  74   0.60  -1.20   6.79  0.5167
  75   0.60  -1.20   6.79  0.5172
  76   0.60  -1.20   6.79  0.5191
  77   0.60  -1.20   6.79  0.5181
  78   0.60  -1.20   6.79  0.5167
  79   0.60  -1.20   6.79  0.5173
  80   0.60  -1.20   6.79  0.5182
  81   0.60  -1.20   6.79  0.5172
  82   0.60  -1.20   6.79  0.5157
  83   0.60  -1.20   6.79  0.5171
  84   0.60  -1.20   7.73  0.5191
  85   0.60  -1.20   7.96  0.5193
  86   0.60  -1.20   7.96  0.5197
  87   0.60  -1.20   7.96  0.5184
  88   0.60  -1.20   7.96  0.5176
  89   0.60  -1.20   7.96  0.5189
  90   0.60  -1.20   7.96  0.5197
  91   0.60  -1.20   7.96  0.5175
  92   0.60  -1.20   7.96  0.5161
  93   0.60  -1.20   7.96  0.5186
  94   0.60  -1.20   8.70  0.5203
  95   0.60  -1.20   9.20  0.5207
  96   0.60  -1.20   9.20  0.5209
  97   0.60  -1.20   9.20  0.5204
  98   0.60  -1.20   9.20  0.5200
  99   0.60  -1.20   9.20  0.5206
 100   0.60  -1.20   9.20  0.5209
 101   0.60  -1.20   9.20  0.5224
 102   0.60  -1.20   9.20  0.5234
 103   0.60  -1.20   9.20  0.5248
 104   0.60  -1.20   9.45  0.5252
 105   0.60  -1.20  10.45  0.5256
 106   0.60  -1.20  10.45  0.5258
 107   0.60  -1.20  10.45  0.5283
 108   0.60  -1.20  10.45  0.5289
 109   0.60  -1.20  10.45  0.5308
 110   0.60  -1.20  10.45  0.5313
 111   0.60  -1.20  10.45  0.5374
 112   0.60  -1.20  10.45  0.5389
 113   0.60  -1.20  10.45  0.5382
 114   0.60  -1.20  10.70  0.5380
 115   0.60  -1.20  11.69  0.5444
 116   0.60  -1.20  11.69  0.5444
 117   0.60  -1.20  11.69  0.5478
 118   0.60  -1.20  11.69  0.5478
 119   0.60  -1.20  11.69  0.5472
 120   0.60  -1.20  11.69  0.5472
 121   0.60  -1.20  11.69  0.5460
 122   0.60  -1.20  11.69  0.5460
 123   0.60  -1.20  11.69  0.5426
 124   0.60  -1.20  11.69  0.5420
 125   0.60  -1.20  12.69  0.5396
 126   0.60  -1.20  12.94  0.5396
 127   0.60  -1.20  12.94  0.5353
 128   0.60  -1.20  12.94  0.5353
 129   0.60  -1.20  12.94  0.5338
 130   0.60  -1.20  12.94  0.5338
 131   0.60  -1.20  12.94  0.5325
 132   0.60  -1.20  12.94  0.5308
 133   0.60  -1.20  12.94  0.5240
 134   0.60  -1.20  12.94  0.5237
 135   0.60  -1.20  13.69  0.5228
 136   0.60  -1.20  14.19  0.5223
 137   0.60  -1.20  14.19  0.5203
 138   0.60  -1.20  14.19  0.5204
 139   0.60  -1.20  14.19  0.5209
 140   0.60  -1.20  14.19  0.5198
 141   0.60  -1.20  14.19  0.5182
 142   0.60  -1.20  14.19  0.5184
 143   0.60  -1.20  14.19  0.5188
 144   0.60  -1.20  14.19  0.5190
 145   0.60  -1.20  14.69  0.5194
 146   0.60  -1.20  15.44  0.5203
 147   0.60  -1.20  15.44  0.5209
 148   0.60  -1.20  15.44  0.5202
 149   0.60  -1.20  15.44  0.5197
 150   0.60  -1.20  15.44  0.5195
 151   0.60  -1.20  15.44  0.5194
 152   0.60  -1.20  15.44  0.5221
 153   0.60  -1.20  15.44  0.5228
 154   0.60  -1.20  15.44  0.5211
 155   0.60  -1.20  15.94  0.5206
 156   0.60  -1.20  16.69  0.5206
 157   0.60  -1.20  16.69  0.5206
 158   0.60  -1.20  16.69  0.5209
 159   0.60  -1.20  16.69  0.5209
 160   0.60  -1.20  16.69  0.5192
 161   0.60  -1.20  16.69  0.5188
 162   0.60  -1.20  16.69  0.5190
 163   0.60  -1.20  16.69  0.5191
 164   0.60  -1.20  16.69  0.5179
 165   0.60  -1.20  16.93  0.5179
 166   0.60  -1.20  17.91  0.5179
 167   0.60  -1.20  17.91  0.5179
 168   0.60  -1.20  17.91  0.5191
 169   0.60  -1.20  17.91  0.5194
 170   0.60  -1.20  17.91  0.5199
 171   0.60  -1.20  17.91  0.5200
 172   0.60  -1.20  17.91  0.5200
 173   0.60  -1.20  17.91  0.5200
 174   0.60  -1.20  17.91  0.5208
 175   0.60  -1.20  17.91  0.5209
 176   0.60  -1.20  18.71  0.5180
 177   0.60  -1.20  18.91  0.5173
 178   0.60  -1.20  18.91  0.5200
 179   0.60  -1.20  18.91  0.5206
 180   0.60  -1.20  18.91  0.5197
 181   0.60  -1.20  18.91  0.5194
 182   0.60  -1.20  18.91  0.5187
 183   0.60  -1.20  18.91  0.5185
 184   0.60  -1.20  18.91  0.5188
 185   0.60  -1.20  18.91  0.5188
 186   0.60  -1.20  19.19  0.5215
 187   0.60  -1.20  19.60  0.5215
 188   0.60  -1.20  19.60  0.5203
 189   0.60  -1.20  19.60  0.5203
 190   0.60  -1.20  19.60  0.5179
 191   0.60  -1.20  19.60  0.5179
 192   0.60  -1.20  19.60  0.5179
 193   0.60  -1.20  19.60  0.5179
 194   0.60  -1.20  19.60  0.5197
 195   0.60  -1.20  19.60  0.5190
 196   0.60  -1.20  19.67  0.5161
 197   0.60  -1.20  19.95  0.5167
 198   0.60  -1.20  19.95  0.5191
 199   0.60  -1.20  19.95  0.5189
 200   0.60  -1.20  19.95  0.5179
 201   0.60  -1.20  19.95  0.5182
 202   0.60  -1.20  19.95  0.5194
 203   0.60  -1.20  19.95  0.5181
 204   0.60  -1.20  19.95  0.5161
 205   0.60  -1.20  19.95  0.5168
 206   0.60  -1.20  19.96  0.5179
 207   0.60  -1.20  20.00  0.5179
 208   0.60  -1.20  20.00  0.5179
 209   0.60  -1.20  20.00  0.5181
 210   0.60  -1.20  20.00  0.5185
 211   0.60  -1.20  20.00  0.5195
 212   0.60  -1.20  20.00  0.5209
 213   0.60  -1.20  20.00  0.5198
 214   0.60  -1.20  20.00  0.5182
 215   0.60  -1.20  20.00  0.5183
 216   0.60  -1.20  20.00  0.5185
 217   0.60  -1.20  20.00  0.5190
 218   0.60  -1.20  20.00  0.5197
 219   0.60  -1.20  20.00  0.5201
 220   0.60  -1.20  20.00  0.5203
 221   0.60  -1.20  20.00  0.5196
 222   0.60  -1.20  20.00  0.5191
 223   0.60  -1.20  20.00  0.5186
 224   0.60  -1.20  20.00  0.5185
 225   0.60  -1.20  20.00  0.5170
 226   0.60  -1.20  20.00  0.5167
 227   0.60  -1.20  20.00  0.5181
 228   0.60  -1.20  20.00  0.5185
 229   0.60  -1.20  20.00  0.5182
 230   0.60  -1.20  20.00  0.5182
 231   0.60  -1.20  20.00  0.5189
 232   0.60  -1.20  20.00  0.5191
 233   0.60  -1.20  20.00  0.5179
 234   0.60  -1.20  20.00  0.5179
 235   0.60  -1.20  20.00  0.5212
 236   0.60  -1.20  20.00  0.5212
 237   0.60  -1.20  20.00  0.5179
 238   0.60  -1.20  20.00  0.5187
 239   0.60  -1.20  20.00  0.5222
 240   0.60  -1.20  20.00  0.5211
 241   0.60  -1.20  20.00  0.5170
 242   0.60  -1.20  20.00  0.5173
 243   0.60  -1.20  20.00  0.5179
 244   0.60  -1.20  20.00  0.5184
 245   0.60  -1.20  20.00  0.5191
 246   0.60  -1.20  20.00  0.5190
 247   0.60  -1.20  20.00  0.5188
 248   0.60  -1.20  20.00  0.5190
 249   0.60  -1.20  20.00  0.5194
 250   0.60  -1.20  20.00  0.5183
   0   0.60  -1.20  20.00  0.5167
   1   0.60  -1.20  20.00  0.5168
   2   0.60  -1.20  20.00  0.5173
   3   0.60  -1.20  20.00  0.5161
   4   0.60  -1.20  20.00  0.5142
   5   0.60  -1.20  20.00  0.5154
   6   0.60  -1.20  20.00  0.5173
   7   0.60  -1.20  20.00  0.5178
   8   0.60  -1.20  20.00  0.5185
   9   0.60  -1.20  20.00  0.5189
  10   0.60  -1.20  20.00  0.5194
  11   0.60  -1.20  20.00  0.5195
  12   0.60  -1.20  20.00  0.5197
  13   0.60  -1.20  20.00  0.5186
  14   0.60  -1.20  20.00  0.5179
  15   0.60  -1.20  20.00  0.5172
  16   0.60  -1.20  20.00  0.5167
  17   0.60  -1.20  20.00  0.5172
  18   0.60  -1.20  20.00  0.5176
  19   0.60  -1.20  20.00  0.5170
  20   0.60  -1.20  20.00  0.5167
  21   0.60  -1.20  20.00  0.5167
  22   0.60  -1.20  20.00  0.5167
  23   0.60  -1.20  20.00  0.5181
  24   0.60  -1.20  20.00  0.5191
  25   0.60  -1.20  20.00  0.5184
  26   0.60  -1.20  20.00  0.5179
  27   0.60  -1.20  20.00  0.5173
  28   0.60  -1.20  20.00  0.5170
  29   0.60  -1.20  20.00  0.5153
  30   0.60  -1.20  20.00  0.5142
  31   0.60  -1.20  20.00  0.5165
  32   0.60  -1.20  20.00  0.5161
  33   0.60  -1.20  20.00  0.5153
  34   0.60  -1.20  20.00  0.5151
  35   0.60  -1.20  20.00  0.5183
  36   0.60  -1.20  20.00  0.5191
  37   0.60  -1.20  20.00  0.5167
  38   0.60  -1.20  20.00  0.5167
  39   0.60  -1.20  20.00  0.5176
  40   0.60  -1.20  20.00  0.5176
  41   0.60  -1.20  20.00  0.5173
  42   0.60  -1.20  20.00  0.5173
  43   0.60  -1.20  20.00  0.5182
  44   0.60  -1.20  20.00  0.5182
  45   0.60  -1.20  20.00  0.5176
  46   0.60  -1.20  20.00  0.5176
  47   0.60  -1.20  19.96  0.5197
  48   0.60  -1.20  19.96  0.5197
  49   0.60  -1.20  19.96  0.5167
  50   0.60  -1.20  19.96  0.5167
  51   0.60  -1.20  19.96  0.5191
  52   0.60  -1.20  19.96  0.5191
  53   0.60  -1.20  19.96  0.5182
  54   0.60  -1.20  19.96  0.5182
  55   0.60  -1.20  19.96  0.5191
  56   0.60  -1.20  19.96  0.5191
  57   0.60  -1.20  19.78  0.5203
  58   0.60  -1.20  19.73  0.5202
  59   0.60  -1.20  19.73  0.5197
  60   0.60  -1.20  19.73  0.5197
  61   0.60  -1.20  19.73  0.5179
  62   0.60  -1.20  19.73  0.5179
  63   0.60  -1.20  19.73  0.5179
  64   0.60  -1.20  19.73  0.5181
  65   0.60  -1.20  19.73  0.5191
  66   0.60  -1.20  19.73  0.5187
  67   0.60  -1.20  19.63  0.5173
  68   0.60  -1.20  19.19  0.5169
  69   0.60  -1.20  19.19  0.5154
  70   0.60  -1.20  19.19  0.5165
  71   0.60  -1.20  19.19  0.5206
  72   0.60  -1.20  19.19  0.5206
  73   0.60  -1.20  19.19  0.5203
  74   0.60  -1.20  19.19  0.5201
  75   0.60  -1.20  19.19  0.5191
  76   0.60  -1.20  19.19  0.5189
  77   0.60  -1.20  19.19  0.5179
  78   0.60  -1.20  18.32  0.5185
  79   0.60  -1.20  18.32  0.5209
  80   0.60  -1.20  18.32  0.5208
  81   0.60  -1.20  18.32  0.5206
  82   0.60  -1.20  18.32  0.5208
  83   0.60  -1.20  18.32  0.5209
  84   0.60  -1.20  18.32  0.5202
  85   0.60  -1.20  18.32  0.5191
  86   0.60  -1.20  18.32  0.5201
  87   0.60  -1.20  18.32  0.5215
  88   0.60  -1.20  17.40  0.5206
  89   0.60  -1.20  17.16  0.5191
  90   0.60  -1.20  17.16  0.5220
  91   0.60  -1.20  17.16  0.5240
  92   0.60  -1.20  17.16  0.5200
  93   0.60  -1.20  17.16  0.5173
  94   0.60  -1.20  17.16  0.5207
  95   0.60  -1.20  17.16  0.5215
  96   0.60  -1.20  17.16  0.5211
  97   0.60  -1.20  17.16  0.5209
  98   0.60  -1.20  16.18  0.5222
  99   0.60  -1.20  15.93  0.5225
 100   0.60  -1.20  15.93  0.5200
 101   0.60  -1.20  15.93  0.5194
 102   0.60  -1.20  15.93  0.5194
 103   0.60  -1.20  15.93  0.5194
 104   0.60  -1.20  15.93  0.5192
 105   0.60  -1.20  15.93  0.5191
 106   0.60  -1.20  15.93  0.5206
 107   0.60  -1.20  15.93  0.5206
 108   0.60  -1.20  15.43  0.5179
 109   0.60  -1.20  14.68  0.5179
 110   0.60  -1.20  14.68  0.5203
 111   0.60  -1.20  14.68  0.5203
 112   0.60  -1.20  14.68  0.5200
 113   0.60  -1.20  14.68  0.5200
 114   0.60  -1.20  14.68  0.5231
 115   0.60  -1.20  14.68  0.5231
 116   0.60  -1.20  14.68  0.5252
 117   0.60  -1.20  14.68  0.5252
 118   0.60  -1.20  14.43  0.5295
 119   0.60  -1.20  13.44  0.5306
 120   0.60  -1.20  13.44  0.5353
 121   0.60  -1.20  13.44  0.5356
 122   0.60  -1.20  13.44  0.5368
 123   0.60  -1.20  13.44  0.5369
 124   0.60  -1.20  13.44  0.5374
 125   0.60  -1.20  13.44  0.5386
 126   0.60  -1.20  13.44  0.5435
 127   0.60  -1.20  13.44  0.5443
 128   0.60  -1.20  13.44  0.5475
 129   0.60  -1.20  12.19  0.5459
 130   0.60  -1.20  12.19  0.5435
 131   0.60  -1.20  12.19  0.5433
 132   0.60  -1.20  12.19  0.5423
 133   0.60  -1.20  12.19  0.5414
 134   0.60  -1.20  12.19  0.5402
 135   0.60  -1.20  12.19  0.5396
 136   0.60  -1.20  12.19  0.5386
 137   0.60  -1.20  12.19  0.5373
 138   0.60  -1.20  12.19  0.5353
 139   0.60  -1.20  11.19  0.5345
 140   0.60  -1.20  10.94  0.5334
 141   0.60  -1.20  10.94  0.5316
 142   0.60  -1.20  10.94  0.5289
 143   0.60  -1.20  10.94  0.5281
 144   0.60  -1.20  10.94  0.5270
 145   0.60  -1.20  10.94  0.5253
 146   0.60  -1.20  10.94  0.5228
 147   0.60  -1.20  10.94  0.5230
 148   0.60  -1.20  10.94  0.5234
 149   0.60  -1.20  10.44  0.5229
 150   0.60  -1.20   9.69  0.5222
 151   0.60  -1.20   9.69  0.5203
 152   0.60  -1.20   9.69  0.5191
 153   0.60  -1.20   9.69  0.5202
 154   0.60  -1.20   9.69  0.5209
 155   0.60  -1.20   9.69  0.5198
 156   0.60  -1.20   9.69  0.5191
 157   0.60  -1.20   9.69  0.5187
 158   0.60  -1.20   9.69  0.5185
 159   0.60  -1.20   9.44  0.5197
 160   0.60  -1.20   8.44  0.5200
 161   0.60  -1.20   8.44  0.5188
 162   0.60  -1.20   8.44  0.5185
 163   0.60  -1.20   8.44  0.5161
 164   0.60  -1.20   8.44  0.5154
 165   0.60  -1.20   8.44  0.5174
 166   0.60  -1.20   8.44  0.5179
 167   0.60  -1.20   8.44  0.5174
 168   0.60  -1.20   8.44  0.5173
 169   0.60  -1.20   8.44  0.5203
 170   0.60  -1.20   7.21  0.5203
 171   0.60  -1.20   7.21  0.5191
 172   0.60  -1.20   7.21  0.5191
 173   0.60  -1.20   7.21  0.5142
 174   0.60  -1.20   7.21  0.5150
 175   0.60  -1.20   7.21  0.5179
 176   0.60  -1.20   7.21  0.5179
 177   0.60  -1.20   7.21  0.5182
 178   0.60  -1.20   7.21  0.5186
 179   0.60  -1.20   7.21  0.5200
 180   0.60  -1.20   6.38  0.5196
 181   0.60  -1.20   6.17  0.5179
 182   0.60  -1.20   6.17  0.5176
 183   0.60  -1.20   6.17  0.5167
 184   0.60  -1.20   6.17  0.5165
 185   0.60  -1.20   6.17  0.5161
 186   0.60  -1.20   6.17  0.5159
 187   0.60  -1.20   6.17  0.5154
 188   0.60  -1.20   6.17  0.5154
 189   0.60  -1.20   6.17  0.5154
 190   0.60  -1.20   5.89  0.5164
 191   0.60  -1.20   5.46  0.5203
 192   0.60  -1.20   5.46  0.5193
 193   0.60  -1.20   5.46  0.5151
 194   0.60  -1.20   5.46  0.5153
 195   0.60  -1.20   5.46  0.5161
 196   0.60  -1.20   5.46  0.5167
 197   0.60  -1.20   5.46  0.5191
 198   0.60  -1.20   5.46  0.5190
 199   0.60  -1.20   5.46  0.5188
 200   0.60  -1.20   5.38  0.5182
 201   0.60  -1.20   5.07  0.5161
 202   0.60  -1.20   5.07  0.5164
 203   0.60  -1.20   5.07  0.5179
 204   0.60  -1.20   5.07  0.5179
 205   0.60  -1.20   5.07  0.5179
 206   0.60  -1.20   5.07  0.5170
 207   0.60  -1.20   5.07  0.5157
 208   0.60  -1.20   5.07  0.5166
 209   0.60  -1.20   5.07  0.5179
 210   0.60  -1.20   5.07  0.5172
 211   0.60  -1.20   5.00  0.5161
 212   0.60  -1.20   5.00  0.5169
 213   0.60  -1.20   5.00  0.5182
 214   0.60  -1.20   5.00  0.5184
 215   0.60  -1.20   5.00  0.5185
 216   0.60  -1.20   5.00  0.5181
 217   0.60  -1.20   5.00  0.5179
 218   0.60  -1.20   5.00  0.5181
 219   0.60  -1.20   5.00  0.5182
 220   0.60  -1.20   5.00  0.5169
 221   0.60  -1.20   5.00  0.5161
 222   0.60  -1.20   5.00  0.5165
 223   0.60  -1.20   5.00  0.5167
 224   0.60  -1.20   5.00  0.5186
 225   0.60  -1.20   5.00  0.5191
 226   0.60  -1.20   5.00  0.5162
 227   0.60  -1.20   5.00  0.5154
 228   0.60  -1.20   5.00  0.5174
 229   0.60  -1.20   5.00  0.5179
 230   0.60  -1.20   5.00  0.5181
 231   0.60  -1.20   5.00  0.5182
 232   0.60  -1.20   5.00  0.5179
 233   0.60  -1.20   5.00  0.5179
 234   0.60  -1.20   5.00  0.5184
 235   0.60  -1.20   5.00  0.5185
 236   0.60  -1.20   5.00  0.5182
 237   0.60  -1.20   5.00  0.5182
 238   0.60  -1.20   5.00  0.5179
 239   0.60  -1.20   5.00  0.5179
 240   0.60  -1.20   5.00  0.5169
 241   0.60  -1.20   5.00  0.5167
 242   0.60  -1.20   5.00  0.5164
 243   0.60  -1.20   5.00  0.5164
 244   0.60  -1.20   5.00  0.5176
 245   0.60  -1.20   5.00  0.5179
 246   0.60  -1.20   5.00  0.5154
 247   0.60  -1.20   5.00  0.5148
 248   0.60  -1.20   5.00  0.5180
 249   0.60  -1.20   5.00  0.5188
 250   0.60  -1.20   5.00  0.5173
