 55.6698 18.3406    0   0.20  -4.40  35.00   0.02  4046.0   410.0
 55.6698 18.3406    1   0.20  -4.40  35.00   0.02  4054.0   426.0
 55.6698 18.3406    2   0.20  -4.40  35.00   0.02  4020.0   278.0
 55.6698 18.3406    3   0.20  -4.40  35.00   0.02  4027.0   174.0
 55.6698 18.3406    4   0.20  -4.40  35.00   0.02  4005.0    90.0
 55.6698 18.3406    5   0.20  -4.40  35.00   0.02  4031.0   -68.0
 55.6698 18.3406    6   0.20  -4.40  35.00   0.02  4001.0   -91.0
 55.6698 18.3406    7   0.20  -4.40  35.00   0.02  4008.0  -140.0
 55.6698 18.3406    8   0.20  -4.40  35.00   0.02  4005.0  -361.0
 55.6698 18.3406    9   0.20  -4.40  35.00   0.00  4006.0  -429.0
