 60.1211 16.2351    0   0.50  -1.80  35.01  1233.0  -523.0
 60.1211 16.2351    1   0.50  -1.80  35.01  1219.0  -647.0
 60.1211 16.2351    2   0.50  -1.80  35.01  1263.0  -923.0
 60.1211 16.2351    3   0.50  -1.80  35.01  1248.0  -983.0
 60.1211 16.2351    4   0.50  -1.80  35.01  1273.0 -1029.0
 60.1211 16.2351    5   0.50  -1.80  35.01  1279.0  -835.0
 60.1211 16.2351    6   0.50  -1.80  35.01  1260.0  -804.0
 60.1211 16.2351    7   0.50  -1.80  35.01  1270.0  -923.0
 60.1211 16.2351    8   0.50  -1.80  35.01  1257.0  -921.0
 60.1211 16.2351    9   0.50  -1.80  35.01  1269.0  -849.0
 60.1211 16.2351   10   0.50  -1.80  35.01  1255.0  -951.0
 60.1211 16.2351   11   0.50  -1.80  35.01  1252.0 -1118.0
 60.1211 16.2351   12   0.50  -1.80  35.01  1253.0 -1064.0
 60.1211 16.2351   13   0.50  -1.80  35.01  1258.0 -1083.0
 60.1211 16.2351   14   0.50  -1.80  35.01  1252.0 -1063.0
 60.1211 16.2351   15   0.50  -1.80  35.01  1286.0 -1037.0
 60.1211 16.2351   16   0.50  -1.80  35.01  1274.0 -1156.0
 60.1211 16.2351   17   0.50  -1.80  35.01  1263.0 -1098.0
 60.1211 16.2351   18   0.50  -1.80  35.01  1239.0  -801.0
 60.1211 16.2351   19   0.50  -1.80  35.01  1246.0  -507.0
 60.1211 16.2351   20   0.50  -1.80  35.01  1270.0  -651.0
 60.1211 16.2351   21   0.50  -1.80  35.01  1237.0  -852.0
 60.1211 16.2351   22   0.50  -1.80  35.01  1245.0 -1176.0
 60.1211 16.2351   23   0.50  -1.80  35.01  1271.0 -1236.0
 60.1211 16.2351   24   0.50  -1.80  35.01  1261.0 -1360.0
 60.1211 16.2351   25   0.50  -1.80  35.01  1292.0 -1296.0
 60.1211 16.2351   26   0.50  -1.80  35.01  1269.0  -930.0
 60.1211 16.2351   27   0.50  -1.80  35.01  1242.0  -814.0
 60.1211 16.2351   28   0.50  -1.80  35.01  1242.0  -760.0
 60.1211 16.2351   29   0.50  -1.80  35.01  1204.0  -583.0
 60.1211 16.2351   30   0.50  -1.80  35.01  1240.0  -701.0
 60.1211 16.2351   31   0.50  -1.80  35.01  1270.0  -691.0
 60.1211 16.2351   32   0.50  -1.80  35.01  1282.0  -652.0
 60.1211 16.2351   33   0.50  -1.80  35.01  1264.0  -448.0
 60.1211 16.2351   34   0.50  -1.80  35.01  1289.0  -407.0
 60.1211 16.2351   35   0.50  -1.80  35.01  1294.0  -312.0
 60.1211 16.2351   36   0.50  -1.80  35.01  1287.0  -317.0
 60.1211 16.2351   37   0.50  -1.80  35.01  1272.0  -297.0
 60.1211 16.2351   38   0.50  -1.80  35.01  1283.0  -442.0
 60.1211 16.2351   39   0.50  -1.80  35.01  1297.0  -488.0
 60.1211 16.2351   40   0.50  -1.80  35.01  1299.0  -376.0
 60.1211 16.2351   41   0.50  -1.80  35.01  1271.0  -298.0
 60.1211 16.2351   42   0.50  -1.80  35.01  1309.0  -208.0
 60.1211 16.2351   43   0.50  -1.80  35.01  1325.0   -54.0
 60.1211 16.2351   44   0.50  -1.80  35.01  1298.0   -52.0
 60.1211 16.2351   45   0.50  -1.80  35.01  1247.0  -266.0
 60.1211 16.2351   46   0.50  -1.80  35.01  1271.0  -499.0
 60.1211 16.2351   47   0.50  -1.80  35.01  1315.0  -220.0
 60.1211 16.2351   48   0.50  -1.80  35.01  1310.0   -37.0
 60.1211 16.2351   49   0.50  -1.80  35.01  1260.0  -126.0
 60.1211 16.2351   50   0.50  -1.80  35.01  1303.0   178.0
 60.1211 16.2351   51   0.50  -1.80  35.01  1327.0   467.0
 60.1211 16.2351   52   0.50  -1.80  35.01  1350.0   609.0
 60.1211 16.2351   53   0.50  -1.80  35.01  1330.0  1088.0
 60.1211 16.2351   54   0.50  -1.80  35.01  1285.0  1293.0
 60.1211 16.2351   55   0.50  -1.80  35.01  1286.0  1277.0
 60.1211 16.2351   56   0.50  -1.80  35.01  1272.0  1703.0
 60.1211 16.2351   57   0.50  -1.80  35.01  1247.0  1947.0
 60.1211 16.2351   58   0.50  -1.80  35.01  1239.0  2236.0
 60.1211 16.2351   59   0.50  -1.80  35.01  1260.0  2112.0
 60.1211 16.2351   60   0.50  -1.80  35.01  1263.0  1840.0
 60.1211 16.2351   61   0.50  -1.80  35.01  1225.0  1938.0
 60.1211 16.2351   62   0.50  -1.80  35.01  1210.0  1965.0
 60.1211 16.2351   63   0.50  -1.80  35.01  1284.0  1876.0
 60.1211 16.2351   64   0.50  -1.80  35.01  1263.0  1693.0
 60.1211 16.2351   65   0.50  -1.80  35.01  1261.0  1561.0
 60.1211 16.2351   66   0.50  -1.80  35.01  1266.0  1720.0
 60.1211 16.2351   67   0.50  -1.80  35.01  1234.0  1776.0
 60.1211 16.2351   68   0.50  -1.80  35.01  1242.0  1707.0
 60.1211 16.2351   69   0.50  -1.80  35.01  1248.0  1531.0
 60.1211 16.2351   70   0.50  -1.80  35.01  1226.0  1215.0
 60.1211 16.2351   71   0.50  -1.80  35.01  1244.0  1157.0
 60.1211 16.2351   72   0.50  -1.80  35.01  1260.0  1219.0
 60.1211 16.2351   73   0.50  -1.80  35.01  1262.0  1081.0
 60.1211 16.2351   74   0.50  -1.80  35.01  1272.0  1088.0
 60.1211 16.2351   75   0.50  -1.80  35.01  1258.0  1248.0
 60.1211 16.2351   76   0.50  -1.80  35.01  1275.0  1260.0
 60.1211 16.2351   77   0.50  -1.80  35.01  1318.0  1457.0
 60.1211 16.2351   78   0.50  -1.80  35.01  1329.0  1437.0
 60.1211 16.2351   79   0.50  -1.80  35.01  1308.0  1759.0
 60.1211 16.2351   80   0.50  -1.80  35.01  1298.0  1856.0
 60.1211 16.2351   81   0.50  -1.80  35.01  1280.0  1911.0
 60.1211 16.2351   82   0.50  -1.80  35.01  1275.0  2052.0
 60.1211 16.2351   83   0.50  -1.80  35.01  1253.0  1798.0
 60.1211 16.2351   84   0.50  -1.80  35.01  1188.0  1669.0
 60.1211 16.2351   85   0.50  -1.80  35.01  1171.0  1639.0
 60.1211 16.2351   86   0.50  -1.80  35.01  1209.0  1461.0
 60.1211 16.2351   87   0.50  -1.80  35.01  1223.0  1359.0
 60.1211 16.2351   88   0.50  -1.80  35.01  1221.0  1312.0
 60.1211 16.2351   89   0.50  -1.80  35.01  1237.0  1377.0
 60.1211 16.2351   90   0.50  -1.80  35.01  1239.0  1456.0
 60.1211 16.2351   91   0.50  -1.80  35.01  1233.0  1284.0
 60.1211 16.2351   92   0.50  -1.80  35.01  1247.0  1224.0
 60.1211 16.2351   93   0.50  -1.80  35.01  1298.0  1247.0
 60.1211 16.2351   94   0.50  -1.80  35.01  1292.0  1214.0
 60.1211 16.2351   95   0.50  -1.80  35.01  1309.0  1493.0
 60.1211 16.2351   96   0.50  -1.80  35.01  1259.0  1634.0
 60.1211 16.2351   97   0.50  -1.80  35.01  1233.0  1512.0
 60.1211 16.2351   98   0.50  -1.80  35.01  1259.0  1459.0
 60.1211 16.2351   99   0.50  -1.80  35.01  1287.0  1721.0
 60.1211 16.2351  100   0.50  -1.80  35.01  1304.0  1834.0
 60.1211 16.2351  101   0.50  -1.80  35.01  1271.0  1679.0
 60.1211 16.2351  102   0.50  -1.80  35.01  1274.0  1557.0
 60.1211 16.2351  103   0.50  -1.80  35.01  1260.0  1548.0
 60.1211 16.2351  104   0.50  -1.80  35.01  1269.0  1695.0
 60.1211 16.2351  105   0.50  -1.80  35.01  1296.0  1894.0
 60.1211 16.2351  106   0.50  -1.80  35.01  1302.0  1935.0
 60.1211 16.2351  107   0.50  -1.80  35.01  1285.0  2067.0
 60.1211 16.2351  108   0.50  -1.80  35.01  1283.0  1903.0
 60.1211 16.2351  109   0.50  -1.80  35.01  1257.0  1647.0
 60.1211 16.2351  110   0.50  -1.80  35.01  1225.0  1691.0
 60.1211 16.2351  111   0.50  -1.80  35.01  1201.0  1420.0
 60.1211 16.2351  112   0.50  -1.80  35.01  1192.0  1098.0
 60.1211 16.2351  113   0.50  -1.80  35.01  1225.0   788.0
 60.1211 16.2351  114   0.50  -1.80  35.01  1281.0   728.0
 60.1211 16.2351  115   0.50  -1.80  35.01  1289.0   909.0
 60.1211 16.2351  116   0.50  -1.80  35.01  1266.0  1004.0
 60.1211 16.2351  117   0.50  -1.80  35.01  1296.0  1105.0
 60.1211 16.2351  118   0.50  -1.80  35.01  1272.0  1082.0
 60.1211 16.2351  119   0.50  -1.80  35.01  1289.0   978.0
 60.1211 16.2351  120   0.50  -1.80  35.01  1273.0   767.0
 60.1211 16.2351  121   0.50  -1.80  35.01  1248.0   388.0
 60.1212 16.2351  122   0.50  -1.80  35.01  1278.0   286.0
 60.1213 16.2351  123   0.50  -1.80  35.01  1273.0   219.0
 60.1212 16.2351  124   0.50  -1.80  35.01  1254.0  -167.0
 60.1212 16.2351  125   0.50  -1.80  35.01  1243.0  -236.0
 60.1211 16.2351  126   0.50  -1.80  35.01  1213.0  -133.0
 60.1211 16.2351  127   0.50  -1.80  35.01  1255.0  -150.0
 60.1212 16.2351  128   0.50  -1.80  35.01  1283.0  -295.0
 60.1212 16.2351  129   0.50  -1.80  35.01  1290.0  -219.0
 60.1212 16.2351  130   0.50  -1.80  35.01  1241.0    -3.0
 60.1211 16.2351  131   0.50  -1.80  35.01  1269.0   -29.0
 60.1211 16.2351  132   0.50  -1.80  35.01  1245.0    -4.0
 60.1211 16.2351  133   0.50  -1.80  35.01  1236.0   -95.0
 60.1211 16.2351  134   0.50  -1.80  35.01  1242.0  -182.0
 60.1211 16.2351  135   0.50  -1.80  35.01  1230.0  -228.0
 60.1211 16.2351  136   0.50  -1.80  35.01  1238.0  -285.0
 60.1211 16.2351  137   0.50  -1.80  35.01  1249.0  -418.0
 60.1211 16.2351  138   0.50  -1.80  35.01  1226.0  -509.0
 60.1211 16.2351  139   0.50  -1.80  35.01  1255.0  -634.0
 60.1211 16.2351  140   0.50  -1.80  35.01  1264.0  -685.0
 60.1211 16.2351  141   0.50  -1.80  35.01  1289.0  -560.0
 60.1211 16.2351  142   0.50  -1.80  35.01  1287.0  -352.0
 60.1211 16.2351  143   0.50  -1.80  35.01  1297.0  -265.0
 60.1211 16.2351  144   0.50  -1.80  35.01  1296.0  -190.0
 60.1211 16.2351  145   0.50  -1.80  35.01  1276.0  -112.0
 60.1211 16.2351  146   0.50  -1.80  35.01  1263.0  -135.0
 60.1211 16.2351  147   0.50  -1.80  35.01  1264.0  -129.0
 60.1211 16.2351  148   0.50  -1.80  35.01  1263.0  -104.0
 60.1211 16.2351  149   0.50  -1.80  35.01  1266.0  -116.0
 60.1211 16.2351  150   0.50  -1.80  35.01  1285.0    33.0
 60.1211 16.2351  151   0.50  -1.80  35.01  1258.0    26.0
 60.1211 16.2351  152   0.50  -1.80  35.01  1269.0   -20.0
 60.1211 16.2351  153   0.50  -1.80  35.01  1272.0   167.0
 60.1211 16.2351  154   0.50  -1.80  35.01  1272.0   311.0
 60.1211 16.2351  155   0.50  -1.80  35.01  1266.0   329.0
 60.1211 16.2351  156   0.50  -1.80  35.01  1280.0   297.0
 60.1211 16.2351  157   0.50  -1.80  35.01  1269.0   236.0
 60.1211 16.2351  158   0.50  -1.80  35.01  1320.0   185.0
 60.1211 16.2351  159   0.50  -1.80  35.01  1289.0   186.0
 60.1211 16.2351  160   0.50  -1.80  35.01  1275.0   379.0
 60.1211 16.2351  161   0.50  -1.80  35.01  1271.0   577.0
 60.1211 16.2351  162   0.50  -1.80  35.01  1261.0   762.0
 60.1211 16.2351  163   0.50  -1.80  35.01  1254.0   861.0
 60.1211 16.2351  164   0.50  -1.80  35.01  1244.0   759.0
 60.1211 16.2351  165   0.50  -1.80  35.01  1250.0   590.0
 60.1211 16.2351  166   0.50  -1.80  35.01  1252.0   452.0
 60.1211 16.2351  167   0.50  -1.80  35.01  1229.0   357.0
 60.1211 16.2351  168   0.50  -1.80  35.01  1239.0   175.0
 60.1211 16.2351  169   0.50  -1.80  35.01  1244.0    64.0
 60.1211 16.2351  170   0.50  -1.80  35.01  1276.0   148.0
 60.1211 16.2351  171   0.50  -1.80  35.01  1256.0   339.0
 60.1211 16.2351  172   0.50  -1.80  35.01  1288.0   432.0
 60.1211 16.2351  173   0.50  -1.80  35.01  1288.0   460.0
 60.1211 16.2351  174   0.50  -1.80  35.01  1275.0   357.0
 60.1211 16.2351  175   0.50  -1.80  35.01  1296.0   449.0
 60.1211 16.2351  176   0.50  -1.80  35.01  1282.0   589.0
 60.1211 16.2351  177   0.50  -1.80  35.01  1256.0   509.0
 60.1212 16.2351  178   0.50  -1.80  35.01  1237.0   500.0
 60.1211 16.2351  179   0.50  -1.80  35.01  1279.0   537.0
 60.1211 16.2351  180   0.50  -1.80  35.01  1273.0   530.0
 60.1211 16.2351  181   0.50  -1.80  35.01  1297.0   466.0
 60.1211 16.2351  182   0.50  -1.80  35.01  1289.0   472.0
 60.1211 16.2351  183   0.50  -1.80  35.01  1309.0   484.0
 60.1211 16.2351  184   0.50  -1.80  35.01  1294.0   560.0
 60.1211 16.2351  185   0.50  -1.80  35.01  1330.0   455.0
 60.1211 16.2351  186   0.50  -1.80  35.01  1310.0   503.0
 60.1211 16.2351  187   0.50  -1.80  35.01  1306.0   516.0
 60.1211 16.2351  188   0.50  -1.80  35.01  1296.0   600.0
 60.1211 16.2351  189   0.50  -1.80  35.01  1263.0   769.0
 60.1211 16.2351  190   0.50  -1.80  35.01  1267.0   870.0
 60.1211 16.2351  191   0.50  -1.80  35.01  1260.0   899.0
 60.1211 16.2351  192   0.50  -1.80  35.01  1251.0   928.0
 60.1211 16.2351  193   0.50  -1.80  35.01  1237.0   915.0
 60.1211 16.2351  194   0.50  -1.80  35.01  1252.0   800.0
 60.1211 16.2351  195   0.50  -1.80  35.01  1263.0   903.0
 60.1211 16.2351  196   0.50  -1.80  35.01  1268.0   886.0
 60.1211 16.2351  197   0.50  -1.80  35.01  1249.0   687.0
 60.1211 16.2351  198   0.50  -1.80  35.01  1270.0   506.0
 60.1211 16.2351  199   0.50  -1.80  35.01  1283.0   568.0
 60.1211 16.2351  200   0.50  -1.80  35.01  1279.0   648.0
 60.1211 16.2351  201   0.50  -1.80  35.01  1273.0   795.0
 60.1211 16.2351  202   0.50  -1.80  35.01  1239.0   858.0
 60.1212 16.2351  203   0.50  -1.80  35.01  1249.0   927.0
 60.1212 16.2351  204   0.50  -1.80  35.01  1238.0  1034.0
 60.1212 16.2351  205   0.50  -1.80  35.01  1247.0  1140.0
 60.1211 16.2351  206   0.50  -1.80  35.01  1250.0  1099.0
 60.1211 16.2351  207   0.50  -1.80  35.01  1271.0  1275.0
 60.1211 16.2351  208   0.50  -1.80  35.01  1228.0  1152.0
 60.1211 16.2351  209   0.50  -1.80  35.01  1267.0   892.0
 60.1211 16.2351  210   0.50  -1.80  35.01  1258.0   772.0
 60.1211 16.2351  211   0.50  -1.80  35.01  1230.0   742.0
 60.1211 16.2351  212   0.50  -1.80  35.01  1282.0   709.0
 60.1211 16.2351  213   0.50  -1.80  35.01  1267.0   837.0
 60.1211 16.2351  214   0.50  -1.80  35.01  1268.0   801.0
 60.1211 16.2351  215   0.50  -1.80  35.01  1257.0   794.0
 60.1211 16.2351  216   0.50  -1.80  35.01  1284.0   895.0
 60.1211 16.2351  217   0.50  -1.80  35.01  1284.0   791.0
 60.1211 16.2351  218   0.50  -1.80  35.01  1279.0   727.0
 60.1211 16.2351  219   0.50  -1.80  35.01  1316.0   560.0
 60.1211 16.2351  220   0.50  -1.80  35.01  1348.0   312.0
 60.1211 16.2351  221   0.50  -1.80  35.01  1350.0   350.0
 60.1211 16.2351  222   0.50  -1.80  35.01  1350.0   660.0
 60.1211 16.2351  223   0.50  -1.80  35.01  1322.0   811.0
 60.1211 16.2351  224   0.50  -1.80  35.01  1330.0   999.0
 60.1211 16.2351  225   0.50  -1.80  35.01  1309.0  1289.0
 60.1212 16.2351  226   0.50  -1.80  35.01  1313.0  1473.0
 60.1211 16.2351  227   0.50  -1.80  35.01  1324.0  1421.0
 60.1211 16.2351  228   0.50  -1.80  35.01  1297.0  1399.0
 60.1211 16.2351  229   0.50  -1.80  35.01  1281.0  1442.0
 60.1211 16.2351  230   0.50  -1.80  35.01  1263.0  1257.0
 60.1211 16.2351  231   0.50  -1.80  35.01  1245.0  1267.0
 60.1211 16.2351  232   0.50  -1.80  35.01  1247.0  1357.0
 60.1211 16.2351  233   0.50  -1.80  35.01  1198.0  1206.0
 60.1211 16.2351  234   0.50  -1.80  35.01  1253.0  1095.0
 60.1211 16.2351  235   0.50  -1.80  35.01  1270.0   870.0
 60.1211 16.2351  236   0.50  -1.80  35.01  1237.0   784.0
 60.1211 16.2351  237   0.50  -1.80  35.01  1260.0   695.0
 60.1211 16.2351  238   0.50  -1.80  35.01  1261.0   468.0
 60.1211 16.2351  239   0.50  -1.80  35.01  1255.0   473.0
 60.1211 16.2351  240   0.50  -1.80  35.01  1261.0   484.0
 60.1211 16.2351  241   0.50  -1.80  35.01  1273.0   532.0
 60.1211 16.2351  242   0.50  -1.80  35.01  1285.0   876.0
 60.1211 16.2351  243   0.50  -1.80  35.01  1323.0  1263.0
 60.1211 16.2351  244   0.50  -1.80  35.01  1309.0  1592.0
 60.1211 16.2351  245   0.50  -1.80  35.01  1276.0  1666.0
 60.1211 16.2351  246   0.50  -1.80  35.01  1264.0  1725.0
 60.1211 16.2351  247   0.50  -1.80  35.01  1257.0  1881.0
 60.1211 16.2351  248   0.50  -1.80  35.01  1230.0  1949.0
 60.1211 16.2351  249   0.50  -1.80  35.01  1283.0  1922.0
 60.1211 16.2351  250   0.50  -1.80  35.01  1266.0  1869.0
 60.1211 16.2351  251   0.50  -1.80  35.01  1275.0  2017.0
 60.1211 16.2351  252   0.50  -1.80  35.01  1235.0  2108.0
 60.1211 16.2351  253   0.50  -1.80  35.01  1243.0  1759.0
 60.1211 16.2351  254   0.50  -1.80  35.01  1231.0  1696.0
 60.1211 16.2351  255   0.50  -1.80  35.01  1261.0  1733.0
 60.1211 16.2351  256   0.50  -1.80  35.01  1247.0  1849.0
 60.1211 16.2351  257   0.50  -1.80  35.01  1231.0  1832.0
 60.1211 16.2351  258   0.50  -1.80  35.01  1238.0  1780.0
 60.1211 16.2351  259   0.50  -1.80  35.01  1188.0  1910.0
 60.1211 16.2351  260   0.50  -1.80  35.01  1216.0  1469.0
 60.1211 16.2351  261   0.50  -1.80  35.01  1225.0  1409.0
 60.1211 16.2351  262   0.50  -1.80  35.01  1254.0  1688.0
 60.1211 16.2351  263   0.50  -1.80  35.01  1259.0  1641.0
 60.1211 16.2351  264   0.50  -1.80  35.01  1240.0  1744.0
 60.1211 16.2351  265   0.50  -1.80  35.01  1287.0  2263.0
 60.1211 16.2351  266   0.50  -1.80  35.01  1279.0  2283.0
 60.1212 16.2351  267   0.50  -1.80  35.01  1281.0  2272.0
 60.1211 16.2351  268   0.50  -1.80  35.01  1275.0  2288.0
 60.1211 16.2351  269   0.50  -1.80  35.01  1254.0  2113.0
 60.1211 16.2351  270   0.50  -1.80  35.01  1293.0  2394.0
 60.1211 16.2351  271   0.50  -1.80  35.01  1306.0  2532.0
 60.1211 16.2351  272   0.50  -1.80  35.01  1340.0  2564.0
 60.1211 16.2351  273   0.50  -1.80  35.01  1367.0  2561.0
 60.1211 16.2351  274   0.50  -1.80  35.01  1354.0  2630.0
 60.1211 16.2351  275   0.50  -1.80  35.01  1329.0  2592.0
 60.1211 16.2351  276   0.50  -1.80  35.01  1344.0  2363.0
 60.1211 16.2351  277   0.50  -1.80  35.01  1333.0  2110.0
 60.1211 16.2351  278   0.50  -1.80  35.01  1318.0  1963.0
 60.1211 16.2351  279   0.50  -1.80  35.01  1310.0  1825.0
 60.1211 16.2351  280   0.50  -1.80  35.01  1272.0  1832.0
 60.1211 16.2351  281   0.50  -1.80  35.01  1255.0  1915.0
 60.1211 16.2351  282   0.50  -1.80  35.01  1267.0  1952.0
 60.1211 16.2351  283   0.50  -1.80  35.01  1317.0  1991.0
 60.1211 16.2351  284   0.50  -1.80  35.01  1288.0  1951.0
 60.1211 16.2351  285   0.50  -1.80  35.01  1278.0  2124.0
 60.1211 16.2351  286   0.50  -1.80  35.01  1262.0  2060.0
 60.1211 16.2351  287   0.50  -1.80  35.01  1281.0  1899.0
 60.1211 16.2351  288   0.50  -1.80  35.01  1266.0  1906.0
 60.1211 16.2351  289   0.50  -1.80  35.01  1259.0  2071.0
 60.1211 16.2351  290   0.50  -1.80  35.01  1272.0  2017.0
 60.1211 16.2351  291   0.50  -1.80  35.01  1265.0  2101.0
 60.1211 16.2351  292   0.50  -1.80  35.01  1260.0  2214.0
 60.1211 16.2351  293   0.50  -1.80  35.01  1239.0  2301.0
 60.1211 16.2351  294   0.50  -1.80  35.01  1260.0  2278.0
 60.1211 16.2351  295   0.50  -1.80  35.01  1254.0  2290.0
 60.1211 16.2351  296   0.50  -1.80  35.01  1242.0  2405.0
 60.1211 16.2351  297   0.50  -1.80  35.01  1272.0  2360.0
 60.1211 16.2351  298   0.50  -1.80  35.01  1260.0  2333.0
 60.1211 16.2351  299   0.50  -1.80  35.01  1237.0  2209.0
 60.1211 16.2351  300   0.50  -1.80  35.01  1236.0  1982.0
 60.1211 16.2351  301   0.50  -1.80  35.01  1247.0  1948.0
 60.1211 16.2351  302   0.50  -1.80  35.01  1246.0  1870.0
 60.1211 16.2351  303   0.50  -1.80  35.01  1264.0  1848.0
 60.1211 16.2351  304   0.50  -1.80  35.01  1262.0  1889.0
 60.1211 16.2351  305   0.50  -1.80  35.01  1237.0  1957.0
 60.1211 16.2351  306   0.50  -1.80  35.01  1254.0  1960.0
 60.1211 16.2351  307   0.50  -1.80  35.01  1233.0  1958.0
 60.1211 16.2351  308   0.50  -1.80  35.01  1263.0  1783.0
 60.1211 16.2351  309   0.50  -1.80  35.01  1255.0  1869.0
 60.1211 16.2351  310   0.50  -1.80  35.01  1248.0  1932.0
 60.1211 16.2351  311   0.50  -1.80  35.01  1258.0  1951.0
 60.1211 16.2351  312   0.50  -1.80  35.01  1266.0  1941.0
 60.1211 16.2351  313   0.50  -1.80  35.01  1241.0  1647.0
 60.1211 16.2351  314   0.50  -1.80  35.01  1237.0  1375.0
 60.1211 16.2351  315   0.50  -1.80  35.01  1231.0  1375.0
 60.1211 16.2351  316   0.50  -1.80  35.01  1217.0  1106.0
 60.1211 16.2351  317   0.50  -1.80  35.01  1225.0   730.0
 60.1211 16.2351  318   0.50  -1.80  35.01  1237.0   665.0
 60.1211 16.2351  319   0.50  -1.80  35.01  1233.0   652.0
 60.1211 16.2351  320   0.50  -1.80  35.01  1237.0   726.0
 60.1211 16.2351  321   0.50  -1.80  35.01  1252.0   785.0
 60.1211 16.2351  322   0.50  -1.80  35.01  1276.0   921.0
 60.1211 16.2351  323   0.50  -1.80  35.01  1261.0   831.0
 60.1211 16.2351  324   0.50  -1.80  35.01  1271.0   835.0
 60.1211 16.2351  325   0.50  -1.80  35.01  1311.0   891.0
 60.1211 16.2351  326   0.50  -1.80  35.01  1299.0  1006.0
 60.1211 16.2351  327   0.50  -1.80  35.01  1281.0  1159.0
 60.1211 16.2351  328   0.50  -1.80  35.01  1287.0  1154.0
 60.1211 16.2351  329   0.50  -1.80  35.01  1283.0  1056.0
 60.1211 16.2351  330   0.50  -1.80  35.01  1334.0   881.0
 60.1211 16.2351  331   0.50  -1.80  35.01  1341.0  1054.0
 60.1211 16.2351  332   0.50  -1.80  35.01  1285.0  1166.0
 60.1211 16.2351  333   0.50  -1.80  35.01  1302.0  1320.0
 60.1211 16.2351  334   0.50  -1.80  35.01  1285.0  1354.0
 60.1211 16.2351  335   0.50  -1.80  35.01  1276.0  1481.0
 60.1211 16.2351  336   0.50  -1.80  35.01  1225.0  1666.0
 60.1211 16.2351  337   0.50  -1.80  35.01  1197.0  1469.0
 60.1211 16.2351  338   0.50  -1.80  35.01  1205.0  1137.0
 60.1211 16.2351  339   0.50  -1.80  35.01  1198.0   836.0
 60.1211 16.2351  340   0.50  -1.80  35.01  1214.0   576.0
 60.1211 16.2351  341   0.50  -1.80  35.01  1298.0   594.0
 60.1211 16.2351  342   0.50  -1.80  35.01  1297.0   639.0
 60.1211 16.2351  343   0.50  -1.80  35.01  1321.0   831.0
 60.1211 16.2351  344   0.50  -1.80  35.01  1296.0  1057.0
 60.1211 16.2351  345   0.50  -1.80  35.01  1266.0   971.0
 60.1211 16.2351  346   0.50  -1.80  35.01  1253.0   822.0
 60.1211 16.2351  347   0.50  -1.80  35.01  1296.0   605.0
 60.1211 16.2351  348   0.50  -1.80  35.01  1290.0   483.0
 60.1211 16.2351  349   0.50  -1.80  35.01  1315.0   335.0
 60.1211 16.2351  350   0.50  -1.80  35.01  1321.0   370.0
 60.1211 16.2351  351   0.50  -1.80  35.01  1267.0   535.0
 60.1211 16.2351  352   0.50  -1.80  35.01  1284.0   540.0
 60.1211 16.2351  353   0.50  -1.80  35.01  1291.0   465.0
 60.1211 16.2351  354   0.50  -1.80  35.01  1184.0   539.0
 60.1211 16.2351  355   0.50  -1.80  35.01  1170.0   547.0
 60.1211 16.2351  356   0.50  -1.80  35.01  1173.0   716.0
 60.1211 16.2351  357   0.50  -1.80  35.01  1258.0   510.0
 60.1211 16.2351  358   0.50  -1.80  35.01  1322.0   561.0
 60.1211 16.2351  359   0.50  -1.80  35.01  1246.0   769.0
 60.1211 16.2351  360   0.50  -1.80  35.01  1218.0   759.0
 60.1211 16.2351  361   0.50  -1.80  35.01  1215.0   559.0
 60.1211 16.2351  362   0.50  -1.80  35.01  1164.0   291.0
 60.1211 16.2351  363   0.50  -1.80  35.01  1233.0   453.0
 60.1211 16.2351  364   0.50  -1.80  35.01  1254.0   550.0
 60.1211 16.2351  365   0.50  -1.80  35.01  1238.0   844.0
 60.1211 16.2351  366   0.50  -1.80  35.01  1278.0  1211.0
 60.1211 16.2351  367   0.50  -1.80  35.01  1255.0  1626.0
 60.1211 16.2351  368   0.50  -1.80  35.01  1289.0  1798.0
 60.1211 16.2351  369   0.50  -1.80  35.01  1271.0  2059.0
 60.1211 16.2351  370   0.50  -1.80  35.01  1249.0  2181.0
 60.1211 16.2351  371   0.50  -1.80  35.01  1221.0  2281.0
 60.1211 16.2351  372   0.50  -1.80  35.01  1229.0  2224.0
 60.1211 16.2351  373   0.50  -1.80  35.01  1314.0  2461.0
 60.1211 16.2351  374   0.50  -1.80  35.01  1331.0  2574.0
 60.1211 16.2351  375   0.50  -1.80  35.01  1312.0  2763.0
 60.1211 16.2351  376   0.50  -1.80  35.01  1292.0  2749.0
 60.1211 16.2351  377   0.50  -1.80  35.01  1326.0  2927.0
 60.1211 16.2351  378   0.50  -1.80  35.01  1312.0  3181.0
 60.1211 16.2351  379   0.50  -1.80  35.01  1389.0  3320.0
 60.1211 16.2351  380   0.50  -1.80  35.01  1351.0  3636.0
 60.1211 16.2351  381   0.50  -1.80  35.01  1327.0  3759.0
 60.1211 16.2351  382   0.50  -1.80  35.01  1336.0  3530.0
 60.1211 16.2351  383   0.50  -1.80  35.01  1314.0  3470.0
 60.1211 16.2351  384   0.50  -1.80  35.01  1265.0  3390.0
 60.1211 16.2351  385   0.50  -1.80  35.01  1295.0  3409.0
 60.1211 16.2351  386   0.50  -1.80  35.01  1270.0  3533.0
 60.1211 16.2351  387   0.50  -1.80  35.01  1301.0  3402.0
 60.1211 16.2351  388   0.50  -1.80  35.01  1290.0  3404.0
 60.1211 16.2351  389   0.50  -1.80  35.01  1282.0  3433.0
 60.1211 16.2351  390   0.50  -1.80  35.01  1295.0  3372.0
 60.1211 16.2351  391   0.50  -1.80  35.01  1268.0  3465.0
 60.1211 16.2351  392   0.50  -1.80  35.01  1260.0  3311.0
 60.1211 16.2351  393   0.50  -1.80  35.01  1263.0  3013.0
 60.1211 16.2351  394   0.50  -1.80  35.01  1283.0  2815.0
 60.1211 16.2351  395   0.50  -1.80  35.01  1272.0  2602.0
 60.1211 16.2351  396   0.50  -1.80  35.01  1237.0  2531.0
 60.1211 16.2351  397   0.50  -1.80  35.01  1249.0  2386.0
 60.1211 16.2351  398   0.50  -1.80  35.01  1296.0  2468.0
 60.1211 16.2351  399   0.50  -1.80  35.01  1272.0  2522.0
 60.1211 16.2351  400   0.50  -1.80  35.01  1258.0  2592.0
 60.1211 16.2351  401   0.50  -1.80  35.01  1269.0  2648.0
 60.1211 16.2351  402   0.50  -1.80  35.01  1243.0  2686.0
 60.1211 16.2351  403   0.50  -1.80  35.01  1293.0  2715.0
 60.1211 16.2351  404   0.50  -1.80  35.01  1321.0  2675.0
 60.1211 16.2351  405   0.50  -1.80  35.01  1305.0  2888.0
 60.1211 16.2351  406   0.50  -1.80  35.01  1299.0  2767.0
 60.1211 16.2351  407   0.50  -1.80  35.01  1265.0  2589.0
 60.1211 16.2351  408   0.50  -1.80  35.01  1311.0  2654.0
 60.1211 16.2351  409   0.50  -1.80  35.01  1295.0  2729.0
 60.1211 16.2351  410   0.50  -1.80  35.01  1301.0  2924.0
 60.1211 16.2351  411   0.50  -1.80  35.01  1296.0  3164.0
 60.1211 16.2351  412   0.50  -1.80  35.01  1296.0  3156.0
 60.1211 16.2351  413   0.50  -1.80  35.01  1281.0  3139.0
 60.1211 16.2351  414   0.50  -1.80  35.01  1282.0  3089.0
 60.1211 16.2351  415   0.50  -1.80  35.01  1275.0  3051.0
 60.1211 16.2351  416   0.50  -1.80  35.01  1264.0  3206.0
 60.1211 16.2351  417   0.50  -1.80  35.01  1272.0  3247.0
 60.1211 16.2351  418   0.50  -1.80  35.01  1294.0  3065.0
 60.1211 16.2351  419   0.50  -1.80  35.01  1283.0  2927.0
 60.1211 16.2351  420   0.50  -1.80  35.01  1273.0  2630.0
 60.1211 16.2351  421   0.50  -1.80  35.01  1276.0  2383.0
 60.1211 16.2351  422   0.50  -1.80  35.01  1273.0  2294.0
 60.1211 16.2351  423   0.50  -1.80  35.01  1259.0  2385.0
 60.1211 16.2351  424   0.50  -1.80  35.01  1245.0  2443.0
 60.1211 16.2351  425   0.50  -1.80  35.01  1263.0  2520.0
 60.1211 16.2351  426   0.50  -1.80  35.01  1297.0  2361.0
 60.1211 16.2351  427   0.50  -1.80  35.01  1278.0  2331.0
 60.1211 16.2351  428   0.50  -1.80  35.01  1252.0  2444.0
 60.1211 16.2351  429   0.50  -1.80  35.01  1252.0  2440.0
 60.1211 16.2351  430   0.50  -1.80  35.01  1238.0  2485.0
 60.1211 16.2351  431   0.50  -1.80  35.01  1253.0  2556.0
 60.1211 16.2351  432   0.50  -1.80  35.01  1220.0  2694.0
 60.1211 16.2351  433   0.50  -1.80  35.01  1240.0  2787.0
 60.1211 16.2351  434   0.50  -1.80  35.01  1242.0  2705.0
 60.1211 16.2351  435   0.50  -1.80  35.01  1238.0  2733.0
 60.1211 16.2351  436   0.50  -1.80  35.01  1263.0  2700.0
 60.1211 16.2351  437   0.50  -1.80  35.01  1270.0  2657.0
 60.1211 16.2351  438   0.50  -1.80  35.01  1266.0  2570.0
 60.1211 16.2351  439   0.50  -1.80  35.01  1251.0  2645.0
 60.1211 16.2351  440   0.50  -1.80  35.01  1269.0  2560.0
 60.1211 16.2351  441   0.50  -1.80  35.01  1241.0  2451.0
 60.1211 16.2351  442   0.50  -1.80  35.01  1255.0  2453.0
 60.1211 16.2351  443   0.50  -1.80  35.01  1247.0  2417.0
 60.1211 16.2351  444   0.50  -1.80  35.01  1240.0  2354.0
 60.1211 16.2351  445   0.50  -1.80  35.01  1236.0  2213.0
 60.1211 16.2351  446   0.50  -1.80  35.01  1210.0  1733.0
 60.1211 16.2351  447   0.50  -1.80  35.01  1211.0  1481.0
 60.1211 16.2351  448   0.50  -1.80  35.01  1222.0  1430.0
 60.1211 16.2351  449   0.50  -1.80  35.01  1224.0  1373.0
 60.1211 16.2351  450   0.50  -1.80  35.01  1210.0  1362.0
 60.1211 16.2351  451   0.50  -1.80  35.01  1235.0  1145.0
 60.1211 16.2351  452   0.50  -1.80  35.01  1304.0  1079.0
 60.1211 16.2351  453   0.50  -1.80  35.01  1295.0  1133.0
 60.1211 16.2351  454   0.50  -1.80  35.01  1276.0  1333.0
 60.1211 16.2351  455   0.50  -1.80  35.01  1270.0  1592.0
 60.1211 16.2351  456   0.50  -1.80  35.01  1259.0  1707.0
 60.1211 16.2351  457   0.50  -1.80  35.01  1241.0  1773.0
 60.1211 16.2351  458   0.50  -1.80  35.01  1241.0  1844.0
 60.1211 16.2351  459   0.50  -1.80  35.01  1243.0  1898.0
 60.1211 16.2351  460   0.50  -1.80  35.01  1260.0  1674.0
 60.1211 16.2351  461   0.50  -1.80  35.01  1292.0  1629.0
 60.1211 16.2351  462   0.50  -1.80  35.01  1291.0  1618.0
 60.1211 16.2351  463   0.50  -1.80  35.01  1268.0  1723.0
 60.1211 16.2351  464   0.50  -1.80  35.01  1267.0  1792.0
 60.1211 16.2351  465   0.50  -1.80  35.01  1250.0  1775.0
 60.1211 16.2351  466   0.50  -1.80  35.01  1272.0  1507.0
 60.1211 16.2351  467   0.50  -1.80  35.01  1281.0  1406.0
 60.1211 16.2351  468   0.50  -1.80  35.01  1256.0  1328.0
 60.1211 16.2351  469   0.50  -1.80  35.01  1263.0  1292.0
 60.1211 16.2351  470   0.50  -1.80  35.01  1245.0  1170.0
 60.1211 16.2351  471   0.50  -1.80  35.01  1234.0  1052.0
 60.1211 16.2351  472   0.50  -1.80  35.01  1243.0  1016.0
 60.1211 16.2351  473   0.50  -1.80  35.01  1256.0   874.0
 60.1211 16.2351  474   0.50  -1.80  35.01  1275.0   920.0
 60.1211 16.2351  475   0.50  -1.80  35.01  1262.0   743.0
 60.1211 16.2351  476   0.50  -1.80  35.01  1267.0   818.0
 60.1211 16.2351  477   0.50  -1.80  35.01  1256.0  1044.0
 60.1211 16.2351  478   0.50  -1.80  35.01  1270.0  1028.0
 60.1211 16.2351  479   0.50  -1.80  35.01  1252.0  1176.0
 60.1211 16.2351  480   0.50  -1.80  35.01  1261.0  1318.0
 60.1211 16.2351  481   0.50  -1.80  35.01  1268.0  1376.0
 60.1211 16.2351  482   0.50  -1.80  35.01  1284.0  1183.0
 60.1211 16.2351  483   0.50  -1.80  35.01  1291.0  1082.0
 60.1211 16.2351  484   0.50  -1.80  35.01  1294.0  1044.0
 60.1211 16.2351  485   0.50  -1.80  35.01  1296.0  1149.0
 60.1211 16.2351  486   0.50  -1.80  35.01  1291.0  1241.0
 60.1211 16.2351  487   0.50  -1.80  35.01  1258.0  1031.0
 60.1211 16.2351  488   0.50  -1.80  35.01  1261.0   881.0
 60.1211 16.2351  489   0.50  -1.80  35.01  1264.0   693.0
 60.1211 16.2351  490   0.50  -1.80  35.01  1272.0   461.0
 60.1211 16.2351  491   0.50  -1.80  35.01  1283.0   300.0
 60.1211 16.2351  492   0.50  -1.80  35.01  1290.0   323.0
 60.1211 16.2351  493   0.50  -1.80  35.01  1276.0   211.0
 60.1211 16.2351  494   0.50  -1.80  35.01  1271.0   181.0
 60.1211 16.2351  495   0.50  -1.80  35.01  1275.0   184.0
 60.1211 16.2351  496   0.50  -1.80  35.01  1259.0   184.0
 60.1211 16.2351  497   0.50  -1.80  35.01  1279.0   190.0
 60.1211 16.2351  498   0.50  -1.80  35.01  1282.0    93.0
 60.1211 16.2351  499   0.50  -1.80  35.01  1309.0    13.0
 60.1211 16.2351  500   0.50  -1.80  35.01  1277.0   125.0
 60.1211 16.2351  501   0.50  -1.80  35.01  1262.0   371.0
 60.1211 16.2351  502   0.50  -1.80  35.01  1266.0   479.0
 60.1211 16.2351  503   0.50  -1.80  35.01  1255.0   450.0
 60.1211 16.2351  504   0.50  -1.80  35.01  1263.0   435.0
 60.1211 16.2351  505   0.50  -1.80  35.01  1244.0   244.0
 60.1211 16.2351  506   0.50  -1.80  35.01  1246.0   293.0
 60.1211 16.2351  507   0.50  -1.80  35.01  1212.0   547.0
 60.1211 16.2351  508   0.50  -1.80  35.01  1284.0   499.0
 60.1211 16.2351  509   0.50  -1.80  35.01  1304.0   615.0
 60.1211 16.2351  510   0.50  -1.80  35.01  1286.0   641.0
 60.1211 16.2351  511   0.50  -1.80  35.01  1253.0   557.0
 60.1211 16.2351  512   0.50  -1.80  35.01  1234.0   390.0
 60.1211 16.2351  513   0.50  -1.80  35.01  1242.0   546.0
 60.1211 16.2351  514   0.50  -1.80  35.01  1222.0   597.0
 60.1211 16.2351  515   0.50  -1.80  35.01  1253.0   491.0
 60.1211 16.2351  516   0.50  -1.80  35.01  1251.0   394.0
 60.1211 16.2351  517   0.50  -1.80  35.01  1247.0   390.0
 60.1211 16.2351  518   0.50  -1.80  35.01  1225.0   294.0
 60.1211 16.2351  519   0.50  -1.80  35.01  1226.0    71.0
 60.1211 16.2351  520   0.50  -1.80  35.01  1263.0   -85.0
 60.1211 16.2351  521   0.50  -1.80  35.01  1239.0   -50.0
 60.1211 16.2351  522   0.50  -1.80  35.01  1257.0  -130.0
 60.1211 16.2351  523   0.50  -1.80  35.01  1247.0  -367.0
 60.1211 16.2351  524   0.50  -1.80  35.01  1250.0  -396.0
 60.1211 16.2351  525   0.50  -1.80  35.01  1239.0  -425.0
 60.1211 16.2351  526   0.50  -1.80  35.01  1267.0  -443.0
 60.1211 16.2351  527   0.50  -1.80  35.01  1264.0  -504.0
 60.1211 16.2351  528   0.50  -1.80  35.01  1268.0  -345.0
 60.1211 16.2351  529   0.50  -1.80  35.01  1257.0  -170.0
 60.1211 16.2351  530   0.50  -1.80  35.01  1242.0  -289.0
 60.1211 16.2351  531   0.50  -1.80  35.01  1242.0  -286.0
 60.1211 16.2351  532   0.50  -1.80  35.01  1272.0  -342.0
 60.1211 16.2351  533   0.50  -1.80  35.01  1260.0  -359.0
 60.1211 16.2351  534   0.50  -1.80  35.01  1237.0  -530.0
 60.1211 16.2351  535   0.50  -1.80  35.01  1235.0  -582.0
 60.1211 16.2351  536   0.50  -1.80  35.01  1198.0  -863.0
 60.1211 16.2351  537   0.50  -1.80  35.01  1170.0  -947.0
 60.1211 16.2351  538   0.50  -1.80  35.01  1202.0 -1140.0
 60.1211 16.2351  539   0.50  -1.80  35.01  1267.0 -1148.0
 60.1211 16.2351  540   0.50  -1.80  35.01  1265.0  -810.0
 60.1211 16.2351  541   0.50  -1.80  35.01  1274.0  -399.0
 60.1211 16.2351  542   0.50  -1.80  35.01  1264.0     0.0
 60.1211 16.2351  543   0.50  -1.80  35.01  1250.0   416.0
 60.1211 16.2351  544   0.50  -1.80  35.01  1247.0   600.0
 60.1211 16.2351  545   0.50  -1.80  35.01  1222.0   615.0
 60.1211 16.2351  546   0.50  -1.80  35.01  1217.0   495.0
 60.1211 16.2351  547   0.50  -1.80  35.01  1218.0   170.0
 60.1211 16.2351  548   0.50  -1.80  35.01  1233.0     4.0
 60.1211 16.2351  549   0.50  -1.80  35.01  1242.0   240.0
 60.1211 16.2351  550   0.50  -1.80  35.01  1262.0   416.0
 60.1211 16.2351  551   0.50  -1.80  35.01  1289.0   561.0
 60.1211 16.2351  552   0.50  -1.80  35.01  1264.0   705.0
 60.1211 16.2351  553   0.50  -1.80  35.01  1244.0   599.0
 60.1211 16.2351  554   0.50  -1.80  35.01  1251.0   799.0
 60.1211 16.2351  555   0.50  -1.80  35.01  1246.0   953.0
 60.1211 16.2351  556   0.50  -1.80  35.01  1235.0   980.0
 60.1211 16.2351  557   0.50  -1.80  35.01  1211.0  1025.0
 60.1211 16.2351  558   0.50  -1.80  35.01  1260.0  1157.0
 60.1211 16.2351  559   0.50  -1.80  35.01  1265.0  1075.0
 60.1211 16.2351  560   0.50  -1.80  35.01  1231.0  1142.0
 60.1211 16.2351  561   0.50  -1.80  35.01  1271.0   997.0
 60.1211 16.2351  562   0.50  -1.80  35.01  1265.0  1169.0
 60.1211 16.2351  563   0.50  -1.80  35.01  1266.0  1425.0
 60.1211 16.2351  564   0.50  -1.80  35.01  1323.0  1444.0
 60.1211 16.2351  565   0.50  -1.80  35.01  1315.0  1680.0
 60.1211 16.2351  566   0.50  -1.80  35.01  1302.0  2010.0
 60.1211 16.2351  567   0.50  -1.80  35.01  1299.0  1998.0
 60.1211 16.2351  568   0.50  -1.80  35.01  1289.0  1821.0
 60.1211 16.2351  569   0.50  -1.80  35.01  1277.0  1684.0
 60.1211 16.2351  570   0.50  -1.80  35.01  1270.0  1568.0
 60.1211 16.2351  571   0.50  -1.80  35.01  1289.0  1654.0
 60.1211 16.2351  572   0.50  -1.80  35.01  1280.0  1792.0
 60.1211 16.2351  573   0.50  -1.80  35.01  1266.0  1582.0
 60.1211 16.2351  574   0.50  -1.80  35.01  1266.0  1550.0
 60.1211 16.2351  575   0.50  -1.80  35.01  1293.0  1763.0
 60.1211 16.2351  576   0.50  -1.80  35.01  1236.0  1776.0
 60.1211 16.2351  577   0.50  -1.80  35.01  1233.0  1770.0
 60.1211 16.2351  578   0.50  -1.80  35.01  1235.0  1908.0
 60.1211 16.2351  579   0.50  -1.80  35.01  1271.0  2080.0
 60.1211 16.2351  580   0.50  -1.80  35.01  1254.0  2231.0
 60.1211 16.2351  581   0.50  -1.80  35.01  1261.0  2190.0
 60.1211 16.2351  582   0.50  -1.80  35.01  1305.0  2087.0
 60.1211 16.2351  583   0.50  -1.80  35.01  1273.0  2073.0
 60.1211 16.2351  584   0.50  -1.80  35.01  1253.0  2060.0
 60.1211 16.2351  585   0.50  -1.80  35.01  1207.0  2223.0
 60.1211 16.2351  586   0.50  -1.80  35.01  1225.0  2412.0
 60.1211 16.2351  587   0.50  -1.80  35.01  1244.0  2345.0
 60.1211 16.2351  588   0.50  -1.80  35.01  1244.0  2601.0
 60.1211 16.2351  589   0.50  -1.80  35.01  1246.0  2608.0
 60.1211 16.2351  590   0.50  -1.80  35.01  1205.0  2711.0
 60.1211 16.2351  591   0.50  -1.80  35.01  1223.0  2554.0
 60.1211 16.2351  592   0.50  -1.80  35.01  1255.0  2603.0
 60.1211 16.2351  593   0.50  -1.80  35.01  1258.0  2786.0
 60.1211 16.2351  594   0.50  -1.80  35.01  1249.0  2916.0
 60.1211 16.2351  595   0.50  -1.80  35.01  1269.0  2801.0
 60.1211 16.2351  596   0.50  -1.80  35.01  1256.0  2998.0
 60.1211 16.2351  597   0.50  -1.80  35.01  1260.0  3062.0
 60.1211 16.2351  598   0.50  -1.80  35.01  1285.0  3050.0
 60.1211 16.2351  599   0.50  -1.80  35.01  1254.0  3207.0
 60.1211 16.2351  600   0.50  -1.80  35.01  1253.0  3208.0
 60.1211 16.2351  601   0.50  -1.80  35.01  1311.0  3013.0
 60.1211 16.2351  602   0.50  -1.80  35.01  1307.0  2945.0
 60.1211 16.2351  603   0.50  -1.80  35.01  1265.0  2797.0
 60.1211 16.2351  604   0.50  -1.80  35.01  1245.0  3154.0
 60.1211 16.2351  605   0.50  -1.80  35.01  1243.0  3230.0
 60.1211 16.2351  606   0.50  -1.80  35.01  1250.0  3316.0
 60.1211 16.2351  607   0.50  -1.80  35.01  1238.0  3415.0
 60.1211 16.2351  608   0.50  -1.80  35.01  1262.0  3358.0
 60.1211 16.2351  609   0.50  -1.80  35.01  1248.0  3145.0
 60.1211 16.2351  610   0.50  -1.80  35.01  1205.0  3002.0
 60.1211 16.2351  611   0.50  -1.80  35.01  1273.0  3019.0
 60.1211 16.2351  612   0.50  -1.80  35.01  1281.0  2955.0
 60.1211 16.2351  613   0.50  -1.80  35.01  1265.0  2876.0
 60.1211 16.2351  614   0.50  -1.80  35.01  1252.0  2817.0
 60.1211 16.2351  615   0.50  -1.80  35.01  1260.0  2641.0
 60.1211 16.2351  616   0.50  -1.80  35.01  1246.0  2328.0
 60.1211 16.2351  617   0.50  -1.80  35.01  1223.0  2327.0
 60.1211 16.2351  618   0.50  -1.80  35.01  1220.0  2321.0
 60.1211 16.2351  619   0.50  -1.80  35.01  1228.0  2360.0
 60.1211 16.2351  620   0.50  -1.80  35.01  1222.0  2414.0
 60.1211 16.2351  621   0.50  -1.80  35.01  1241.0  2207.0
 60.1211 16.2351  622   0.50  -1.80  35.01  1237.0  1947.0
 60.1211 16.2351  623   0.50  -1.80  35.01  1246.0  1710.0
 60.1211 16.2351  624   0.50  -1.80  35.01  1208.0  1584.0
 60.1211 16.2351  625   0.50  -1.80  35.01  1195.0  1596.0
 60.1211 16.2351  626   0.50  -1.80  35.01  1218.0  1531.0
 60.1211 16.2351  627   0.50  -1.80  35.01  1271.0  1307.0
 60.1211 16.2351  628   0.50  -1.80  35.01  1293.0  1314.0
 60.1211 16.2351  629   0.50  -1.80  35.01  1297.0  1646.0
 60.1211 16.2351  630   0.50  -1.80  35.01  1293.0  1777.0
 60.1211 16.2351  631   0.50  -1.80  35.01  1281.0  1882.0
 60.1211 16.2351  632   0.50  -1.80  35.01  1273.0  2002.0
 60.1211 16.2351  633   0.50  -1.80  35.01  1291.0  1898.0
 60.1211 16.2351  634   0.50  -1.80  35.01  1252.0  2108.0
 60.1211 16.2351  635   0.50  -1.80  35.01  1264.0  1960.0
 60.1211 16.2351  636   0.50  -1.80  35.01  1259.0  1816.0
 60.1211 16.2351  637   0.50  -1.80  35.01  1242.0  1847.0
 60.1211 16.2351  638   0.50  -1.80  35.01  1240.0  1815.0
 60.1211 16.2351  639   0.50  -1.80  35.01  1271.0  1431.0
 60.1211 16.2351  640   0.50  -1.80  35.01  1279.0  1284.0
 60.1211 16.2351  641   0.50  -1.80  35.01  1284.0   993.0
 60.1211 16.2351  642   0.50  -1.80  35.01  1279.0   752.0
 60.1211 16.2351  643   0.50  -1.80  35.01  1279.0   757.0
 60.1211 16.2351  644   0.50  -1.80  35.01  1312.0   800.0
 60.1211 16.2351  645   0.50  -1.80  35.01  1283.0   826.0
 60.1211 16.2351  646   0.50  -1.80  35.01  1244.0   785.0
 60.1211 16.2351  647   0.50  -1.80  35.01  1240.0   674.0
 60.1211 16.2351  648   0.50  -1.80  35.01  1238.0   613.0
 60.1211 16.2351  649   0.50  -1.80  35.01  1230.0   664.0
 60.1211 16.2351  650   0.50  -1.80  35.01  1239.0   632.0
 60.1211 16.2351  651   0.50  -1.80  35.01  1210.0   715.0
 60.1211 16.2351  652   0.50  -1.80  35.01  1254.0   606.0
 60.1211 16.2351  653   0.50  -1.80  35.01  1240.0   755.0
 60.1211 16.2351  654   0.50  -1.80  35.01  1246.0   604.0
 60.1211 16.2351  655   0.50  -1.80  35.01  1196.0   387.0
 60.1211 16.2351  656   0.50  -1.80  35.01  1210.0   462.0
 60.1211 16.2351  657   0.50  -1.80  35.01  1216.0   391.0
 60.1211 16.2351  658   0.50  -1.80  35.01  1274.0   368.0
 60.1211 16.2351  659   0.50  -1.80  35.01  1264.0   427.0
 60.1211 16.2351  660   0.50  -1.80  35.01  1232.0   497.0
 60.1211 16.2351  661   0.50  -1.80  35.01  1252.0   641.0
 60.1211 16.2351  662   0.50  -1.80  35.01  1264.0   638.0
 60.1211 16.2351  663   0.50  -1.80  35.01  1304.0   408.0
 60.1211 16.2351  664   0.50  -1.80  35.01  1343.0   199.0
 60.1211 16.2351  665   0.50  -1.80  35.01  1308.0   175.0
 60.1211 16.2351  666   0.50  -1.80  35.01  1276.0   144.0
 60.1211 16.2351  667   0.50  -1.80  35.01  1295.0   326.0
 60.1211 16.2351  668   0.50  -1.80  35.01  1297.0   511.0
 60.1211 16.2351  669   0.50  -1.80  35.01  1291.0   568.0
 60.1211 16.2351  670   0.50  -1.80  35.01  1288.0   639.0
 60.1211 16.2351  671   0.50  -1.80  35.01  1293.0   825.0
 60.1211 16.2351  672   0.50  -1.80  35.01  1273.0   829.0
 60.1211 16.2351  673   0.50  -1.80  35.01  1269.0   853.0
 60.1211 16.2351  674   0.50  -1.80  35.01  1272.0   822.0
 60.1211 16.2351  675   0.50  -1.80  35.01  1258.0   869.0
 60.1211 16.2351  676   0.50  -1.80  35.01  1241.0  1066.0
 60.1211 16.2351  677   0.50  -1.80  35.01  1252.0  1049.0
 60.1211 16.2351  678   0.50  -1.80  35.01  1241.0  1118.0
 60.1211 16.2351  679   0.50  -1.80  35.01  1265.0  1211.0
 60.1211 16.2351  680   0.50  -1.80  35.01  1261.0  1253.0
 60.1211 16.2351  681   0.50  -1.80  35.01  1271.0  1394.0
 60.1211 16.2351  682   0.50  -1.80  35.01  1284.0  1452.0
 60.1211 16.2351  683   0.50  -1.80  35.01  1277.0  1462.0
 60.1211 16.2351  684   0.50  -1.80  35.01  1289.0  1363.0
 60.1211 16.2351  685   0.50  -1.80  35.01  1269.0  1404.0
 60.1211 16.2351  686   0.50  -1.80  35.01  1245.0  1539.0
 60.1211 16.2351  687   0.50  -1.80  35.01  1278.0  1534.0
 60.1211 16.2351  688   0.50  -1.80  35.01  1294.0  1579.0
 60.1211 16.2351  689   0.50  -1.80  35.01  1279.0  1611.0
 60.1211 16.2351  690   0.50  -1.80  35.01  1269.0  1618.0
 60.1211 16.2351  691   0.50  -1.80  35.01  1262.0  1584.0
 60.1211 16.2351  692   0.50  -1.80  35.01  1234.0  1505.0
 60.1211 16.2351  693   0.50  -1.80  35.01  1237.0  1490.0
 60.1211 16.2351  694   0.50  -1.80  35.01  1237.0  1340.0
 60.1211 16.2351  695   0.50  -1.80  35.01  1229.0  1354.0
 60.1211 16.2351  696   0.50  -1.80  35.01  1256.0  1208.0
 60.1211 16.2351  697   0.50  -1.80  35.01  1237.0  1129.0
 60.1211 16.2351  698   0.50  -1.80  35.01  1275.0  1129.0
 60.1211 16.2351  699   0.50  -1.80  35.01  1278.0  1200.0
 60.1211 16.2351  700   0.50  -1.80  35.01  1290.0  1164.0
 60.1211 16.2351  701   0.50  -1.80  35.01  1296.0  1280.0
 60.1211 16.2351  702   0.50  -1.80  35.01  1279.0  1461.0
 60.1211 16.2351  703   0.50  -1.80  35.01  1270.0  1468.0
 60.1211 16.2351  704   0.50  -1.80  35.01  1273.0  1604.0
 60.1211 16.2351  705   0.50  -1.80  35.01  1258.0  1630.0
 60.1211 16.2351  706   0.50  -1.80  35.01  1241.0  1735.0
 60.1211 16.2351  707   0.50  -1.80  35.01  1262.0  1647.0
 60.1211 16.2351  708   0.50  -1.80  35.01  1256.0  1587.0
 60.1211 16.2351  709   0.50  -1.80  35.01  1292.0  1393.0
 60.1211 16.2351  710   0.50  -1.80  35.01  1296.0  1443.0
 60.1211 16.2351  711   0.50  -1.80  35.01  1269.0  1407.0
 60.1211 16.2351  712   0.50  -1.80  35.01  1240.0  1236.0
 60.1211 16.2351  713   0.50  -1.80  35.01  1276.0   963.0
 60.1211 16.2351  714   0.50  -1.80  35.01  1276.0   950.0
 60.1211 16.2351  715   0.50  -1.80  35.01  1289.0  1072.0
 60.1211 16.2351  716   0.50  -1.80  35.01  1323.0  1195.0
 60.1211 16.2351  717   0.50  -1.80  35.01  1312.0  1294.0
 60.1211 16.2351  718   0.50  -1.80  35.01  1305.0  1597.0
 60.1211 16.2351  719   0.50  -1.80  35.01  1260.0  1815.0
 60.1211 16.2351  720   0.50  -1.80  35.01  1266.0  1877.0
 60.1211 16.2351  721   0.50  -1.80  35.01  1290.0  1842.0
 60.1211 16.2351  722   0.50  -1.80  35.01  1290.0  1730.0
 60.1211 16.2351  723   0.50  -1.80  35.01  1287.0  1710.0
 60.1211 16.2351  724   0.50  -1.80  35.01  1286.0  1644.0
 60.1211 16.2351  725   0.50  -1.80  35.01  1281.0  1721.0
 60.1211 16.2351  726   0.50  -1.80  35.01  1258.0  1782.0
 60.1211 16.2351  727   0.50  -1.80  35.01  1292.0  1550.0
 60.1211 16.2351  728   0.50  -1.80  35.01  1281.0  1561.0
 60.1211 16.2351  729   0.50  -1.80  35.01  1272.0  1645.0
 60.1211 16.2351  730   0.50  -1.80  35.01  1254.0  1879.0
 60.1211 16.2351  731   0.50  -1.80  35.01  1272.0  1866.0
 60.1211 16.2351  732   0.50  -1.80  35.01  1274.0  1612.0
 60.1211 16.2351  733   0.50  -1.80  35.01  1298.0  1863.0
 60.1211 16.2351  734   0.50  -1.80  35.01  1279.0  2210.0
 60.1211 16.2351  735   0.50  -1.80  35.01  1258.0  2213.0
 60.1211 16.2351  736   0.50  -1.80  35.01  1275.0  1872.0
 60.1211 16.2351  737   0.50  -1.80  35.01  1281.0  1266.0
 60.1211 16.2351  738   0.50  -1.80  35.01  1257.0  1410.0
 60.1211 16.2351  739   0.50  -1.80  35.01  1265.0  1484.0
 60.1211 16.2351  740   0.50  -1.80  35.01  1298.0  1523.0
 60.1211 16.2351  741   0.50  -1.80  35.01  1259.0  1944.0
 60.1211 16.2351  742   0.50  -1.80  35.01  1240.0  2173.0
 60.1211 16.2351  743   0.50  -1.80  35.01  1220.0  2349.0
 60.1211 16.2351  744   0.50  -1.80  35.01  1262.0  2448.0
 60.1211 16.2351  745   0.50  -1.80  35.01  1259.0  2422.0
 60.1211 16.2351  746   0.50  -1.80  35.01  1228.0  2283.0
 60.1211 16.2351  747   0.50  -1.80  35.01  1190.0  2182.0
 60.1211 16.2351  748   0.50  -1.80  35.01  1214.0  2271.0
 60.1211 16.2351  749   0.50  -1.80  35.01  1208.0  2466.0
 60.1211 16.2351  750   0.50  -1.80  35.01  1256.0  2415.0
 60.1211 16.2351  751   0.50  -1.80  35.01  1237.0  2157.0
 60.1211 16.2351  752   0.50  -1.80  35.01  1239.0  1973.0
 60.1211 16.2351  753   0.50  -1.80  35.01  1240.0  1978.0
 60.1211 16.2351  754   0.50  -1.80  35.01  1250.0  2123.0
 60.1211 16.2351  755   0.50  -1.80  35.01  1223.0  2336.0
 60.1211 16.2351  756   0.50  -1.80  35.01  1255.0  2444.0
 60.1211 16.2351  757   0.50  -1.80  35.01  1265.0  2670.0
 60.1211 16.2351  758   0.50  -1.80  35.01  1257.0  3036.0
 60.1211 16.2351  759   0.50  -1.80  35.01  1287.0  3296.0
 60.1211 16.2351  760   0.50  -1.80  35.01  1276.0  3493.0
 60.1211 16.2351  761   0.50  -1.80  35.01  1257.0  3667.0
 60.1211 16.2351  762   0.50  -1.80  35.01  1280.0  3741.0
 60.1211 16.2351  763   0.50  -1.80  35.01  1323.0  3843.0
 60.1211 16.2351  764   0.50  -1.80  35.01  1327.0  3941.0
 60.1211 16.2351  765   0.50  -1.80  35.01  1301.0  3806.0
 60.1211 16.2351  766   0.50  -1.80  35.01  1325.0  3631.0
 60.1211 16.2351  767   0.50  -1.80  35.01  1298.0  3514.0
 60.1211 16.2351  768   0.50  -1.80  35.01  1309.0  3505.0
 60.1211 16.2351  769   0.50  -1.80  35.01  1302.0  3528.0
 60.1211 16.2351  770   0.50  -1.80  35.01  1288.0  3482.0
 60.1211 16.2351  771   0.50  -1.80  35.01  1290.0  3463.0
 60.1211 16.2351  772   0.50  -1.80  35.01  1287.0  3245.0
 60.1211 16.2351  773   0.50  -1.80  35.01  1244.0  3124.0
 60.1211 16.2351  774   0.50  -1.80  35.01  1251.0  3129.0
 60.1211 16.2351  775   0.50  -1.80  35.01  1231.0  3341.0
 60.1211 16.2351  776   0.50  -1.80  35.01  1255.0  3372.0
 60.1211 16.2351  777   0.50  -1.80  35.01  1231.0  3249.0
 60.1211 16.2351  778   0.50  -1.80  35.01  1263.0  3279.0
 60.1211 16.2351  779   0.50  -1.80  35.01  1278.0  3278.0
 60.1211 16.2351  780   0.50  -1.80  35.01  1279.0  3278.0
 60.1211 16.2351  781   0.50  -1.80  35.01  1309.0  3206.0
 60.1211 16.2351  782   0.50  -1.80  35.01  1321.0  3180.0
 60.1211 16.2351  783   0.50  -1.80  35.01  1331.0  3262.0
 60.1211 16.2351  784   0.50  -1.80  35.01  1338.0  3388.0
 60.1211 16.2351  785   0.50  -1.80  35.01  1321.0  3629.0
 60.1211 16.2351  786   0.50  -1.80  35.01  1292.0  3584.0
 60.1211 16.2351  787   0.50  -1.80  35.01  1256.0  3407.0
 60.1211 16.2351  788   0.50  -1.80  35.01  1292.0  3287.0
 60.1211 16.2351  789   0.50  -1.80  35.01  1307.0  3230.0
 60.1211 16.2351  790   0.50  -1.80  35.01  1295.0  3205.0
 60.1211 16.2351  791   0.50  -1.80  35.01  1287.0  3305.0
 60.1211 16.2351  792   0.50  -1.80  35.01  1286.0  3409.0
 60.1211 16.2351  793   0.50  -1.80  35.01  1304.0  3527.0
 60.1211 16.2351  794   0.50  -1.80  35.01  1285.0  3348.0
 60.1211 16.2351  795   0.50  -1.80  35.01  1262.0  3204.0
 60.1211 16.2351  796   0.50  -1.80  35.01  1262.0  3031.0
 60.1211 16.2351  797   0.50  -1.80  35.01  1266.0  2970.0
 60.1211 16.2351  798   0.50  -1.80  35.01  1276.0  2904.0
 60.1211 16.2351  799   0.50  -1.80  35.01  1226.0  2691.0
 60.1211 16.2351  800   0.50  -1.80  35.01  1261.0  2567.0
 60.1211 16.2351  801   0.50  -1.80  35.01  1292.0  2302.0
 60.1211 16.2351  802   0.50  -1.80  35.01  1297.0  2414.0
 60.1211 16.2351  803   0.50  -1.80  35.01  1292.0  2241.0
 60.1211 16.2351  804   0.50  -1.80  35.01  1319.0  2173.0
 60.1211 16.2351  805   0.50  -1.80  35.01  1312.0  2210.0
 60.1211 16.2351  806   0.50  -1.80  35.01  1342.0  2605.0
 60.1211 16.2351  807   0.50  -1.80  35.01  1299.0  2795.0
 60.1211 16.2351  808   0.50  -1.80  35.01  1269.0  2968.0
 60.1211 16.2351  809   0.50  -1.80  35.01  1245.0  3079.0
 60.1211 16.2351  810   0.50  -1.80  35.01  1278.0  3037.0
 60.1211 16.2351  811   0.50  -1.80  35.01  1276.0  2681.0
 60.1211 16.2351  812   0.50  -1.80  35.01  1311.0  2695.0
 60.1211 16.2351  813   0.50  -1.80  35.01  1296.0  2607.0
 60.1211 16.2351  814   0.50  -1.80  35.01  1315.0  2337.0
 60.1211 16.2351  815   0.50  -1.80  35.01  1271.0  2160.0
 60.1211 16.2351  816   0.50  -1.80  35.01  1252.0  1940.0
 60.1211 16.2351  817   0.50  -1.80  35.01  1301.0  1913.0
 60.1211 16.2351  818   0.50  -1.80  35.01  1263.0  1707.0
 60.1211 16.2351  819   0.50  -1.80  35.01  1237.0  1498.0
 60.1211 16.2351  820   0.50  -1.80  35.01  1239.0  1764.0
 60.1211 16.2351  821   0.50  -1.80  35.01  1189.0  1711.0
 60.1211 16.2351  822   0.50  -1.80  35.01  1267.0  1641.0
 60.1211 16.2351  823   0.50  -1.80  35.01  1267.0  1772.0
 60.1211 16.2351  824   0.50  -1.80  35.01  1268.0  1995.0
 60.1211 16.2351  825   0.50  -1.80  35.01  1352.0  2026.0
 60.1211 16.2351  826   0.50  -1.80  35.01  1334.0  2084.0
 60.1211 16.2351  827   0.50  -1.80  35.01  1308.0  2248.0
 60.1211 16.2351  828   0.50  -1.80  35.01  1323.0  2154.0
 60.1211 16.2351  829   0.50  -1.80  35.01  1314.0  2258.0
 60.1211 16.2351  830   0.50  -1.80  35.01  1328.0  2262.0
 60.1211 16.2351  831   0.50  -1.80  35.01  1311.0  2075.0
 60.1211 16.2351  832   0.50  -1.80  35.01  1281.0  2355.0
 60.1211 16.2351  833   0.50  -1.80  35.01  1325.0  2427.0
 60.1211 16.2351  834   0.50  -1.80  35.01  1298.0  2497.0
 60.1211 16.2351  835   0.50  -1.80  35.01  1283.0  2387.0
 60.1211 16.2351  836   0.50  -1.80  35.01  1262.0  2520.0
 60.1211 16.2351  837   0.50  -1.80  35.01  1265.0  2448.0
 60.1211 16.2351  838   0.50  -1.80  35.01  1253.0  2168.0
 60.1211 16.2351  839   0.50  -1.80  35.01  1271.0  2292.0
 60.1211 16.2351  840   0.50  -1.80  35.01  1222.0  2396.0
 60.1211 16.2351  841   0.50  -1.80  35.01  1235.0  2552.0
 60.1211 16.2351  842   0.50  -1.80  35.01  1238.0  2461.0
 60.1211 16.2351  843   0.50  -1.80  35.01  1251.0  2016.0
 60.1211 16.2351  844   0.50  -1.80  35.01  1232.0  1978.0
 60.1211 16.2351  845   0.50  -1.80  35.01  1253.0  1887.0
 60.1211 16.2351  846   0.50  -1.80  35.01  1260.0  1658.0
 60.1211 16.2351  847   0.50  -1.80  35.01  1236.0  1685.0
 60.1211 16.2351  848   0.50  -1.80  35.01  1256.0  1718.0
 60.1211 16.2351  849   0.50  -1.80  35.01  1250.0  1769.0
 60.1211 16.2351  850   0.50  -1.80  35.01  1222.0  1739.0
 60.1211 16.2351  851   0.50  -1.80  35.01  1221.0  1739.0
 60.1211 16.2351  852   0.50  -1.80  35.01  1251.0  1805.0
 60.1211 16.2351  853   0.50  -1.80  35.01  1255.0  1959.0
 60.1211 16.2351  854   0.50  -1.80  35.01  1254.0  2006.0
 60.1211 16.2351  855   0.50  -1.80  35.01  1259.0  2125.0
 60.1211 16.2351  856   0.50  -1.80  35.01  1250.0  2351.0
 60.1211 16.2351  857   0.50  -1.80  35.01  1261.0  2470.0
 60.1211 16.2351  858   0.50  -1.80  35.01  1253.0  2609.0
 60.1211 16.2351  859   0.50  -1.80  35.01  1225.0  2685.0
 60.1211 16.2351  860   0.50  -1.80  35.01  1251.0  2878.0
 60.1211 16.2351  861   0.50  -1.80  35.01  1243.0  2855.0
 60.1211 16.2351  862   0.50  -1.80  35.01  1215.0  3011.0
 60.1211 16.2351  863   0.50  -1.80  35.01  1234.0  2963.0
 60.1211 16.2351  864   0.50  -1.80  35.01  1257.0  2784.0
 60.1211 16.2351  865   0.50  -1.80  35.01  1237.0  2623.0
 60.1211 16.2351  866   0.50  -1.80  35.01  1238.0  2213.0
 60.1211 16.2351  867   0.50  -1.80  35.01  1267.0  1868.0
 60.1211 16.2351  868   0.50  -1.80  35.01  1298.0  1785.0
 60.1211 16.2351  869   0.50  -1.80  35.01  1287.0  1951.0
 60.1211 16.2351  870   0.50  -1.80  35.01  1285.0  1992.0
 60.1211 16.2351  871   0.50  -1.80  35.01  1277.0  2187.0
 60.1211 16.2351  872   0.50  -1.80  35.01  1265.0  2411.0
 60.1211 16.2351  873   0.50  -1.80  35.01  1219.0  2349.0
 60.1211 16.2351  874   0.50  -1.80  35.01  1214.0  2421.0
 60.1211 16.2351  875   0.50  -1.80  35.01  1238.0  2368.0
 60.1211 16.2351  876   0.50  -1.80  35.01  1240.0  2362.0
 60.1211 16.2351  877   0.50  -1.80  35.01  1239.0  2507.0
 60.1211 16.2351  878   0.50  -1.80  35.01  1233.0  2572.0
 60.1211 16.2351  879   0.50  -1.80  35.01  1256.0  2693.0
 60.1211 16.2351  880   0.50  -1.80  35.01  1277.0  2625.0
 60.1211 16.2351  881   0.50  -1.80  35.01  1309.0  2757.0
 60.1211 16.2351  882   0.50  -1.80  35.01  1250.0  2979.0
 60.1211 16.2351  883   0.50  -1.80  35.01  1286.0  3216.0
 60.1211 16.2351  884   0.50  -1.80  35.01  1254.0  3270.0
 60.1211 16.2351  885   0.50  -1.80  35.01  1251.0  3171.0
 60.1211 16.2351  886   0.50  -1.80  35.01  1309.0  3200.0
 60.1211 16.2351  887   0.50  -1.80  35.01  1294.0  3206.0
 60.1211 16.2351  888   0.50  -1.80  35.01  1318.0  3182.0
 60.1211 16.2351  889   0.50  -1.80  35.01  1309.0  3110.0
 60.1211 16.2351  890   0.50  -1.80  35.01  1304.0  3137.0
 60.1211 16.2351  891   0.50  -1.80  35.01  1313.0  3200.0
 60.1211 16.2351  892   0.50  -1.80  35.01  1311.0  3374.0
 60.1211 16.2351  893   0.50  -1.80  35.01  1309.0  3466.0
 60.1211 16.2351  894   0.50  -1.80  35.01  1327.0  3617.0
 60.1211 16.2352  895   0.50  -1.80  35.01  1318.0  3675.0
 60.1211 16.2351  896   0.50  -1.80  35.01  1304.0  3965.0
 60.1211 16.2351  897   0.50  -1.80  35.01  1289.0  4018.0
 60.1211 16.2351  898   0.50  -1.80  35.01  1286.0  4097.0
 60.1211 16.2351  899   0.50  -1.80  35.01  1289.0  4286.0
 60.1211 16.2351  900   0.50  -1.80  35.01  1285.0  4413.0
 60.1211 16.2351  901   0.50  -1.80  35.01  1274.0  4523.0
 60.1211 16.2351  902   0.50  -1.80  35.01  1266.0  4343.0
 60.1211 16.2351  903   0.50  -1.80  35.01  1281.0  4084.0
 60.1211 16.2351  904   0.50  -1.80  35.01  1261.0  4113.0
 60.1211 16.2351  905   0.50  -1.80  35.01  1208.0  4029.0
 60.1211 16.2351  906   0.50  -1.80  35.01  1205.0  3728.0
 60.1211 16.2351  907   0.50  -1.80  35.01  1201.0  3616.0
 60.1211 16.2351  908   0.50  -1.80  35.01  1208.0  3267.0
 60.1211 16.2351  909   0.50  -1.80  35.01  1287.0  3259.0
 60.1211 16.2351  910   0.50  -1.80  35.01  1312.0  3326.0
 60.1211 16.2351  911   0.50  -1.80  35.01  1316.0  3453.0
 60.1211 16.2351  912   0.50  -1.80  35.01  1334.0  3563.0
 60.1211 16.2351  913   0.50  -1.80  35.01  1286.0  3552.0
 60.1211 16.2351  914   0.50  -1.80  35.01  1272.0  3570.0
 60.1211 16.2351  915   0.50  -1.80  35.01  1286.0  3695.0
 60.1211 16.2351  916   0.50  -1.80  35.01  1294.0  3861.0
 60.1211 16.2351  917   0.50  -1.80  35.01  1321.0  3844.0
 60.1211 16.2351  918   0.50  -1.80  35.01  1286.0  3957.0
 60.1211 16.2351  919   0.50  -1.80  35.01  1312.0  3945.0
 60.1211 16.2351  920   0.50  -1.80  35.01  1318.0  3812.0
 60.1211 16.2351  921   0.50  -1.80  35.01  1319.0  3611.0
 60.1211 16.2351  922   0.50  -1.80  35.01  1304.0  3488.0
 60.1211 16.2351  923   0.50  -1.80  35.01  1266.0  3287.0
 60.1211 16.2351  924   0.50  -1.80  35.01  1280.0  3271.0
 60.1211 16.2351  925   0.50  -1.80  35.01  1271.0  3204.0
 60.1211 16.2351  926   0.50  -1.80  35.01  1257.0  3178.0
 60.1211 16.2351  927   0.50  -1.80  35.01  1248.0  3381.0
 60.1211 16.2351  928   0.50  -1.80  35.01  1260.0  3159.0
 60.1211 16.2351  929   0.50  -1.80  35.01  1281.0  3358.0
 60.1211 16.2351  930   0.50  -1.80  35.01  1310.0  3608.0
 60.1211 16.2351  931   0.50  -1.80  35.01  1256.0  3737.0
 60.1211 16.2351  932   0.50  -1.80  35.01  1226.0  3692.0
 60.1211 16.2351  933   0.50  -1.80  35.01  1217.0  3593.0
 60.1211 16.2351  934   0.50  -1.80  35.01  1241.0  3478.0
 60.1211 16.2351  935   0.50  -1.80  35.01  1219.0  3167.0
 60.1211 16.2351  936   0.50  -1.80  35.01  1240.0  2970.0
 60.1211 16.2351  937   0.50  -1.80  35.01  1236.0  3001.0
 60.1211 16.2351  938   0.50  -1.80  35.01  1239.0  3021.0
 60.1211 16.2351  939   0.50  -1.80  35.01  1225.0  2920.0
 60.1211 16.2351  940   0.50  -1.80  35.01  1248.0  2828.0
 60.1211 16.2351  941   0.50  -1.80  35.01  1258.0  2789.0
 60.1211 16.2351  942   0.50  -1.80  35.01  1277.0  2862.0
 60.1211 16.2351  943   0.50  -1.80  35.01  1264.0  3106.0
 60.1211 16.2351  944   0.50  -1.80  35.01  1259.0  3141.0
 60.1211 16.2351  945   0.50  -1.80  35.01  1252.0  3286.0
 60.1211 16.2351  946   0.50  -1.80  35.01  1276.0  3467.0
 60.1211 16.2351  947   0.50  -1.80  35.01  1276.0  3426.0
 60.1211 16.2351  948   0.50  -1.80  35.01  1275.0  3514.0
 60.1211 16.2351  949   0.50  -1.80  35.01  1284.0  3525.0
 60.1211 16.2351  950   0.50  -1.80  35.01  1272.0  3530.0
 60.1211 16.2351  951   0.50  -1.80  35.01  1277.0  3605.0
 60.1211 16.2351  952   0.50  -1.80  35.01  1275.0  3669.0
 60.1211 16.2351  953   0.50  -1.80  35.01  1276.0  3478.0
 60.1211 16.2351  954   0.50  -1.80  35.01  1262.0  3333.0
 60.1211 16.2351  955   0.50  -1.80  35.01  1260.0  3296.0
 60.1211 16.2351  956   0.50  -1.80  35.01  1235.0  3301.0
 60.1211 16.2351  957   0.50  -1.80  35.01  1240.0  3031.0
 60.1211 16.2351  958   0.50  -1.80  35.01  1240.0  2975.0
 60.1211 16.2351  959   0.50  -1.80  35.01  1260.0  2907.0
 60.1211 16.2351  960   0.50  -1.80  35.01  1280.0  2890.0
 60.1211 16.2351  961   0.50  -1.80  35.01  1281.0  3069.0
 60.1211 16.2351  962   0.50  -1.80  35.01  1287.0  3167.0
 60.1211 16.2351  963   0.50  -1.80  35.01  1260.0  3059.0
 60.1211 16.2351  964   0.50  -1.80  35.01  1272.0  3017.0
 60.1211 16.2351  965   0.50  -1.80  35.01  1279.0  2758.0
 60.1211 16.2351  966   0.50  -1.80  35.01  1292.0  2714.0
 60.1211 16.2351  967   0.50  -1.80  35.01  1303.0  2464.0
 60.1211 16.2351  968   0.50  -1.80  35.01  1280.0  2597.0
 60.1211 16.2351  969   0.50  -1.80  35.01  1237.0  2767.0
 60.1211 16.2351  970   0.50  -1.80  35.01  1238.0  2613.0
 60.1211 16.2351  971   0.50  -1.80  35.01  1267.0  2639.0
 60.1211 16.2351  972   0.50  -1.80  35.01  1266.0  2915.0
 60.1211 16.2351  973   0.50  -1.80  35.01  1270.0  2713.0
 60.1211 16.2351  974   0.50  -1.80  35.01  1281.0  2533.0
 60.1211 16.2351  975   0.50  -1.80  35.01  1244.0  2573.0
 60.1211 16.2351  976   0.50  -1.80  35.01  1274.0  2495.0
 60.1211 16.2351  977   0.50  -1.80  35.01  1233.0  2416.0
 60.1211 16.2351  978   0.50  -1.80  35.01  1235.0  2418.0
 60.1211 16.2351  979   0.50  -1.80  35.01  1233.0  2470.0
 60.1211 16.2351  980   0.50  -1.80  35.01  1259.0  2527.0
 60.1211 16.2351  981   0.50  -1.80  35.01  1263.0  2575.0
 60.1211 16.2351  982   0.50  -1.80  35.01  1280.0  2648.0
 60.1211 16.2351  983   0.50  -1.80  35.01  1252.0  2673.0
 60.1211 16.2351  984   0.50  -1.80  35.01  1256.0  2589.0
 60.1211 16.2351  985   0.50  -1.80  35.01  1282.0  2469.0
 60.1211 16.2351  986   0.50  -1.80  35.01  1262.0  2631.0
 60.1211 16.2351  987   0.50  -1.80  35.01  1274.0  2712.0
 60.1211 16.2351  988   0.50  -1.80  35.01  1288.0  2795.0
 60.1211 16.2351  989   0.50  -1.80  35.01  1252.0  2758.0
 60.1211 16.2351  990   0.50  -1.80  35.01  1238.0  2727.0
 60.1211 16.2351  991   0.50  -1.80  35.01  1210.0  2720.0
 60.1211 16.2351  992   0.50  -1.80  35.01  1229.0  2584.0
 60.1211 16.2351  993   0.50  -1.80  35.01  1220.0  2307.0
 60.1211 16.2351  994   0.50  -1.80  35.01  1264.0  1912.0
 60.1211 16.2351  995   0.50  -1.80  35.01  1251.0  2128.0
 60.1211 16.2351  996   0.50  -1.80  35.01  1206.0  2148.0
 60.1211 16.2351  997   0.50  -1.80  35.01  1228.0  2121.0
 60.1211 16.2351  998   0.50  -1.80  35.01  1212.0  2116.0
 60.1211 16.2351  999   0.50  -1.80  35.01  1212.0  2347.0
