 60.1213 16.2356    0   0.50  -1.80  35.01   713.0  4056.0
 60.1223 16.2363    1   0.50  -1.80  35.01   701.0  5060.0
 60.1223 16.2363    2   0.50  -1.80  35.01   677.0  4951.0
 60.1223 16.2363    3   0.50  -1.80  35.01   637.0  4516.0
 60.1223 16.2363    4   0.50  -1.80  35.01   501.0  4957.0
 60.1223 16.2363    5   0.50  -1.80  35.01   591.0  4534.0
 60.1222 16.2363    6   0.50  -1.80  35.01   636.0  4091.0
 60.1223 16.2363    7   0.50  -1.80  35.01   532.0  4169.0
 60.1223 16.2363    8   0.50  -1.80  35.01   441.0  3886.0
 60.1223 16.2363    9   0.50  -1.80  35.01   415.0  3361.0
 60.1222 16.2363   10   0.50  -1.80  35.01   471.0  3478.0
 60.1223 16.2363   11   0.50  -1.80  35.01   413.0  3660.0
 60.1223 16.2363   12   0.50  -1.80  35.01   448.0  3410.0
 60.1223 16.2363   13   0.50  -1.80  35.01   468.0  3319.0
 60.1223 16.2363   14   0.50  -1.80  35.01   422.0  3295.0
 60.1223 16.2363   15   0.50  -1.80  35.01   381.0  3528.0
 60.1223 16.2363   16   0.50  -1.80  35.01   383.0  3430.0
 60.1223 16.2363   17   0.50  -1.80  35.01   355.0  2496.0
 60.1223 16.2363   18   0.50  -1.80  35.01   423.0  2318.0
 60.1222 16.2363   19   0.50  -1.80  35.01   480.0  2704.0
 60.1223 16.2363   20   0.50  -1.80  35.01   421.0  2463.0
 60.1223 16.2363   21   0.50  -1.80  35.01   426.0  2012.0
 60.1222 16.2363   22   0.50  -1.80  35.01   397.0  1763.0
 60.1222 16.2363   23   0.50  -1.80  35.01   357.0  1305.0
 60.1223 16.2363   24   0.50  -1.80  35.01   331.0   818.0
 60.1223 16.2363   25   0.50  -1.80  35.01   312.0   789.0
 60.1223 16.2363   26   0.50  -1.80  35.01   300.0   404.0
 60.1223 16.2363   27   0.50  -1.80  35.01   297.0   320.0
 60.1223 16.2363   28   0.50  -1.80  35.01   295.0    -9.0
 60.1223 16.2363   29   0.50  -1.80  35.01   287.0  -625.0
 60.1223 16.2363   30   0.50  -1.80  35.01   304.0  -926.0
 60.1223 16.2363   31   0.50  -1.80  35.01   301.0   325.0
 60.1223 16.2363   32   0.50  -1.80  35.01   336.0  1051.0
 60.1222 16.2363   33   0.50  -1.80  35.01   343.0   906.0
 60.1223 16.2363   34   0.50  -1.80  35.01   342.0   830.0
 60.1223 16.2363   35   0.50  -1.80  35.01   321.0  1526.0
 60.1223 16.2363   36   0.50  -1.80  35.01   353.0   242.0
 60.1223 16.2363   37   0.50  -1.80  35.01   393.0    40.0
 60.1223 16.2363   38   0.50  -1.80  35.01   402.0  -580.0
 60.1222 16.2363   39   0.50  -1.80  35.01   469.0 -1347.0
 60.1223 16.2363   40   0.50  -1.80  35.01   445.0 -1516.0
 60.1223 16.2363   41   0.50  -1.80  35.01   477.0 -1649.0
 60.1223 16.2363   42   0.50  -1.80  35.01   524.0 -2172.0
 60.1223 16.2364   43   0.50  -1.80  35.01   623.0 -2384.0
 60.1223 16.2363   44   0.50  -1.80  35.01   526.0 -2372.0
 60.1222 16.2363   45   0.50  -1.80  35.01   439.0 -1776.0
 60.1223 16.2363   46   0.50  -1.80  35.01   456.0 -1804.0
 60.1223 16.2363   47   0.50  -1.80  35.01   454.0 -2018.0
 60.1222 16.2363   48   0.50  -1.80  35.01   433.0 -1308.0
 60.1223 16.2363   49   0.50  -1.80  35.01   474.0 -1392.0
 60.1223 16.2363   50   0.50  -1.80  35.01   530.0 -1727.0
 60.1223 16.2363   51   0.50  -1.80  35.01   523.0 -2017.0
 60.1223 16.2363   52   0.50  -1.80  35.01   503.0 -1745.0
 60.1223 16.2363   53   0.50  -1.80  35.01   502.0 -1142.0
 60.1223 16.2363   54   0.50  -1.80  35.01   538.0  -856.0
 60.1223 16.2363   55   0.50  -1.80  35.01   556.0  -911.0
 60.1223 16.2363   56   0.50  -1.80  35.01   600.0 -1401.0
 60.1223 16.2363   57   0.50  -1.80  35.01   690.0 -2064.0
 60.1223 16.2363   58   0.50  -1.80  35.01   687.0 -2841.0
 60.1223 16.2363   59   0.50  -1.80  35.01   681.0 -2872.0
 60.1223 16.2363   60   0.50  -1.80  35.01   676.0 -3100.0
 60.1223 16.2363   61   0.50  -1.80  35.01   621.0 -2596.0
 60.1223 16.2363   62   0.50  -1.80  35.01   657.0 -2485.0
 60.1223 16.2363   63   0.50  -1.80  35.01   622.0 -2683.0
 60.1223 16.2363   64   0.50  -1.80  35.01   657.0 -2372.0
 60.1223 16.2363   65   0.50  -1.80  35.01   665.0 -2134.0
 60.1222 16.2363   66   0.50  -1.80  35.01   689.0 -1839.0
 60.1223 16.2363   67   0.50  -1.80  35.01   681.0 -1159.0
 60.1223 16.2363   68   0.50  -1.80  35.01   779.0 -1121.0
 60.1223 16.2363   69   0.50  -1.80  35.01   885.0  -980.0
 60.1223 16.2363   70   0.50  -1.80  35.01   940.0  -950.0
 60.1223 16.2363   71   0.50  -1.80  35.01   834.0  -587.0
 60.1223 16.2363   72   0.50  -1.80  35.01   708.0   -79.0
 60.1223 16.2363   73   0.50  -1.80  35.01   652.0    23.0
 60.1223 16.2363   74   0.50  -1.80  35.01   594.0   267.0
 60.1223 16.2363   75   0.50  -1.80  35.01   631.0   621.0
 60.1223 16.2363   76   0.50  -1.80  35.01   576.0   688.0
 60.1223 16.2363   77   0.50  -1.80  35.01   581.0   622.0
 60.1223 16.2363   78   0.50  -1.80  35.01   606.0   622.0
 60.1222 16.2363   79   0.50  -1.80  35.01   534.0   542.0
 60.1223 16.2362   80   0.50  -1.80  35.01   446.0   840.0
 60.1223 16.2363   81   0.50  -1.80  35.01   348.0   526.0
 60.1222 16.2363   82   0.50  -1.80  35.01   290.0   300.0
 60.1223 16.2363   83   0.50  -1.80  35.01   299.0  1156.0
 60.1223 16.2363   84   0.50  -1.80  35.01   267.0   659.0
 60.1223 16.2363   85   0.50  -1.80  35.01   225.0  1061.0
 60.1223 16.2362   86   0.50  -1.80  35.01   282.0  1955.0
 60.1223 16.2362   87   0.50  -1.80  35.01   234.0  1288.0
 60.1223 16.2362   88   0.50  -1.80  35.01   222.0  1159.0
 60.1223 16.2362   89   0.50  -1.80  35.01   245.0  1783.0
 60.1223 16.2363   90   0.50  -1.80  35.01   262.0  2319.0
 60.1223 16.2362   91   0.50  -1.80  35.01   232.0  1864.0
 60.1223 16.2362   92   0.50  -1.80  35.01   333.0  1701.0
 60.1223 16.2363   93   0.50  -1.80  35.01   416.0  1124.0
 60.1223 16.2363   94   0.50  -1.80  35.01   394.0  1323.0
 60.1223 16.2363   95   0.50  -1.80  35.01   364.0  1798.0
 60.1223 16.2363   96   0.50  -1.80  35.01   358.0  2566.0
 60.1222 16.2363   97   0.50  -1.80  35.01   441.0  2835.0
 60.1223 16.2363   98   0.50  -1.80  35.01   315.0  2459.0
 60.1223 16.2363   99   0.50  -1.80  35.01   293.0  2806.0
 60.1223 16.2363  100   0.50  -1.80  35.01   308.0  3147.0
 60.1223 16.2362  101   0.50  -1.80  35.01   336.0  2950.0
 60.1223 16.2363  102   0.50  -1.80  35.01   371.0  3155.0
 60.1223 16.2363  103   0.50  -1.80  35.01   334.0  2990.0
 60.1223 16.2363  104   0.50  -1.80  35.01   332.0  3452.0
 60.1223 16.2363  105   0.50  -1.80  35.01   463.0  3891.0
 60.1223 16.2363  106   0.50  -1.80  35.01   534.0  4614.0
 60.1223 16.2363  107   0.50  -1.80  35.01   454.0  4865.0
 60.1222 16.2363  108   0.50  -1.80  35.01   460.0  3128.0
 60.1223 16.2363  109   0.50  -1.80  35.01   490.0  4957.0
 60.1223 16.2363  110   0.50  -1.80  35.01   450.0  4886.0
 60.1223 16.2363  111   0.50  -1.80  35.01   413.0  4524.0
 60.1223 16.2363  112   0.50  -1.80  35.01   396.0  4936.0
 60.1222 16.2363  113   0.50  -1.80  35.01   387.0  4906.0
 60.1223 16.2363  114   0.50  -1.80  35.01   474.0  5235.0
 60.1223 16.2363  115   0.50  -1.80  35.01   426.0  5122.0
 60.1223 16.2363  116   0.50  -1.80  35.01   413.0  4949.0
 60.1223 16.2363  117   0.50  -1.80  35.01   402.0  4653.0
 60.1223 16.2363  118   0.50  -1.80  35.01   449.0  4602.0
 60.1223 16.2363  119   0.50  -1.80  35.01   397.0   285.0
 60.1223 16.2363  120   0.50  -1.80  35.01   379.0 -1834.0
 60.1223 16.2363  121   0.50  -1.80  35.01   441.0 -2422.0
 60.1223 16.2363  122   0.50  -1.80  35.01   307.0  5165.0
 60.1223 16.2363  123   0.50  -1.80  35.01   313.0  4661.0
 60.1222 16.2363  124   0.50  -1.80  35.01   392.0  4357.0
 60.1223 16.2363  125   0.50  -1.80  35.01   445.0  3864.0
 60.1223 16.2363  126   0.50  -1.80  35.01   531.0  3060.0
 60.1223 16.2363  127   0.50  -1.80  35.01   547.0  3371.0
 60.1223 16.2363  128   0.50  -1.80  35.01   591.0  3431.0
 60.1223 16.2363  129   0.50  -1.80  35.01   491.0  3963.0
 60.1223 16.2363  130   0.50  -1.80  35.01   507.0  4774.0
 60.1223 16.2363  131   0.50  -1.80  35.01   508.0  4997.0
 60.1223 16.2363  132   0.50  -1.80  35.01   482.0  4582.0
 60.1223 16.2363  133   0.50  -1.80  35.01   597.0  5110.0
 60.1223 16.2363  134   0.50  -1.80  35.01   603.0  5306.0
 60.1223 16.2363  135   0.50  -1.80  35.01   552.0  5332.0
 60.1223 16.2363  136   0.50  -1.80  35.01   553.0  5191.0
 60.1223 16.2363  137   0.50  -1.80  35.01   482.0  5107.0
 60.1223 16.2363  138   0.50  -1.80  35.01   541.0  4462.0
 60.1223 16.2363  139   0.50  -1.80  35.01   510.0  5338.0
 60.1223 16.2363  140   0.50  -1.80  35.01   498.0  5104.0
 60.1223 16.2363  141   0.50  -1.80  35.01   534.0  4787.0
 60.1223 16.2363  142   0.50  -1.80  35.01   420.0  4306.0
 60.1223 16.2363  143   0.50  -1.80  35.01   421.0  4059.0
 60.1223 16.2363  144   0.50  -1.80  35.01   527.0  4288.0
 60.1223 16.2363  145   0.50  -1.80  35.01   607.0  4499.0
 60.1223 16.2363  146   0.50  -1.80  35.01   700.0  4199.0
 60.1223 16.2363  147   0.50  -1.80  35.01   629.0  3941.0
 60.1223 16.2363  148   0.50  -1.80  35.01   638.0  3444.0
 60.1223 16.2363  149   0.50  -1.80  35.01   638.0  3508.0
 60.1223 16.2363  150   0.50  -1.80  35.01   602.0  3085.0
 60.1223 16.2363  151   0.50  -1.80  35.01   695.0  2999.0
 60.1223 16.2363  152   0.50  -1.80  35.01   834.0  2906.0
 60.1223 16.2363  153   0.50  -1.80  35.01   715.0  3016.0
 60.1223 16.2363  154   0.50  -1.80  35.01   585.0  3561.0
 60.1223 16.2363  155   0.50  -1.80  35.01   602.0  3773.0
 60.1223 16.2363  156   0.50  -1.80  35.01   579.0  4075.0
 60.1223 16.2363  157   0.50  -1.80  35.01   702.0  3880.0
 60.1223 16.2363  158   0.50  -1.80  35.01   671.0  3666.0
 60.1223 16.2363  159   0.50  -1.80  35.01   734.0  3609.0
 60.1223 16.2363  160   0.50  -1.80  35.01   845.0  4184.0
 60.1223 16.2363  161   0.50  -1.80  35.01   839.0  4075.0
 60.1223 16.2363  162   0.50  -1.80  35.01   802.0  4442.0
 60.1223 16.2363  163   0.50  -1.80  35.01   895.0  4960.0
 60.1223 16.2363  164   0.50  -1.80  35.01   771.0  4729.0
 60.1223 16.2363  165   0.50  -1.80  35.01   665.0  4499.0
 60.1223 16.2363  166   0.50  -1.80  35.01   697.0  5004.0
 60.1223 16.2363  167   0.50  -1.80  35.01   712.0  5043.0
 60.1223 16.2363  168   0.50  -1.80  35.01   707.0  4946.0
 60.1223 16.2363  169   0.50  -1.80  35.01   647.0  5307.0
 60.1223 16.2363  170   0.50  -1.80  35.01   625.0  2976.0
 60.1223 16.2363  171   0.50  -1.80  35.01   677.0 -1868.0
 60.1223 16.2363  172   0.50  -1.80  35.01   705.0   286.0
 60.1223 16.2363  173   0.50  -1.80  35.01   678.0  1569.0
 60.1223 16.2363  174   0.50  -1.80  35.01   681.0  3331.0
 60.1223 16.2363  175   0.50  -1.80  35.01   582.0 -4064.0
 60.1223 16.2363  176   0.50  -1.80  35.01   497.0 -4918.0
 60.1223 16.2363  177   0.50  -1.80  35.01   503.0 -4826.0
 60.1223 16.2363  178   0.50  -1.80  35.01   655.0 -4780.0
 60.1223 16.2363  179   0.50  -1.80  35.01   726.0 -5224.0
 60.1222 16.2363  180   0.50  -1.80  35.01   775.0 -5122.0
 60.1223 16.2363  181   0.50  -1.80  35.01   838.0  -194.0
 60.1223 16.2363  182   0.50  -1.80  35.01   759.0  4825.0
 60.1223 16.2363  183   0.50  -1.80  35.01   729.0  4687.0
 60.1223 16.2363  184   0.50  -1.80  35.01   697.0  4344.0
 60.1223 16.2363  185   0.50  -1.80  35.01   643.0  3603.0
 60.1223 16.2363  186   0.50  -1.80  35.01   722.0  3519.0
 60.1223 16.2363  187   0.50  -1.80  35.01   707.0  3959.0
 60.1223 16.2363  188   0.50  -1.80  35.01   688.0  4331.0
 60.1223 16.2363  189   0.50  -1.80  35.01   648.0  3991.0
 60.1223 16.2363  190   0.50  -1.80  35.01   696.0  4010.0
 60.1223 16.2363  191   0.50  -1.80  35.01   711.0  4236.0
 60.1223 16.2363  192   0.50  -1.80  35.01   686.0  4582.0
 60.1222 16.2363  193   0.50  -1.80  35.01   625.0  4161.0
 60.1223 16.2363  194   0.50  -1.80  35.01   609.0  3940.0
 60.1223 16.2363  195   0.50  -1.80  35.01   585.0  3437.0
 60.1223 16.2363  196   0.50  -1.80  35.01   638.0  3493.0
 60.1223 16.2363  197   0.50  -1.80  35.01   654.0  3157.0
 60.1223 16.2363  198   0.50  -1.80  35.01   653.0  3492.0
 60.1223 16.2363  199   0.50  -1.80  35.01   628.0  3366.0
 60.1223 16.2363  200   0.50  -1.80  35.01   699.0  3642.0
 60.1223 16.2363  201   0.50  -1.80  35.01   667.0  3441.0
 60.1223 16.2363  202   0.50  -1.80  35.01   663.0  3665.0
 60.1223 16.2363  203   0.50  -1.80  35.01   685.0  4018.0
 60.1223 16.2363  204   0.50  -1.80  35.01   753.0  3729.0
 60.1223 16.2363  205   0.50  -1.80  35.01   822.0  3943.0
 60.1223 16.2363  206   0.50  -1.80  35.01   791.0  3649.0
 60.1223 16.2363  207   0.50  -1.80  35.01   758.0  4126.0
 60.1223 16.2363  208   0.50  -1.80  35.01   752.0  4159.0
 60.1223 16.2363  209   0.50  -1.80  35.01   762.0  4259.0
 60.1223 16.2363  210   0.50  -1.80  35.01   801.0  4197.0
 60.1222 16.2363  211   0.50  -1.80  35.01   839.0  3985.0
 60.1223 16.2363  212   0.50  -1.80  35.01   810.0  3471.0
 60.1223 16.2363  213   0.50  -1.80  35.01   824.0  3282.0
 60.1223 16.2363  214   0.50  -1.80  35.01   873.0  2879.0
 60.1223 16.2363  215   0.50  -1.80  35.01   874.0  2682.0
 60.1223 16.2363  216   0.50  -1.80  35.01   878.0  2874.0
 60.1223 16.2363  217   0.50  -1.80  35.01   933.0  3141.0
 60.1223 16.2363  218   0.50  -1.80  35.01   971.0  3214.0
 60.1223 16.2363  219   0.50  -1.80  35.01   941.0  3287.0
 60.1223 16.2363  220   0.50  -1.80  35.01   941.0  3080.0
 60.1223 16.2363  221   0.50  -1.80  35.01   918.0  3269.0
 60.1223 16.2363  222   0.50  -1.80  35.01   943.0  3272.0
 60.1223 16.2363  223   0.50  -1.80  35.01  1007.0  3085.0
 60.1223 16.2363  224   0.50  -1.80  35.01  1051.0  3104.0
 60.1223 16.2363  225   0.50  -1.80  35.01  1033.0  3577.0
 60.1223 16.2363  226   0.50  -1.80  35.01  1086.0  3664.0
 60.1223 16.2363  227   0.50  -1.80  35.01  1111.0  3916.0
 60.1223 16.2363  228   0.50  -1.80  35.01  1090.0  3764.0
 60.1222 16.2363  229   0.50  -1.80  35.01  1121.0  3528.0
 60.1223 16.2363  230   0.50  -1.80  35.01  1124.0  3188.0
 60.1223 16.2363  231   0.50  -1.80  35.01  1157.0  3070.0
 60.1222 16.2363  232   0.50  -1.80  35.01  1178.0  2926.0
 60.1223 16.2363  233   0.50  -1.80  35.01  1212.0  2874.0
 60.1223 16.2363  234   0.50  -1.80  35.01  1171.0  2416.0
 60.1223 16.2363  235   0.50  -1.80  35.01  1146.0  2336.0
 60.1223 16.2363  236   0.50  -1.80  35.01  1169.0  2617.0
 60.1223 16.2363  237   0.50  -1.80  35.01  1213.0  2547.0
 60.1223 16.2363  238   0.50  -1.80  35.01  1217.0  2768.0
 60.1223 16.2363  239   0.50  -1.80  35.01  1242.0  2544.0
 60.1223 16.2363  240   0.50  -1.80  35.01  1249.0  2159.0
 60.1223 16.2363  241   0.50  -1.80  35.01  1198.0  2176.0
 60.1223 16.2363  242   0.50  -1.80  35.01  1221.0  2095.0
 60.1225 16.2363  243   0.50  -1.80  35.01  1085.0  2226.0
 60.1226 16.2363  244   0.50  -1.80  35.01   993.0  2493.0
 60.1226 16.2363  245   0.50  -1.80  35.01  1125.0  2054.0
 60.1226 16.2363  246   0.50  -1.80  35.01  1184.0  2568.0
 60.1226 16.2363  247   0.50  -1.80  35.01  1235.0  2420.0
 60.1226 16.2363  248   0.50  -1.80  35.01  1149.0  2377.0
 60.1226 16.2363  249   0.50  -1.80  35.01  1165.0  2179.0
 60.1226 16.2363  250   0.50  -1.80  35.01  1151.0  2146.0
 60.1226 16.2363  251   0.50  -1.80  35.01  1195.0  2520.0
 60.1226 16.2363  252   0.50  -1.80  35.01  1178.0  2434.0
 60.1226 16.2363  253   0.50  -1.80  35.01  1183.0  2662.0
 60.1226 16.2363  254   0.50  -1.80  35.01  1209.0  2702.0
 60.1226 16.2363  255   0.50  -1.80  35.01  1227.0  2828.0
 60.1226 16.2363  256   0.50  -1.80  35.01  1172.0  2730.0
 60.1226 16.2363  257   0.50  -1.80  35.01  1203.0  2929.0
 60.1226 16.2363  258   0.50  -1.80  35.01  1097.0  3174.0
 60.1226 16.2363  259   0.50  -1.80  35.01  1118.0  3274.0
 60.1226 16.2363  260   0.50  -1.80  35.01  1157.0  3277.0
 60.1227 16.2363  261   0.50  -1.80  35.01  1127.0  3532.0
 60.1228 16.2363  262   0.50  -1.80  35.01  1144.0  3494.0
 60.1227 16.2363  263   0.50  -1.80  35.01  1128.0  3190.0
 60.1227 16.2363  264   0.50  -1.80  35.01  1191.0  3386.0
 60.1226 16.2363  265   0.50  -1.80  35.01  1292.0  3044.0
 60.1226 16.2363  266   0.50  -1.80  35.01  1293.0  3260.0
 60.1226 16.2363  267   0.50  -1.80  35.01  1274.0  3181.0
 60.1226 16.2363  268   0.50  -1.80  35.01  1257.0  2957.0
 60.1228 16.2363  269   0.50  -1.80  35.01  1222.0  3279.0
 60.1227 16.2363  270   0.50  -1.80  35.01  1286.0  3565.0
 60.1227 16.2363  271   0.50  -1.80  35.01  1301.0  3426.0
 60.1227 16.2363  272   0.50  -1.80  35.01  1342.0  2884.0
 60.1227 16.2363  273   0.50  -1.80  35.01  1337.0  2330.0
 60.1227 16.2363  274   0.50  -1.80  35.01  1371.0  1973.0
 60.1228 16.2363  275   0.50  -1.80  35.01  1426.0  1896.0
 60.1228 16.2363  276   0.50  -1.80  35.01  1470.0  1712.0
 60.1227 16.2363  277   0.50  -1.80  35.01  1521.0  1797.0
 60.1227 16.2363  278   0.50  -1.80  35.01  1565.0  2002.0
 60.1227 16.2363  279   0.50  -1.80  35.01  1564.0  2397.0
 60.1227 16.2363  280   0.50  -1.80  35.01  1592.0  2744.0
 60.1227 16.2363  281   0.50  -1.80  35.01  1666.0  2411.0
 60.1227 16.2363  282   0.50  -1.80  35.01  1684.0  2354.0
 60.1227 16.2363  283   0.50  -1.80  35.01  1708.0  2557.0
 60.1227 16.2363  284   0.50  -1.80  35.01  1742.0  3134.0
 60.1227 16.2363  285   0.50  -1.80  35.01  1774.0  3517.0
 60.1227 16.2363  286   0.50  -1.80  35.01  1833.0  3390.0
 60.1227 16.2363  287   0.50  -1.80  35.01  1871.0  2999.0
 60.1227 16.2363  288   0.50  -1.80  35.01  1881.0  2637.0
 60.1227 16.2363  289   0.50  -1.80  35.01  1920.0  2526.0
 60.1227 16.2363  290   0.50  -1.80  35.01  1912.0  2584.0
 60.1227 16.2363  291   0.50  -1.80  35.01  1953.0  2461.0
 60.1228 16.2363  292   0.50  -1.80  35.01  1956.0  2105.0
 60.1227 16.2363  293   0.50  -1.80  35.01  2005.0  2359.0
 60.1228 16.2363  294   0.50  -1.80  35.01  2055.0  2727.0
 60.1228 16.2363  295   0.50  -1.80  35.01  1989.0  2590.0
 60.1227 16.2363  296   0.50  -1.80  35.01  1934.0  2401.0
 60.1227 16.2363  297   0.50  -1.80  35.01  1912.0  2270.0
 60.1227 16.2363  298   0.50  -1.80  35.01  1972.0  2148.0
 60.1227 16.2363  299   0.50  -1.80  35.01  2065.0  1993.0
 60.1227 16.2363  300   0.50  -1.80  35.01  2163.0  2547.0
 60.1228 16.2363  301   0.50  -1.80  35.01  2135.0  2799.0
 60.1227 16.2363  302   0.50  -1.80  35.01  2129.0  2738.0
 60.1227 16.2363  303   0.50  -1.80  35.01  2128.0  2254.0
 60.1227 16.2362  304   0.50  -1.80  35.01  2178.0  2659.0
 60.1227 16.2363  305   0.50  -1.80  35.01  2223.0  3168.0
 60.1227 16.2363  306   0.50  -1.80  35.01  2207.0  2658.0
 60.1226 16.2363  307   0.50  -1.80  35.01  2243.0  2203.0
 60.1226 16.2363  308   0.50  -1.80  35.01  2248.0  2517.0
 60.1227 16.2363  309   0.50  -1.80  35.01  2251.0  2988.0
 60.1227 16.2363  310   0.50  -1.80  35.01  2307.0  2959.0
 60.1227 16.2363  311   0.50  -1.80  35.01  2267.0  3053.0
 60.1227 16.2363  312   0.50  -1.80  35.01  2273.0  3298.0
 60.1227 16.2363  313   0.50  -1.80  35.01  2309.0  2814.0
 60.1227 16.2363  314   0.50  -1.80  35.01  2316.0  2511.0
 60.1227 16.2363  315   0.50  -1.80  35.01  2380.0  2302.0
 60.1227 16.2363  316   0.50  -1.80  35.01  2360.0  2385.0
 60.1227 16.2363  317   0.50  -1.80  35.01  2385.0  2371.0
 60.1226 16.2363  318   0.50  -1.80  35.01  2395.0  2905.0
 60.1226 16.2363  319   0.50  -1.80  35.01  2404.0  2756.0
 60.1226 16.2363  320   0.50  -1.80  35.01  2399.0  2853.0
 60.1227 16.2363  321   0.50  -1.80  35.01  2338.0  2906.0
 60.1227 16.2363  322   0.50  -1.80  35.01  2328.0  3158.0
 60.1226 16.2363  323   0.50  -1.80  35.01  2271.0  3178.0
 60.1227 16.2363  324   0.50  -1.80  35.01  2365.0  3024.0
 60.1226 16.2363  325   0.50  -1.80  35.01  2406.0  2870.0
 60.1226 16.2363  326   0.50  -1.80  35.01  2437.0  2616.0
 60.1226 16.2363  327   0.50  -1.80  35.01  2445.0  2327.0
 60.1226 16.2363  328   0.50  -1.80  35.01  2433.0  2325.0
 60.1226 16.2363  329   0.50  -1.80  35.01  2424.0  2448.0
 60.1226 16.2363  330   0.50  -1.80  35.01  2430.0  2455.0
 60.1226 16.2363  331   0.50  -1.80  35.01  2416.0  2427.0
 60.1226 16.2362  332   0.50  -1.80  35.01  2463.0  2603.0
 60.1226 16.2363  333   0.50  -1.80  35.01  2433.0  2678.0
 60.1226 16.2363  334   0.50  -1.80  35.01  2404.0  2992.0
 60.1226 16.2363  335   0.50  -1.80  35.01  2447.0  3108.0
 60.1226 16.2363  336   0.50  -1.80  35.01  2428.0  2867.0
 60.1226 16.2363  337   0.50  -1.80  35.01  2427.0  2358.0
 60.1226 16.2363  338   0.50  -1.80  35.01  2428.0  2054.0
 60.1226 16.2363  339   0.50  -1.80  35.01  2500.0  2348.0
 60.1226 16.2363  340   0.50  -1.80  35.01  2449.0  2562.0
 60.1226 16.2363  341   0.50  -1.80  35.01  2428.0  2597.0
 60.1226 16.2363  342   0.50  -1.80  35.01  2385.0  2453.0
 60.1226 16.2363  343   0.50  -1.80  35.01  2434.0  2800.0
 60.1226 16.2363  344   0.50  -1.80  35.01  2436.0  3019.0
 60.1226 16.2363  345   0.50  -1.80  35.01  2453.0  3163.0
 60.1226 16.2363  346   0.50  -1.80  35.01  2408.0  2915.0
 60.1226 16.2363  347   0.50  -1.80  35.01  2418.0  2925.0
 60.1227 16.2363  348   0.50  -1.80  35.01  2436.0  3151.0
 60.1226 16.2363  349   0.50  -1.80  35.01  2361.0  3062.0
 60.1227 16.2363  350   0.50  -1.80  35.01  2366.0  3360.0
 60.1227 16.2363  351   0.50  -1.80  35.01  2265.0  3736.0
 60.1227 16.2363  352   0.50  -1.80  35.01  2244.0  3952.0
 60.1227 16.2363  353   0.50  -1.80  35.01  2191.0  3328.0
 60.1227 16.2363  354   0.50  -1.80  35.01  2181.0  3176.0
 60.1227 16.2363  355   0.50  -1.80  35.01  2225.0  2919.0
 60.1227 16.2363  356   0.50  -1.80  35.01  2221.0  3107.0
 60.1227 16.2363  357   0.50  -1.80  35.01  2168.0  3236.0
 60.1227 16.2363  358   0.50  -1.80  35.01  2154.0  3292.0
 60.1227 16.2363  359   0.50  -1.80  35.01  2214.0  2903.0
 60.1227 16.2363  360   0.50  -1.80  35.01  2222.0  2805.0
 60.1227 16.2363  361   0.50  -1.80  35.01  2217.0  2998.0
 60.1227 16.2363  362   0.50  -1.80  35.01  2169.0  2856.0
 60.1228 16.2363  363   0.50  -1.80  35.01  2039.0  2702.0
 60.1228 16.2363  364   0.50  -1.80  35.01  2055.0  2280.0
 60.1228 16.2363  365   0.50  -1.80  35.01  2053.0  1941.0
 60.1228 16.2363  366   0.50  -1.80  35.01  2019.0  1918.0
 60.1228 16.2363  367   0.50  -1.80  35.01  2037.0  2016.0
 60.1228 16.2363  368   0.50  -1.80  35.01  2001.0  1950.0
 60.1228 16.2363  369   0.50  -1.80  35.01  1953.0  1825.0
 60.1228 16.2363  370   0.50  -1.80  35.01  1945.0  1582.0
 60.1228 16.2363  371   0.50  -1.80  35.01  1901.0  1599.0
 60.1228 16.2363  372   0.50  -1.80  35.01  1975.0  1301.0
 60.1228 16.2363  373   0.50  -1.80  35.01  1990.0  1203.0
 60.1228 16.2363  374   0.50  -1.80  35.01  2015.0  1199.0
 60.1228 16.2363  375   0.50  -1.80  35.01  1965.0  1783.0
 60.1228 16.2363  376   0.50  -1.80  35.01  1930.0  1896.0
 60.1228 16.2363  377   0.50  -1.80  35.01  1915.0  2013.0
 60.1228 16.2363  378   0.50  -1.80  35.01  1900.0  1494.0
 60.1227 16.2363  379   0.50  -1.80  35.01  1941.0  1869.0
 60.1227 16.2363  380   0.50  -1.80  35.01  1964.0  1558.0
 60.1227 16.2363  381   0.50  -1.80  35.01  1849.0  1353.0
 60.1227 16.2363  382   0.50  -1.80  35.01  1872.0  1206.0
 60.1227 16.2363  383   0.50  -1.80  35.01  1924.0  1095.0
 60.1227 16.2363  384   0.50  -1.80  35.01  1827.0  1021.0
 60.1227 16.2363  385   0.50  -1.80  35.01  1806.0  1124.0
 60.1227 16.2363  386   0.50  -1.80  35.01  1764.0  1605.0
 60.1227 16.2363  387   0.50  -1.80  35.01  1745.0  1220.0
 60.1227 16.2363  388   0.50  -1.80  35.01  1785.0  1292.0
 60.1227 16.2363  389   0.50  -1.80  35.01  1744.0  1551.0
 60.1227 16.2363  390   0.50  -1.80  35.01  1658.0  1728.0
 60.1227 16.2363  391   0.50  -1.80  35.01  1655.0  1307.0
 60.1226 16.2363  392   0.50  -1.80  35.01  1646.0  1228.0
 60.1227 16.2363  393   0.50  -1.80  35.01  1554.0  1490.0
 60.1227 16.2363  394   0.50  -1.80  35.01  1611.0  1653.0
 60.1227 16.2363  395   0.50  -1.80  35.01  1653.0  1646.0
 60.1227 16.2363  396   0.50  -1.80  35.01  1641.0  1624.0
 60.1228 16.2363  397   0.50  -1.80  35.01  1681.0  1655.0
 60.1228 16.2363  398   0.50  -1.80  35.01  1563.0  1542.0
 60.1228 16.2363  399   0.50  -1.80  35.01  1571.0  1506.0
 60.1228 16.2363  400   0.50  -1.80  35.01  1541.0  1427.0
 60.1227 16.2363  401   0.50  -1.80  35.01  1604.0  1790.0
 60.1227 16.2363  402   0.50  -1.80  35.01  1616.0  1985.0
 60.1227 16.2363  403   0.50  -1.80  35.01  1579.0  1939.0
 60.1227 16.2363  404   0.50  -1.80  35.01  1580.0  1587.0
 60.1227 16.2363  405   0.50  -1.80  35.01  1583.0  1389.0
 60.1227 16.2363  406   0.50  -1.80  35.01  1483.0  1351.0
 60.1227 16.2363  407   0.50  -1.80  35.01  1482.0  1302.0
 60.1227 16.2363  408   0.50  -1.80  35.01  1492.0  1525.0
 60.1228 16.2363  409   0.50  -1.80  35.01  1423.0  1633.0
 60.1228 16.2363  410   0.50  -1.80  35.01  1374.0  1491.0
 60.1228 16.2363  411   0.50  -1.80  35.01  1394.0  1758.0
 60.1228 16.2363  412   0.50  -1.80  35.01  1388.0  1781.0
 60.1228 16.2363  413   0.50  -1.80  35.01  1390.0  1930.0
 60.1228 16.2363  414   0.50  -1.80  35.01  1424.0  2060.0
 60.1228 16.2363  415   0.50  -1.80  35.01  1348.0  2538.0
 60.1228 16.2363  416   0.50  -1.80  35.01  1313.0  2786.0
 60.1228 16.2363  417   0.50  -1.80  35.01  1264.0  2784.0
 60.1228 16.2363  418   0.50  -1.80  35.01  1224.0  2660.0
 60.1228 16.2363  419   0.50  -1.80  35.01  1209.0  2787.0
 60.1228 16.2363  420   0.50  -1.80  35.01  1275.0  2759.0
 60.1228 16.2363  421   0.50  -1.80  35.01  1240.0  3014.0
 60.1228 16.2363  422   0.50  -1.80  35.01  1218.0  3086.0
 60.1228 16.2363  423   0.50  -1.80  35.01  1177.0  3187.0
 60.1228 16.2363  424   0.50  -1.80  35.01  1227.0  3305.0
 60.1228 16.2363  425   0.50  -1.80  35.01  1269.0  3034.0
 60.1228 16.2363  426   0.50  -1.80  35.01  1240.0  3209.0
 60.1228 16.2363  427   0.50  -1.80  35.01  1234.0  3409.0
 60.1228 16.2363  428   0.50  -1.80  35.01  1266.0  3214.0
 60.1228 16.2363  429   0.50  -1.80  35.01  1200.0  3058.0
 60.1228 16.2363  430   0.50  -1.80  35.01  1208.0  3445.0
 60.1228 16.2363  431   0.50  -1.80  35.01  1270.0  3754.0
 60.1228 16.2363  432   0.50  -1.80  35.01  1189.0  4094.0
 60.1228 16.2363  433   0.50  -1.80  35.01  1161.0  4071.0
 60.1228 16.2363  434   0.50  -1.80  35.01  1122.0  4389.0
 60.1228 16.2362  435   0.50  -1.80  35.01  1073.0  4665.0
 60.1228 16.2363  436   0.50  -1.80  35.01  1072.0  4583.0
 60.1228 16.2363  437   0.50  -1.80  35.01  1025.0  5182.0
 60.1228 16.2362  438   0.50  -1.80  35.01   941.0  5024.0
 60.1228 16.2363  439   0.50  -1.80  35.01   915.0  4771.0
 60.1228 16.2363  440   0.50  -1.80  35.01  1001.0  4127.0
 60.1228 16.2363  441   0.50  -1.80  35.01  1029.0  3661.0
 60.1227 16.2363  442   0.50  -1.80  35.01  1127.0  2986.0
 60.1227 16.2363  443   0.50  -1.80  35.01  1179.0  2589.0
 60.1227 16.2363  444   0.50  -1.80  35.01  1163.0  3327.0
 60.1227 16.2363  445   0.50  -1.80  35.01  1187.0  4113.0
 60.1227 16.2363  446   0.50  -1.80  35.01  1165.0  3890.0
 60.1226 16.2363  447   0.50  -1.80  35.01  1111.0  4415.0
 60.1227 16.2363  448   0.50  -1.80  35.01  1013.0  4064.0
 60.1227 16.2363  449   0.50  -1.80  35.01   948.0  3841.0
 60.1228 16.2363  450   0.50  -1.80  35.01  1012.0  3380.0
 60.1228 16.2363  451   0.50  -1.80  35.01  1020.0  3351.0
 60.1228 16.2363  452   0.50  -1.80  35.01   925.0  3146.0
 60.1228 16.2363  453   0.50  -1.80  35.01  1084.0  2333.0
 60.1228 16.2363  454   0.50  -1.80  35.01  1053.0  2725.0
 60.1228 16.2363  455   0.50  -1.80  35.01   872.0  2278.0
 60.1228 16.2363  456   0.50  -1.80  35.01   865.0  2312.0
 60.1228 16.2363  457   0.50  -1.80  35.01   885.0  2395.0
 60.1228 16.2363  458   0.50  -1.80  35.01   923.0  2518.0
 60.1228 16.2363  459   0.50  -1.80  35.01   943.0  2363.0
 60.1228 16.2363  460   0.50  -1.80  35.01   996.0  2256.0
 60.1228 16.2363  461   0.50  -1.80  35.01   971.0  2328.0
 60.1228 16.2363  462   0.50  -1.80  35.01   981.0  2119.0
 60.1228 16.2363  463   0.50  -1.80  35.01  1033.0  1837.0
 60.1228 16.2363  464   0.50  -1.80  35.01   931.0  1695.0
 60.1228 16.2363  465   0.50  -1.80  35.01   894.0  1929.0
 60.1228 16.2363  466   0.50  -1.80  35.01   906.0  1651.0
 60.1228 16.2363  467   0.50  -1.80  35.01   853.0  1409.0
 60.1228 16.2363  468   0.50  -1.80  35.01   848.0  1695.0
 60.1228 16.2363  469   0.50  -1.80  35.01   812.0  2181.0
 60.1228 16.2363  470   0.50  -1.80  35.01   770.0  2077.0
 60.1228 16.2363  471   0.50  -1.80  35.01   744.0  2261.0
 60.1228 16.2363  472   0.50  -1.80  35.01   731.0  1982.0
 60.1228 16.2363  473   0.50  -1.80  35.01   718.0  1857.0
 60.1228 16.2363  474   0.50  -1.80  35.01   690.0  2170.0
 60.1228 16.2363  475   0.50  -1.80  35.01   683.0  2293.0
 60.1228 16.2363  476   0.50  -1.80  35.01   664.0  2539.0
 60.1228 16.2363  477   0.50  -1.80  35.01   646.0  2493.0
 60.1228 16.2363  478   0.50  -1.80  35.01   676.0  2423.0
 60.1228 16.2362  479   0.50  -1.80  35.01   676.0  2818.0
 60.1228 16.2362  480   0.50  -1.80  35.01   659.0  3038.0
 60.1228 16.2362  481   0.50  -1.80  35.01   718.0  3333.0
 60.1228 16.2362  482   0.50  -1.80  35.01   693.0  3383.0
 60.1228 16.2363  483   0.50  -1.80  35.01   674.0  3225.0
 60.1228 16.2363  484   0.50  -1.80  35.01   617.0  3691.0
 60.1228 16.2363  485   0.50  -1.80  35.01   502.0  3675.0
 60.1228 16.2363  486   0.50  -1.80  35.01   535.0  4112.0
 60.1228 16.2363  487   0.50  -1.80  35.01   532.0  4204.0
 60.1228 16.2363  488   0.50  -1.80  35.01   541.0  4222.0
 60.1228 16.2363  489   0.50  -1.80  35.01   499.0  4378.0
 60.1228 16.2363  490   0.50  -1.80  35.01   501.0  4341.0
 60.1228 16.2363  491   0.50  -1.80  35.01   475.0  4224.0
 60.1228 16.2363  492   0.50  -1.80  35.01   470.0  4265.0
 60.1228 16.2363  493   0.50  -1.80  35.01   465.0  4565.0
 60.1228 16.2363  494   0.50  -1.80  35.01   420.0  4621.0
 60.1228 16.2362  495   0.50  -1.80  35.01   389.0  4814.0
 60.1228 16.2363  496   0.50  -1.80  35.01   426.0  4573.0
 60.1228 16.2363  497   0.50  -1.80  35.01   476.0  4503.0
 60.1227 16.2363  498   0.50  -1.80  35.01   490.0  4504.0
 60.1227 16.2363  499   0.50  -1.80  35.01   457.0  4275.0
 60.1228 16.2363  500   0.50  -1.80  35.01   417.0  4130.0
 60.1228 16.2363  501   0.50  -1.80  35.01   482.0  4231.0
 60.1228 16.2363  502   0.50  -1.80  35.01   472.0  4270.0
 60.1228 16.2363  503   0.50  -1.80  35.01   397.0  4089.0
 60.1228 16.2363  504   0.50  -1.80  35.01   369.0  3917.0
 60.1228 16.2363  505   0.50  -1.80  35.01   400.0  4239.0
 60.1228 16.2363  506   0.50  -1.80  35.01   403.0  3376.0
 60.1228 16.2363  507   0.50  -1.80  35.01   403.0  4040.0
 60.1228 16.2363  508   0.50  -1.80  35.01   359.0  4191.0
 60.1228 16.2363  509   0.50  -1.80  35.01   414.0  4293.0
 60.1228 16.2363  510   0.50  -1.80  35.01   432.0  4121.0
 60.1228 16.2362  511   0.50  -1.80  35.01   429.0  3793.0
 60.1228 16.2362  512   0.50  -1.80  35.01   366.0  3827.0
 60.1228 16.2363  513   0.50  -1.80  35.01   498.0  3835.0
 60.1227 16.2363  514   0.50  -1.80  35.01   461.0  3879.0
 60.1228 16.2363  515   0.50  -1.80  35.01   387.0  3880.0
 60.1228 16.2363  516   0.50  -1.80  35.01   292.0  4246.0
 60.1228 16.2362  517   0.50  -1.80  35.01   250.0  4389.0
 60.1228 16.2363  518   0.50  -1.80  35.01   362.0  4116.0
 60.1228 16.2362  519   0.50  -1.80  35.01   390.0  4069.0
 60.1228 16.2362  520   0.50  -1.80  35.01   419.0  4137.0
 60.1228 16.2361  521   0.50  -1.80  35.01   423.0  4662.0
 60.1228 16.2362  522   0.50  -1.80  35.01   341.0  4697.0
 60.1228 16.2362  523   0.50  -1.80  35.01   313.0  4677.0
 60.1228 16.2363  524   0.50  -1.80  35.01   358.0  4281.0
 60.1228 16.2363  525   0.50  -1.80  35.01   364.0  4120.0
 60.1228 16.2363  526   0.50  -1.80  35.01   340.0  3786.0
 60.1228 16.2363  527   0.50  -1.80  35.01   319.0  3827.0
 60.1228 16.2363  528   0.50  -1.80  35.01   309.0  4334.0
 60.1228 16.2363  529   0.50  -1.80  35.01   217.0  3794.0
 60.1228 16.2363  530   0.50  -1.80  35.01   123.0  3960.0
 60.1228 16.2363  531   0.50  -1.80  35.01   149.0  3519.0
 60.1228 16.2363  532   0.50  -1.80  35.01   126.0  3228.0
 60.1228 16.2363  533   0.50  -1.80  35.01   122.0  2414.0
 60.1228 16.2363  534   0.50  -1.80  35.01   171.0  2041.0
 60.1228 16.2363  535   0.50  -1.80  35.01   153.0   112.0
 60.1228 16.2363  536   0.50  -1.80  35.01   233.0   426.0
 60.1228 16.2363  537   0.50  -1.80  35.01   211.0   906.0
 60.1228 16.2363  538   0.50  -1.80  35.01   182.0   632.0
 60.1228 16.2363  539   0.50  -1.80  35.01   221.0  1285.0
 60.1228 16.2363  540   0.50  -1.80  35.01   230.0  1026.0
 60.1228 16.2363  541   0.50  -1.80  35.01   299.0   481.0
 60.1228 16.2363  542   0.50  -1.80  35.01   265.0   382.0
 60.1228 16.2363  543   0.50  -1.80  35.01   284.0   282.0
 60.1228 16.2363  544   0.50  -1.80  35.01   306.0  1252.0
 60.1228 16.2363  545   0.50  -1.80  35.01   346.0  1140.0
 60.1228 16.2363  546   0.50  -1.80  35.01   400.0   335.0
 60.1228 16.2362  547   0.50  -1.80  35.01   487.0  -959.0
 60.1228 16.2363  548   0.50  -1.80  35.01   522.0 -1228.0
 60.1228 16.2363  549   0.50  -1.80  35.01   480.0 -1603.0
 60.1228 16.2363  550   0.50  -1.80  35.01   406.0  -762.0
 60.1228 16.2363  551   0.50  -1.80  35.01   416.0  -987.0
 60.1228 16.2363  552   0.50  -1.80  35.01   448.0  -753.0
 60.1228 16.2363  553   0.50  -1.80  35.01   476.0  -891.0
 60.1228 16.2363  554   0.50  -1.80  35.01   420.0  -341.0
 60.1228 16.2363  555   0.50  -1.80  35.01   488.0   -81.0
 60.1228 16.2363  556   0.50  -1.80  35.01   525.0  -777.0
 60.1228 16.2363  557   0.50  -1.80  35.01   532.0 -1158.0
 60.1228 16.2363  558   0.50  -1.80  35.01   548.0 -1191.0
 60.1228 16.2363  559   0.50  -1.80  35.01   539.0  -948.0
 60.1228 16.2363  560   0.50  -1.80  35.01   529.0 -1564.0
 60.1228 16.2363  561   0.50  -1.80  35.01   536.0 -1779.0
 60.1228 16.2363  562   0.50  -1.80  35.01   540.0 -1973.0
 60.1228 16.2363  563   0.50  -1.80  35.01   630.0 -2120.0
 60.1228 16.2363  564   0.50  -1.80  35.01   670.0 -2063.0
 60.1228 16.2363  565   0.50  -1.80  35.01   654.0 -1971.0
 60.1228 16.2363  566   0.50  -1.80  35.01   652.0 -2058.0
 60.1228 16.2362  567   0.50  -1.80  35.01   652.0 -2498.0
 60.1228 16.2363  568   0.50  -1.80  35.01   598.0 -2692.0
 60.1228 16.2363  569   0.50  -1.80  35.01   662.0 -2710.0
 60.1228 16.2363  570   0.50  -1.80  35.01   776.0 -2964.0
 60.1228 16.2363  571   0.50  -1.80  35.01   778.0 -2834.0
 60.1228 16.2363  572   0.50  -1.80  35.01   648.0 -2902.0
 60.1228 16.2363  573   0.50  -1.80  35.01   593.0 -2508.0
 60.1228 16.2363  574   0.50  -1.80  35.01   629.0 -2196.0
 60.1227 16.2363  575   0.50  -1.80  35.01   647.0 -2471.0
 60.1227 16.2363  576   0.50  -1.80  35.01   691.0 -2217.0
 60.1227 16.2363  577   0.50  -1.80  35.01   669.0 -2528.0
 60.1227 16.2363  578   0.50  -1.80  35.01   629.0 -3066.0
 60.1227 16.2363  579   0.50  -1.80  35.01   696.0 -2778.0
 60.1228 16.2363  580   0.50  -1.80  35.01   704.0 -2993.0
 60.1228 16.2362  581   0.50  -1.80  35.01   731.0 -3262.0
 60.1228 16.2363  582   0.50  -1.80  35.01   672.0 -3357.0
 60.1228 16.2363  583   0.50  -1.80  35.01   716.0 -3463.0
 60.1228 16.2363  584   0.50  -1.80  35.01   657.0 -3523.0
 60.1228 16.2363  585   0.50  -1.80  35.01   795.0 -3273.0
 60.1228 16.2363  586   0.50  -1.80  35.01   837.0 -3068.0
 60.1228 16.2362  587   0.50  -1.80  35.01   909.0 -3243.0
 60.1228 16.2362  588   0.50  -1.80  35.01   839.0 -3180.0
 60.1228 16.2363  589   0.50  -1.80  35.01   766.0 -2424.0
 60.1228 16.2363  590   0.50  -1.80  35.01   852.0 -2378.0
 60.1228 16.2362  591   0.50  -1.80  35.01   854.0 -2589.0
 60.1228 16.2362  592   0.50  -1.80  35.01   859.0 -2068.0
 60.1228 16.2363  593   0.50  -1.80  35.01   864.0 -1435.0
 60.1228 16.2362  594   0.50  -1.80  35.01   840.0 -1040.0
 60.1228 16.2362  595   0.50  -1.80  35.01   880.0 -1212.0
 60.1228 16.2362  596   0.50  -1.80  35.01   780.0 -1840.0
 60.1228 16.2363  597   0.50  -1.80  35.01   803.0 -1429.0
 60.1228 16.2362  598   0.50  -1.80  35.01   718.0  -904.0
 60.1228 16.2362  599   0.50  -1.80  35.01   718.0 -1151.0
 60.1228 16.2362  600   0.50  -1.80  35.01   596.0 -1306.0
 60.1228 16.2362  601   0.50  -1.80  35.01   596.0 -1688.0
 60.1228 16.2362  602   0.50  -1.80  35.01   632.0 -1741.0
 60.1228 16.2362  603   0.50  -1.80  35.01   609.0 -2044.0
 60.1228 16.2363  604   0.50  -1.80  35.01   616.0 -2323.0
 60.1228 16.2362  605   0.50  -1.80  35.01   613.0 -2247.0
 60.1228 16.2362  606   0.50  -1.80  35.01   566.0 -2204.0
 60.1228 16.2362  607   0.50  -1.80  35.01   550.0 -2290.0
 60.1228 16.2362  608   0.50  -1.80  35.01   446.0 -2243.0
 60.1228 16.2362  609   0.50  -1.80  35.01   389.0 -1915.0
 60.1228 16.2362  610   0.50  -1.80  35.01   363.0 -2028.0
 60.1228 16.2362  611   0.50  -1.80  35.01   328.0 -1880.0
 60.1228 16.2362  612   0.50  -1.80  35.01   351.0 -1719.0
 60.1228 16.2362  613   0.50  -1.80  35.01   288.0 -1402.0
 60.1228 16.2362  614   0.50  -1.80  35.01   230.0 -1695.0
 60.1228 16.2362  615   0.50  -1.80  35.01   243.0 -1777.0
 60.1228 16.2362  616   0.50  -1.80  35.01   206.0  -992.0
 60.1228 16.2362  617   0.50  -1.80  35.01   201.0  -820.0
 60.1228 16.2362  618   0.50  -1.80  35.01   178.0 -1428.0
 60.1228 16.2362  619   0.50  -1.80  35.01   173.0 -1810.0
 60.1228 16.2362  620   0.50  -1.80  35.01   214.0 -2069.0
 60.1228 16.2362  621   0.50  -1.80  35.01   201.0 -1647.0
 60.1228 16.2362  622   0.50  -1.80  35.01   154.0 -1077.0
 60.1228 16.2362  623   0.50  -1.80  35.01    74.0  -251.0
 60.1228 16.2362  624   0.50  -1.80  35.01   103.0  1133.0
 60.1228 16.2362  625   0.50  -1.80  35.01   117.0   -13.0
 60.1228 16.2362  626   0.50  -1.80  35.01   104.0   486.0
 60.1228 16.2362  627   0.50  -1.80  35.01    89.0   223.0
 60.1228 16.2362  628   0.50  -1.80  35.01   105.0  1714.0
 60.1228 16.2362  629   0.50  -1.80  35.01   115.0  2111.0
 60.1228 16.2363  630   0.50  -1.80  35.01   124.0  -535.0
 60.1228 16.2363  631   0.50  -1.80  35.01   196.0 -1699.0
 60.1228 16.2362  632   0.50  -1.80  35.01   155.0 -1458.0
 60.1228 16.2363  633   0.50  -1.80  35.01   139.0  -985.0
 60.1228 16.2363  634   0.50  -1.80  35.01   118.0 -1285.0
 60.1228 16.2363  635   0.50  -1.80  35.01    85.0  2540.0
 60.1228 16.2362  636   0.50  -1.80  35.01    68.0  2246.0
 60.1228 16.2362  637   0.50  -1.80  35.01    90.0  3834.0
 60.1228 16.2363  638   0.50  -1.80  35.01    92.0  4033.0
 60.1228 16.2363  639   0.50  -1.80  35.01    57.0   598.0
 60.1228 16.2362  640   0.50  -1.80  35.01    71.0  -735.0
 60.1228 16.2363  641   0.50  -1.80  35.01    65.0  3131.0
 60.1228 16.2362  642   0.50  -1.80  35.01   121.0  3831.0
 60.1228 16.2362  643   0.50  -1.80  35.01   137.0  3451.0
 60.1228 16.2362  644   0.50  -1.80  35.01   137.0  3480.0
 60.1228 16.2362  645   0.50  -1.80  35.01   134.0  3563.0
 60.1228 16.2362  646   0.50  -1.80  35.01   213.0  3598.0
 60.1228 16.2362  647   0.50  -1.80  35.01   238.0  3587.0
 60.1228 16.2362  648   0.50  -1.80  35.01   315.0  3810.0
 60.1228 16.2362  649   0.50  -1.80  35.01   325.0  4027.0
 60.1228 16.2362  650   0.50  -1.80  35.01   303.0  4702.0
 60.1228 16.2362  651   0.50  -1.80  35.01   332.0  4505.0
 60.1228 16.2362  652   0.50  -1.80  35.01   310.0  4213.0
 60.1228 16.2362  653   0.50  -1.80  35.01   210.0  4686.0
 60.1228 16.2363  654   0.50  -1.80  35.01   149.0  4732.0
 60.1228 16.2363  655   0.50  -1.80  35.01    91.0  2152.0
 60.1228 16.2362  656   0.50  -1.80  35.01   156.0  4536.0
 60.1228 16.2362  657   0.50  -1.80  35.01   189.0  4465.0
 60.1228 16.2362  658   0.50  -1.80  35.01   231.0  4508.0
 60.1228 16.2362  659   0.50  -1.80  35.01   236.0  4765.0
 60.1228 16.2362  660   0.50  -1.80  35.01   255.0  4443.0
 60.1228 16.2363  661   0.50  -1.80  35.01   314.0  5059.0
 60.1228 16.2362  662   0.50  -1.80  35.01   343.0  3416.0
 60.1228 16.2363  663   0.50  -1.80  35.01   308.0  4888.0
 60.1228 16.2362  664   0.50  -1.80  35.01   357.0  4634.0
 60.1228 16.2363  665   0.50  -1.80  35.01   422.0  4606.0
 60.1228 16.2363  666   0.50  -1.80  35.01   365.0  4619.0
 60.1228 16.2363  667   0.50  -1.80  35.01   294.0  4255.0
 60.1228 16.2363  668   0.50  -1.80  35.01   348.0  3747.0
 60.1228 16.2362  669   0.50  -1.80  35.01   438.0  3596.0
 60.1228 16.2362  670   0.50  -1.80  35.01   371.0  3387.0
 60.1228 16.2362  671   0.50  -1.80  35.01   373.0  3139.0
 60.1228 16.2363  672   0.50  -1.80  35.01   407.0  3232.0
 60.1228 16.2363  673   0.50  -1.80  35.01   392.0  3007.0
 60.1228 16.2363  674   0.50  -1.80  35.01   395.0  3233.0
 60.1228 16.2362  675   0.50  -1.80  35.01   380.0  3309.0
 60.1228 16.2362  676   0.50  -1.80  35.01   333.0  3473.0
 60.1228 16.2362  677   0.50  -1.80  35.01   371.0  3620.0
 60.1228 16.2363  678   0.50  -1.80  35.01   372.0  3987.0
 60.1228 16.2363  679   0.50  -1.80  35.01   459.0  4304.0
 60.1228 16.2363  680   0.50  -1.80  35.01   511.0  4415.0
 60.1228 16.2363  681   0.50  -1.80  35.01   474.0  4408.0
 60.1228 16.2363  682   0.50  -1.80  35.01   427.0  3940.0
 60.1228 16.2362  683   0.50  -1.80  35.01   370.0  3852.0
 60.1228 16.2362  684   0.50  -1.80  35.01   410.0  3812.0
 60.1228 16.2362  685   0.50  -1.80  35.01   508.0  3842.0
 60.1228 16.2362  686   0.50  -1.80  35.01   458.0  3340.0
 60.1228 16.2362  687   0.50  -1.80  35.01   435.0  2880.0
 60.1228 16.2362  688   0.50  -1.80  35.01   500.0  2708.0
 60.1228 16.2362  689   0.50  -1.80  35.01   464.0  2874.0
 60.1228 16.2363  690   0.50  -1.80  35.01   434.0  3019.0
 60.1228 16.2362  691   0.50  -1.80  35.01   433.0  3095.0
 60.1228 16.2362  692   0.50  -1.80  35.01   408.0  2915.0
 60.1228 16.2362  693   0.50  -1.80  35.01   467.0  3309.0
 60.1228 16.2362  694   0.50  -1.80  35.01   566.0  3007.0
 60.1227 16.2362  695   0.50  -1.80  35.01   532.0  2956.0
 60.1227 16.2363  696   0.50  -1.80  35.01   528.0  2740.0
 60.1228 16.2363  697   0.50  -1.80  35.01   503.0  2729.0
 60.1228 16.2362  698   0.50  -1.80  35.01   505.0  2744.0
 60.1228 16.2362  699   0.50  -1.80  35.01   499.0  2613.0
 60.1228 16.2363  700   0.50  -1.80  35.01   463.0  2324.0
 60.1228 16.2363  701   0.50  -1.80  35.01   471.0  2420.0
 60.1228 16.2362  702   0.50  -1.80  35.01   513.0  2112.0
 60.1228 16.2362  703   0.50  -1.80  35.01   522.0  2369.0
 60.1228 16.2361  704   0.50  -1.80  35.01   514.0  2394.0
 60.1228 16.2362  705   0.50  -1.80  35.01   525.0  2431.0
 60.1228 16.2362  706   0.50  -1.80  35.01   536.0  2717.0
 60.1228 16.2362  707   0.50  -1.80  35.01   503.0  2693.0
 60.1228 16.2363  708   0.50  -1.80  35.01   475.0  2460.0
 60.1228 16.2363  709   0.50  -1.80  35.01   447.0  2897.0
 60.1228 16.2363  710   0.50  -1.80  35.01   438.0  2754.0
 60.1228 16.2363  711   0.50  -1.80  35.01   410.0  2207.0
 60.1228 16.2363  712   0.50  -1.80  35.01   391.0  2366.0
 60.1228 16.2363  713   0.50  -1.80  35.01   373.0  2422.0
 60.1228 16.2363  714   0.50  -1.80  35.01   406.0  3073.0
 60.1228 16.2362  715   0.50  -1.80  35.01   422.0  3137.0
 60.1228 16.2362  716   0.50  -1.80  35.01   439.0  3126.0
 60.1228 16.2363  717   0.50  -1.80  35.01   466.0  3089.0
 60.1228 16.2362  718   0.50  -1.80  35.01   482.0  3280.0
 60.1228 16.2363  719   0.50  -1.80  35.01   488.0  3320.0
 60.1228 16.2362  720   0.50  -1.80  35.01   516.0  3485.0
 60.1228 16.2362  721   0.50  -1.80  35.01   565.0  3456.0
 60.1228 16.2363  722   0.50  -1.80  35.01   581.0  3828.0
 60.1228 16.2363  723   0.50  -1.80  35.01   588.0  4493.0
 60.1228 16.2363  724   0.50  -1.80  35.01   599.0  4489.0
 60.1228 16.2363  725   0.50  -1.80  35.01   626.0  4626.0
 60.1228 16.2363  726   0.50  -1.80  35.01   603.0  4664.0
 60.1228 16.2363  727   0.50  -1.80  35.01   642.0  4846.0
 60.1228 16.2363  728   0.50  -1.80  35.01   667.0  5009.0
 60.1228 16.2363  729   0.50  -1.80  35.01   666.0  5186.0
 60.1228 16.2363  730   0.50  -1.80  35.01   647.0  5041.0
 60.1228 16.2363  731   0.50  -1.80  35.01   665.0  4221.0
 60.1228 16.2363  732   0.50  -1.80  35.01   699.0  3936.0
 60.1228 16.2363  733   0.50  -1.80  35.01   741.0  3926.0
 60.1228 16.2363  734   0.50  -1.80  35.01   724.0  3787.0
 60.1228 16.2362  735   0.50  -1.80  35.01   726.0  3952.0
 60.1228 16.2362  736   0.50  -1.80  35.01   763.0  3864.0
 60.1228 16.2363  737   0.50  -1.80  35.01   770.0  3818.0
 60.1228 16.2363  738   0.50  -1.80  35.01   747.0  3728.0
 60.1228 16.2362  739   0.50  -1.80  35.01   807.0  3564.0
 60.1228 16.2362  740   0.50  -1.80  35.01   818.0  3134.0
 60.1228 16.2362  741   0.50  -1.80  35.01   870.0  3066.0
 60.1228 16.2362  742   0.50  -1.80  35.01   888.0  3360.0
 60.1228 16.2362  743   0.50  -1.80  35.01   942.0  3286.0
 60.1228 16.2362  744   0.50  -1.80  35.01   971.0  3070.0
 60.1228 16.2362  745   0.50  -1.80  35.01  1006.0  2904.0
 60.1228 16.2362  746   0.50  -1.80  35.01  1036.0  2598.0
 60.1228 16.2363  747   0.50  -1.80  35.01  1016.0  2796.0
 60.1228 16.2363  748   0.50  -1.80  35.01  1041.0  3078.0
 60.1228 16.2363  749   0.50  -1.80  35.01  1046.0  2981.0
 60.1228 16.2363  750   0.50  -1.80  35.01  1151.0  3143.0
 60.1228 16.2363  751   0.50  -1.80  35.01  1141.0  3146.0
 60.1228 16.2363  752   0.50  -1.80  35.01  1116.0  3392.0
 60.1228 16.2362  753   0.50  -1.80  35.01  1087.0  3665.0
 60.1228 16.2362  754   0.50  -1.80  35.01  1103.0  3209.0
 60.1228 16.2362  755   0.50  -1.80  35.01  1080.0  3684.0
 60.1228 16.2362  756   0.50  -1.80  35.01  1019.0  3670.0
 60.1228 16.2362  757   0.50  -1.80  35.01  1098.0  3560.0
 60.1228 16.2362  758   0.50  -1.80  35.01  1045.0  3434.0
 60.1228 16.2362  759   0.50  -1.80  35.01  1059.0  3095.0
 60.1228 16.2363  760   0.50  -1.80  35.01  1059.0  2946.0
 60.1228 16.2363  761   0.50  -1.80  35.01  1123.0  2479.0
 60.1228 16.2363  762   0.50  -1.80  35.01  1095.0  2448.0
 60.1228 16.2363  763   0.50  -1.80  35.01  1081.0  2308.0
 60.1228 16.2363  764   0.50  -1.80  35.01  1086.0  2374.0
 60.1228 16.2363  765   0.50  -1.80  35.01  1120.0  2410.0
 60.1228 16.2363  766   0.50  -1.80  35.01  1135.0  2377.0
 60.1228 16.2363  767   0.50  -1.80  35.01  1121.0  2487.0
 60.1228 16.2363  768   0.50  -1.80  35.01  1136.0  2727.0
 60.1228 16.2363  769   0.50  -1.80  35.01  1121.0  2544.0
 60.1228 16.2363  770   0.50  -1.80  35.01  1092.0  2313.0
 60.1228 16.2362  771   0.50  -1.80  35.01  1126.0  2499.0
 60.1228 16.2362  772   0.50  -1.80  35.01  1112.0  3089.0
 60.1228 16.2362  773   0.50  -1.80  35.01  1135.0  3287.0
 60.1228 16.2362  774   0.50  -1.80  35.01  1147.0  3454.0
 60.1228 16.2362  775   0.50  -1.80  35.01  1189.0  3881.0
 60.1228 16.2362  776   0.50  -1.80  35.01  1148.0  4077.0
 60.1228 16.2362  777   0.50  -1.80  35.01  1154.0  3905.0
 60.1228 16.2362  778   0.50  -1.80  35.01  1119.0  3697.0
 60.1228 16.2363  779   0.50  -1.80  35.01  1090.0  4036.0
 60.1228 16.2363  780   0.50  -1.80  35.01  1101.0  4023.0
 60.1228 16.2363  781   0.50  -1.80  35.01  1094.0  3658.0
 60.1228 16.2362  782   0.50  -1.80  35.01  1055.0  3343.0
 60.1228 16.2362  783   0.50  -1.80  35.01  1099.0  2941.0
 60.1228 16.2361  784   0.50  -1.80  35.01  1129.0  2501.0
 60.1228 16.2361  785   0.50  -1.80  35.01  1202.0  2134.0
 60.1228 16.2362  786   0.50  -1.80  35.01  1180.0  2042.0
 60.1228 16.2362  787   0.50  -1.80  35.01  1221.0  1864.0
 60.1228 16.2362  788   0.50  -1.80  35.01  1259.0  2343.0
 60.1228 16.2362  789   0.50  -1.80  35.01  1311.0  2318.0
 60.1228 16.2363  790   0.50  -1.80  35.01  1380.0  2109.0
 60.1228 16.2363  791   0.50  -1.80  35.01  1393.0  1790.0
 60.1228 16.2363  792   0.50  -1.80  35.01  1442.0  1757.0
 60.1228 16.2362  793   0.50  -1.80  35.01  1496.0  2181.0
 60.1228 16.2362  794   0.50  -1.80  35.01  1472.0  2316.0
 60.1228 16.2362  795   0.50  -1.80  35.01  1514.0  2309.0
 60.1228 16.2362  796   0.50  -1.80  35.01  1503.0  2521.0
 60.1228 16.2362  797   0.50  -1.80  35.01  1548.0  2717.0
 60.1228 16.2362  798   0.50  -1.80  35.01  1598.0  3415.0
 60.1228 16.2362  799   0.50  -1.80  35.01  1613.0  4138.0
 60.1228 16.2362  800   0.50  -1.80  35.01  1584.0  4253.0
 60.1228 16.2362  801   0.50  -1.80  35.01  1599.0  4085.0
 60.1228 16.2362  802   0.50  -1.80  35.01  1701.0  3859.0
 60.1228 16.2362  803   0.50  -1.80  35.01  1616.0  3909.0
 60.1228 16.2362  804   0.50  -1.80  35.01  1687.0  3681.0
 60.1228 16.2362  805   0.50  -1.80  35.01  1773.0  3597.0
 60.1228 16.2362  806   0.50  -1.80  35.01  1776.0  3697.0
 60.1228 16.2362  807   0.50  -1.80  35.01  1779.0  3587.0
 60.1228 16.2362  808   0.50  -1.80  35.01  1825.0  3748.0
 60.1228 16.2362  809   0.50  -1.80  35.01  1883.0  3715.0
 60.1228 16.2362  810   0.50  -1.80  35.01  1980.0  3708.0
 60.1228 16.2361  811   0.50  -1.80  35.01  2026.0  3969.0
 60.1228 16.2361  812   0.50  -1.80  35.01  2007.0  3669.0
 60.1228 16.2362  813   0.50  -1.80  35.01  2008.0  3846.0
 60.1228 16.2362  814   0.50  -1.80  35.01  2062.0  3670.0
 60.1228 16.2363  815   0.50  -1.80  35.01  2090.0  3104.0
 60.1228 16.2363  816   0.50  -1.80  35.01  2126.0  3013.0
 60.1228 16.2363  817   0.50  -1.80  35.01  2141.0  3323.0
 60.1228 16.2363  818   0.50  -1.80  35.01  2177.0  3654.0
 60.1228 16.2363  819   0.50  -1.80  35.01  2182.0  3678.0
 60.1228 16.2362  820   0.50  -1.80  35.01  2166.0  3117.0
 60.1228 16.2362  821   0.50  -1.80  35.01  2213.0  2610.0
 60.1228 16.2362  822   0.50  -1.80  35.01  2272.0  2776.0
 60.1228 16.2362  823   0.50  -1.80  35.01  2222.0  3054.0
 60.1228 16.2362  824   0.50  -1.80  35.01  2258.0  3012.0
 60.1228 16.2362  825   0.50  -1.80  35.01  2191.0  3372.0
 60.1228 16.2363  826   0.50  -1.80  35.01  2253.0  3615.0
 60.1228 16.2363  827   0.50  -1.80  35.01  2309.0  3450.0
 60.1228 16.2363  828   0.50  -1.80  35.01  2249.0  3364.0
 60.1228 16.2363  829   0.50  -1.80  35.01  2211.0  3089.0
 60.1228 16.2363  830   0.50  -1.80  35.01  2247.0  2489.0
 60.1228 16.2362  831   0.50  -1.80  35.01  2360.0  2345.0
 60.1228 16.2363  832   0.50  -1.80  35.01  2357.0  2339.0
 60.1228 16.2363  833   0.50  -1.80  35.01  2327.0  2886.0
 60.1228 16.2362  834   0.50  -1.80  35.01  2294.0  2644.0
 60.1228 16.2362  835   0.50  -1.80  35.01  2283.0  2650.0
 60.1228 16.2362  836   0.50  -1.80  35.01  2266.0  2591.0
 60.1228 16.2363  837   0.50  -1.80  35.01  2294.0  2591.0
 60.1228 16.2363  838   0.50  -1.80  35.01  2307.0  2399.0
 60.1228 16.2362  839   0.50  -1.80  35.01  2407.0  2686.0
 60.1228 16.2363  840   0.50  -1.80  35.01  2411.0  3048.0
 60.1228 16.2363  841   0.50  -1.80  35.01  2384.0  3081.0
 60.1228 16.2362  842   0.50  -1.80  35.01  2391.0  2551.0
 60.1228 16.2362  843   0.50  -1.80  35.01  2408.0  2146.0
 60.1228 16.2362  844   0.50  -1.80  35.01  2365.0  2012.0
 60.1228 16.2362  845   0.50  -1.80  35.01  2345.0  2010.0
 60.1228 16.2363  846   0.50  -1.80  35.01  2387.0  2044.0
 60.1228 16.2363  847   0.50  -1.80  35.01  2321.0  2144.0
 60.1228 16.2363  848   0.50  -1.80  35.01  2268.0  2204.0
 60.1228 16.2362  849   0.50  -1.80  35.01  2313.0  2123.0
 60.1228 16.2362  850   0.50  -1.80  35.01  2331.0  2030.0
 60.1228 16.2362  851   0.50  -1.80  35.01  2400.0  1929.0
 60.1228 16.2362  852   0.50  -1.80  35.01  2397.0  2174.0
 60.1228 16.2363  853   0.50  -1.80  35.01  2371.0  2319.0
 60.1228 16.2363  854   0.50  -1.80  35.01  2360.0  2526.0
 60.1228 16.2362  855   0.50  -1.80  35.01  2357.0  2648.0
 60.1228 16.2362  856   0.50  -1.80  35.01  2368.0  3062.0
 60.1228 16.2362  857   0.50  -1.80  35.01  2294.0  3413.0
 60.1228 16.2362  858   0.50  -1.80  35.01  2313.0  3583.0
 60.1228 16.2362  859   0.50  -1.80  35.01  2399.0  3717.0
 60.1228 16.2362  860   0.50  -1.80  35.01  2397.0  3707.0
 60.1228 16.2362  861   0.50  -1.80  35.01  2311.0  3416.0
 60.1228 16.2363  862   0.50  -1.80  35.01  2266.0  3577.0
 60.1228 16.2362  863   0.50  -1.80  35.01  2238.0  3250.0
 60.1228 16.2363  864   0.50  -1.80  35.01  2250.0  3279.0
 60.1228 16.2363  865   0.50  -1.80  35.01  2267.0  3257.0
 60.1228 16.2362  866   0.50  -1.80  35.01  2222.0  3055.0
 60.1228 16.2362  867   0.50  -1.80  35.01  2250.0  3257.0
 60.1228 16.2362  868   0.50  -1.80  35.01  2210.0  3151.0
 60.1228 16.2362  869   0.50  -1.80  35.01  2201.0  3265.0
 60.1228 16.2362  870   0.50  -1.80  35.01  2186.0  3376.0
 60.1228 16.2362  871   0.50  -1.80  35.01  2110.0  3517.0
 60.1228 16.2362  872   0.50  -1.80  35.01  2132.0  3285.0
 60.1228 16.2362  873   0.50  -1.80  35.01  2006.0  2946.0
 60.1228 16.2362  874   0.50  -1.80  35.01  2102.0  2604.0
 60.1228 16.2362  875   0.50  -1.80  35.01  2127.0  2583.0
 60.1228 16.2362  876   0.50  -1.80  35.01  2107.0  2333.0
 60.1228 16.2362  877   0.50  -1.80  35.01  2093.0  2393.0
 60.1228 16.2362  878   0.50  -1.80  35.01  2101.0  2555.0
 60.1228 16.2362  879   0.50  -1.80  35.01  2083.0  2573.0
 60.1228 16.2362  880   0.50  -1.80  35.01  2122.0  2338.0
 60.1228 16.2362  881   0.50  -1.80  35.01  2103.0  2092.0
 60.1228 16.2362  882   0.50  -1.80  35.01  2105.0  2071.0
 60.1228 16.2362  883   0.50  -1.80  35.01  2035.0  1925.0
 60.1228 16.2362  884   0.50  -1.80  35.01  2007.0  1785.0
 60.1228 16.2362  885   0.50  -1.80  35.01  1994.0  1879.0
 60.1228 16.2362  886   0.50  -1.80  35.01  1905.0  2291.0
 60.1228 16.2362  887   0.50  -1.80  35.01  1902.0  2436.0
 60.1228 16.2363  888   0.50  -1.80  35.01  1860.0  2159.0
 60.1228 16.2363  889   0.50  -1.80  35.01  1845.0  2612.0
 60.1228 16.2363  890   0.50  -1.80  35.01  1797.0  3079.0
 60.1228 16.2363  891   0.50  -1.80  35.01  1768.0  2865.0
 60.1228 16.2363  892   0.50  -1.80  35.01  1720.0  2528.0
 60.1228 16.2362  893   0.50  -1.80  35.01  1748.0  2194.0
 60.1228 16.2362  894   0.50  -1.80  35.01  1796.0  2262.0
 60.1228 16.2362  895   0.50  -1.80  35.01  1825.0  2240.0
 60.1228 16.2362  896   0.50  -1.80  35.01  1801.0  2015.0
 60.1228 16.2362  897   0.50  -1.80  35.01  1719.0  1911.0
 60.1228 16.2362  898   0.50  -1.80  35.01  1741.0  1952.0
 60.1228 16.2362  899   0.50  -1.80  35.01  1715.0  2358.0
 60.1228 16.2362  900   0.50  -1.80  35.01  1704.0  2105.0
 60.1228 16.2362  901   0.50  -1.80  35.01  1713.0  1974.0
 60.1228 16.2362  902   0.50  -1.80  35.01  1629.0  1741.0
 60.1228 16.2362  903   0.50  -1.80  35.01  1678.0  1501.0
 60.1228 16.2362  904   0.50  -1.80  35.01  1666.0  1527.0
 60.1228 16.2362  905   0.50  -1.80  35.01  1628.0  1522.0
 60.1228 16.2362  906   0.50  -1.80  35.01  1607.0  1435.0
 60.1228 16.2362  907   0.50  -1.80  35.01  1709.0  1306.0
 60.1228 16.2362  908   0.50  -1.80  35.01  1718.0  1231.0
 60.1228 16.2362  909   0.50  -1.80  35.01  1652.0  1467.0
 60.1228 16.2362  910   0.50  -1.80  35.01  1660.0  1145.0
 60.1228 16.2363  911   0.50  -1.80  35.01  1702.0  1304.0
 60.1228 16.2362  912   0.50  -1.80  35.01  1722.0  1492.0
 60.1228 16.2362  913   0.50  -1.80  35.01  1642.0  1382.0
 60.1228 16.2361  914   0.50  -1.80  35.01  1602.0  1608.0
 60.1228 16.2362  915   0.50  -1.80  35.01  1533.0  1735.0
 60.1228 16.2362  916   0.50  -1.80  35.01  1435.0  1471.0
 60.1228 16.2362  917   0.50  -1.80  35.01  1381.0  1288.0
 60.1228 16.2362  918   0.50  -1.80  35.01  1435.0  1396.0
 60.1228 16.2363  919   0.50  -1.80  35.01  1486.0  1800.0
 60.1228 16.2363  920   0.50  -1.80  35.01  1467.0  2109.0
 60.1228 16.2362  921   0.50  -1.80  35.01  1378.0  1887.0
 60.1228 16.2361  922   0.50  -1.80  35.01  1337.0  2117.0
 60.1228 16.2361  923   0.50  -1.80  35.01  1354.0  2496.0
 60.1228 16.2361  924   0.50  -1.80  35.01  1277.0  2589.0
 60.1228 16.2361  925   0.50  -1.80  35.01  1414.0  2554.0
 60.1228 16.2361  926   0.50  -1.80  35.01  1475.0  2867.0
 60.1228 16.2361  927   0.50  -1.80  35.01  1443.0  3301.0
 60.1228 16.2362  928   0.50  -1.80  35.01  1387.0  3042.0
 60.1228 16.2363  929   0.50  -1.80  35.01  1379.0  2933.0
 60.1228 16.2363  930   0.50  -1.80  35.01  1427.0  2904.0
 60.1228 16.2362  931   0.50  -1.80  35.01  1426.0  3032.0
 60.1228 16.2362  932   0.50  -1.80  35.01  1432.0  3112.0
 60.1228 16.2362  933   0.50  -1.80  35.01  1341.0  3220.0
 60.1228 16.2362  934   0.50  -1.80  35.01  1296.0  3042.0
 60.1228 16.2362  935   0.50  -1.80  35.01  1268.0  3069.0
 60.1228 16.2361  936   0.50  -1.80  35.01  1252.0  2781.0
 60.1228 16.2361  937   0.50  -1.80  35.01  1253.0  3237.0
 60.1228 16.2362  938   0.50  -1.80  35.01  1288.0  2966.0
 60.1228 16.2363  939   0.50  -1.80  35.01  1336.0  2415.0
 60.1228 16.2362  940   0.50  -1.80  35.01  1224.0  2384.0
 60.1228 16.2363  941   0.50  -1.80  35.01  1242.0  2678.0
 60.1228 16.2363  942   0.50  -1.80  35.01  1203.0  2615.0
 60.1228 16.2363  943   0.50  -1.80  35.01  1198.0  2752.0
 60.1228 16.2363  944   0.50  -1.80  35.01  1141.0  2910.0
 60.1228 16.2363  945   0.50  -1.80  35.01  1098.0  2679.0
 60.1228 16.2363  946   0.50  -1.80  35.01  1112.0  2940.0
 60.1228 16.2362  947   0.50  -1.80  35.01  1097.0  3117.0
 60.1228 16.2362  948   0.50  -1.80  35.01  1159.0  3375.0
 60.1228 16.2363  949   0.50  -1.80  35.01  1192.0  3221.0
 60.1228 16.2363  950   0.50  -1.80  35.01  1154.0  2975.0
 60.1228 16.2362  951   0.50  -1.80  35.01  1088.0  2753.0
 60.1228 16.2362  952   0.50  -1.80  35.01  1122.0  2873.0
 60.1228 16.2362  953   0.50  -1.80  35.01  1159.0  3117.0
 60.1228 16.2362  954   0.50  -1.80  35.01  1113.0  3438.0
 60.1228 16.2362  955   0.50  -1.80  35.01  1075.0  3573.0
 60.1228 16.2362  956   0.50  -1.80  35.01  1074.0  3516.0
 60.1228 16.2363  957   0.50  -1.80  35.01  1070.0  3229.0
 60.1228 16.2363  958   0.50  -1.80  35.01  1053.0  3264.0
 60.1228 16.2362  959   0.50  -1.80  35.01  1098.0  3453.0
 60.1228 16.2362  960   0.50  -1.80  35.01  1062.0  3693.0
 60.1228 16.2362  961   0.50  -1.80  35.01  1066.0  3796.0
 60.1228 16.2362  962   0.50  -1.80  35.01  1029.0  3934.0
 60.1228 16.2362  963   0.50  -1.80  35.01  1018.0  3865.0
 60.1228 16.2363  964   0.50  -1.80  35.01  1062.0  3414.0
 60.1228 16.2362  965   0.50  -1.80  35.01  1020.0  3349.0
 60.1228 16.2362  966   0.50  -1.80  35.01  1018.0  3211.0
 60.1228 16.2362  967   0.50  -1.80  35.01  1027.0  3228.0
 60.1228 16.2362  968   0.50  -1.80  35.01   994.0  3226.0
 60.1228 16.2362  969   0.50  -1.80  35.01   986.0  3621.0
 60.1228 16.2362  970   0.50  -1.80  35.01   991.0  3785.0
 60.1228 16.2362  971   0.50  -1.80  35.01  1013.0  4038.0
 60.1228 16.2362  972   0.50  -1.80  35.01  1009.0  4260.0
 60.1228 16.2363  973   0.50  -1.80  35.01   907.0  4208.0
 60.1228 16.2363  974   0.50  -1.80  35.01   929.0  4389.0
 60.1228 16.2363  975   0.50  -1.80  35.01   863.0  4080.0
 60.1228 16.2362  976   0.50  -1.80  35.01   870.0  4628.0
 60.1228 16.2362  977   0.50  -1.80  35.01   907.0  4822.0
 60.1228 16.2362  978   0.50  -1.80  35.01   823.0  4639.0
 60.1228 16.2362  979   0.50  -1.80  35.01   837.0  4252.0
 60.1228 16.2363  980   0.50  -1.80  35.01   856.0  3645.0
 60.1228 16.2363  981   0.50  -1.80  35.01   953.0  3933.0
 60.1228 16.2363  982   0.50  -1.80  35.01   809.0  4396.0
 60.1228 16.2362  983   0.50  -1.80  35.01   795.0  4790.0
 60.1228 16.2362  984   0.50  -1.80  35.01   843.0  4602.0
 60.1228 16.2363  985   0.50  -1.80  35.01   817.0  5274.0
 60.1228 16.2363  986   0.50  -1.80  35.01   803.0  5390.0
 60.1228 16.2362  987   0.50  -1.80  35.01   728.0  5421.0
 60.1228 16.2362  988   0.50  -1.80  35.01   621.0  5337.0
 60.1228 16.2362  989   0.50  -1.80  35.01   695.0  -126.0
 60.1228 16.2363  990   0.50  -1.80  35.01   709.0 -4214.0
 60.1228 16.2363  991   0.50  -1.80  35.01   633.0 -1931.0
 60.1228 16.2362  992   0.50  -1.80  35.01   657.0  5375.0
 60.1228 16.2362  993   0.50  -1.80  35.01   613.0  4977.0
 60.1228 16.2362  994   0.50  -1.80  35.01   718.0  5137.0
 60.1228 16.2362  995   0.50  -1.80  35.01   829.0  5143.0
 60.1228 16.2362  996   0.50  -1.80  35.01   832.0  5328.0
 60.1228 16.2362  997   0.50  -1.80  35.01   831.0  5116.0
 60.1228 16.2362  998   0.50  -1.80  35.01   764.0  4820.0
 60.1228 16.2362  999   0.50  -1.80  35.01   663.0  4970.0
