 54.1935 14.9606    0   0.20  -4.40  40.00 295.10 -3167.0 -2721.0
 54.1929 14.9607    1   0.20  -4.40  40.00 295.10 -3193.0 -3232.0
 54.1929 14.9607    2   0.20  -4.40  40.00 295.10 -3194.0 -3352.0
 54.1929 14.9606    3   0.20  -4.40  40.00 295.10 -3201.0 -3611.0
 54.1929 14.9607    4   0.20  -4.40  40.00 295.10 -3209.0 -4630.0
 54.1929 14.9607    5   0.20  -4.40  40.00 295.10 -3215.0 -4624.0
 54.1929 14.9607    6   0.20  -4.40  40.00 295.10 -3211.0 -4627.0
 54.1929 14.9607    7   0.20  -4.40  40.00 295.10 -3214.0 -2487.0
 54.1929 14.9607    8   0.20  -4.40  40.00 295.10 -3216.0  2492.0
 54.1929 14.9607    9   0.20  -4.40  40.00 295.10 -3216.0  2491.0
 54.1929 14.9607   10   0.20  -4.40  40.00 294.95 -3215.0  2323.0
 54.1929 14.9607   11   0.20  -4.40  40.00 294.92 -3216.0  2257.0
 54.1929 14.9607   12   0.20  -4.40  40.00 294.92 -3213.0  1627.0
 54.1929 14.9607   13   0.20  -4.40  40.00 294.92 -3189.0 -4769.0
 54.1929 14.9607   14   0.20  -4.40  40.00 294.92 -3189.0 -4765.0
 54.1929 14.9607   15   0.20  -4.40  40.00 294.92 -3212.0 -4498.0
 54.1929 14.9606   16   0.20  -4.40  40.00 294.92 -3236.0 -4236.0
 54.1929 14.9606   17   0.20  -4.40  40.00 294.92 -3236.0 -4236.0
 54.1929 14.9606   18   0.20  -4.40  40.00 294.92 -3237.0 -4236.0
 54.1929 14.9606   19   0.20  -4.40  40.00 294.92 -3235.0 -4230.0
 54.1929 14.9606   20   0.20  -4.40  40.00 294.99 -3225.0 -2724.0
 54.1929 14.9606   21   0.20  -4.40  40.00 295.10 -3192.0  3285.0
 54.1930 14.9606   22   0.20  -4.40  40.00 295.10 -3192.0  3282.0
 54.1930 14.9606   23   0.20  -4.40  40.00 295.10 -3165.0  2639.0
 54.1929 14.9606   24   0.20  -4.40  40.00 295.10 -3152.0  2209.0
 54.1929 14.9606   25   0.20  -4.40  40.00 295.10 -3144.0  2206.0
 54.1929 14.9606   26   0.20  -4.40  40.00 295.10 -3145.0 -4798.0
 54.1929 14.9606   27   0.20  -4.40  40.00 295.10 -3144.0 -4795.0
 54.1929 14.9606   28   0.20  -4.40  40.00 295.10 -3185.0 -1155.0
 54.1929 14.9606   29   0.20  -4.40  40.00 295.10 -3227.0  4291.0
 54.1929 14.9606   30   0.20  -4.40  40.00 295.10 -3229.0  4294.0
 54.1929 14.9606   31   0.20  -4.40  40.00 295.24 -3227.0  4287.0
 54.1929 14.9606   32   0.20  -4.40  40.00 295.26 -3224.0  4283.0
 54.1929 14.9606   33   0.20  -4.40  40.00 295.26 -3226.0  4287.0
 54.1929 14.9606   34   0.20  -4.40  40.00 295.26 -3151.0  3256.0
 54.1929 14.9606   35   0.20  -4.40  40.00 295.26 -3149.0  3252.0
 54.1929 14.9606   36   0.20  -4.40  40.00 295.26 -3153.0  1907.0
 54.1929 14.9606   37   0.20  -4.40  40.00 295.26 -3174.0 -3476.0
 54.1929 14.9606   38   0.20  -4.40  40.00 295.26 -3179.0 -3475.0
 54.1929 14.9607   39   0.20  -4.40  40.00 295.26 -3116.0 -4733.0
 54.1929 14.9607   40   0.20  -4.40  40.00 295.26 -3101.0 -5048.0
 54.1929 14.9607   41   0.20  -4.40  40.00 295.33 -3128.0 -2654.0
 54.1929 14.9606   42   0.20  -4.40  40.00 295.38 -3157.0  -279.0
 54.1929 14.9607   43   0.20  -4.40  40.00 295.38 -3158.0  -278.0
 54.1929 14.9607   44   0.20  -4.40  40.00 295.38 -3188.0 -2539.0
 54.1929 14.9607   45   0.20  -4.40  40.00 295.38 -3191.0 -2789.0
 54.1929 14.9607   46   0.20  -4.40  40.00 295.38 -3187.0 -3473.0
 54.1929 14.9607   47   0.20  -4.40  40.00 295.38 -3190.0 -4494.0
 54.1929 14.9607   48   0.20  -4.40  40.00 295.38 -3185.0 -4495.0
 54.1929 14.9607   49   0.20  -4.40  40.00 295.38 -3173.0 -1375.0
 54.1929 14.9607   50   0.20  -4.40  40.00 295.38 -3168.0  -595.0
 54.1929 14.9607   51   0.20  -4.40  40.00 295.32 -3157.0 -1020.0
 54.1929 14.9607   52   0.20  -4.40  40.00 295.06 -3135.0 -2716.0
 54.1929 14.9607   53   0.20  -4.40  40.00 295.06 -3135.0 -2713.0
 54.1929 14.9607   54   0.20  -4.40  40.00 295.06 -3134.0 -3658.0
 54.1929 14.9607   55   0.20  -4.40  40.00 295.06 -3135.0 -4291.0
 54.1929 14.9607   56   0.20  -4.40  40.00 295.06 -3138.0 -4289.0
 54.1929 14.9606   57   0.20  -4.40  40.00 295.06 -3097.0 -4293.0
 54.1929 14.9606   58   0.20  -4.40  40.00 295.06 -3097.0 -4290.0
 54.1929 14.9606   59   0.20  -4.40  40.00 295.06 -3090.0 -2939.0
 54.1929 14.9606   60   0.20  -4.40  40.00 295.06 -3068.0  -927.0
 54.1929 14.9606   61   0.20  -4.40  40.00 295.06 -3073.0  -925.0
 54.1929 14.9607   62   0.20  -4.40  40.00 295.21 -3123.0 -2866.0
 54.1929 14.9607   63   0.20  -4.40  40.00 295.28 -3133.0 -3351.0
 54.1929 14.9607   64   0.20  -4.40  40.00 295.28 -3128.0 -3455.0
 54.1929 14.9607   65   0.20  -4.40  40.00 295.28 -3082.0 -4232.0
 54.1929 14.9607   66   0.20  -4.40  40.00 295.28 -3084.0 -4224.0
 54.1929 14.9607   67   0.20  -4.40  40.00 295.28 -3089.0  -469.0
 54.1929 14.9607   68   0.20  -4.40  40.00 295.28 -3083.0  2033.0
 54.1929 14.9607   69   0.20  -4.40  40.00 295.28 -3083.0  2028.0
 54.1929 14.9607   70   0.20  -4.40  40.00 295.28 -3123.0  1839.0
 54.1929 14.9607   71   0.20  -4.40  40.00 295.28 -3135.0  1713.0
 54.1929 14.9607   72   0.20  -4.40  40.00 295.28 -3132.0  1716.0
 54.1929 14.9607   73   0.20  -4.40  40.00 295.06 -3108.0 -4548.0
 54.1929 14.9607   74   0.20  -4.40  40.00 295.06 -3109.0 -4548.0
 54.1929 14.9606   75   0.20  -4.40  40.00 295.06 -3087.0 -3529.0
 54.1929 14.9606   76   0.20  -4.40  40.00 295.06 -3078.0 -3089.0
 54.1929 14.9606   77   0.20  -4.40  40.00 295.06 -3103.0 -2187.0
 54.1929 14.9606   78   0.20  -4.40  40.00 295.06 -3135.0   -76.0
 54.1929 14.9606   79   0.20  -4.40  40.00 295.06 -3140.0   -73.0
 54.1929 14.9606   80   0.20  -4.40  40.00 295.06 -3114.0 -2213.0
 54.1929 14.9606   81   0.20  -4.40  40.00 295.06 -3109.0 -2449.0
 54.1929 14.9606   82   0.20  -4.40  40.00 295.07 -3111.0 -2096.0
 54.1929 14.9606   83   0.20  -4.40  40.00 295.20 -3106.0 -1574.0
 54.1929 14.9606   84   0.20  -4.40  40.00 295.20 -3109.0 -1581.0
 54.1929 14.9606   85   0.20  -4.40  40.00 295.20 -3101.0   619.0
 54.1929 14.9607   86   0.20  -4.40  40.00 295.20 -3103.0   862.0
 54.1929 14.9606   87   0.20  -4.40  40.00 295.20 -3134.0   -24.0
 54.1929 14.9607   88   0.20  -4.40  40.00 295.20 -3164.0 -1346.0
 54.1929 14.9606   89   0.20  -4.40  40.00 295.20 -3162.0 -1348.0
 54.1929 14.9606   90   0.20  -4.40  40.00 295.20 -3160.0 -5000.0
 54.1929 14.9606   91   0.20  -4.40  40.00 295.20 -3160.0 -4998.0
 54.1929 14.9607   92   0.20  -4.40  40.00 295.19 -3128.0 -1194.0
 54.1929 14.9606   93   0.20  -4.40  40.00 295.06 -3099.0  4516.0
 54.1929 14.9607   94   0.20  -4.40  40.00 295.06 -3098.0  4513.0
 54.1929 14.9607   95   0.20  -4.40  40.00 295.06 -3100.0  4159.0
 54.1929 14.9606   96   0.20  -4.40  40.00 295.06 -3100.0  4159.0
 54.1929 14.9606   97   0.20  -4.40  40.00 295.06 -3096.0   930.0
 54.1929 14.9606   98   0.20  -4.40  40.00 295.06 -3091.0 -1208.0
 54.1929 14.9606   99   0.20  -4.40  40.00 295.06 -3087.0 -1210.0
 54.1929 14.9606  100   0.20  -4.40  40.00 295.06 -3111.0 -3521.0
 54.1929 14.9606  101   0.20  -4.40  40.00 295.06 -3113.0 -3518.0
 54.1929 14.9606  102   0.20  -4.40  40.00 295.06 -3114.0 -3514.0
 54.1929 14.9606  103   0.20  -4.40  40.00 295.11 -3130.0 -3896.0
 54.1929 14.9606  104   0.20  -4.40  40.00 295.11 -3140.0 -4278.0
 54.1929 14.9606  105   0.20  -4.40  40.00 295.11 -3140.0 -4275.0
 54.1929 14.9607  106   0.20  -4.40  40.00 295.11 -3186.0   237.0
 54.1929 14.9606  107   0.20  -4.40  40.00 295.11 -3188.0   740.0
 54.1929 14.9606  108   0.20  -4.40  40.00 295.11 -3163.0  -439.0
 54.1929 14.9606  109   0.20  -4.40  40.00 295.11 -3124.0 -3170.0
 54.1929 14.9606  110   0.20  -4.40  40.00 295.11 -3126.0 -3171.0
 54.1929 14.9607  111   0.20  -4.40  40.00 295.11 -3130.0 -4743.0
 54.1929 14.9607  112   0.20  -4.40  40.00 295.11 -3135.0 -5417.0
 54.1929 14.9607  113   0.20  -4.40  40.00 295.11 -3133.0 -5421.0
 54.1929 14.9607  114   0.20  -4.40  40.00 295.02 -3151.0  -683.0
 54.1929 14.9606  115   0.20  -4.40  40.00 295.02 -3151.0  -680.0
 54.1929 14.9606  116   0.20  -4.40  40.00 295.02 -3143.0 -1687.0
 54.1929 14.9606  117   0.20  -4.40  40.00 295.02 -3139.0 -3171.0
 54.1929 14.9606  118   0.20  -4.40  40.00 295.02 -3133.0 -3172.0
 54.1929 14.9606  119   0.20  -4.40  40.00 295.02 -3143.0 -3305.0
 54.1929 14.9606  120   0.20  -4.40  40.00 295.02 -3161.0 -3819.0
 54.1929 14.9606  121   0.20  -4.40  40.00 295.02 -3162.0 -3821.0
 54.1929 14.9606  122   0.20  -4.40  40.00 295.02 -3162.0 -3816.0
 54.1929 14.9606  123   0.20  -4.40  40.00 295.02 -3139.0  -583.0
 54.1929 14.9606  124   0.20  -4.40  40.00 295.13 -3131.0  -232.0
 54.1929 14.9606  125   0.20  -4.40  40.00 295.24 -3155.0   645.0
 54.1929 14.9606  126   0.20  -4.40  40.00 295.24 -3196.0  4154.0
 54.1930 14.9606  127   0.20  -4.40  40.00 295.24 -3199.0  4148.0
 54.1929 14.9606  128   0.20  -4.40  40.00 295.24 -3199.0  4146.0
 54.1929 14.9606  129   0.20  -4.40  40.00 295.24 -3200.0  4145.0
 54.1929 14.9606  130   0.20  -4.40  40.00 295.24 -3197.0  4144.0
 54.1929 14.9606  131   0.20  -4.40  40.00 295.24 -3194.0  4138.0
 54.1929 14.9606  132   0.20  -4.40  40.00 295.24 -3197.0  4139.0
 54.1929 14.9606  133   0.20  -4.40  40.00 295.24 -3164.0   958.0
 54.1929 14.9606  134   0.20  -4.40  40.00 295.24 -3128.0 -2221.0
 54.1929 14.9606  135   0.20  -4.40  40.00 295.14 -3130.0 -2215.0
 54.1929 14.9606  136   0.20  -4.40  40.00 295.11 -3114.0 -3071.0
 54.1929 14.9606  137   0.20  -4.40  40.00 295.11 -3112.0 -3435.0
 54.1929 14.9606  138   0.20  -4.40  40.00 295.11 -3116.0 -2629.0
 54.1929 14.9606  139   0.20  -4.40  40.00 295.11 -3118.0  4586.0
 54.1929 14.9606  140   0.20  -4.40  40.00 295.11 -3119.0  4582.0
 54.1929 14.9606  141   0.20  -4.40  40.00 295.11 -3098.0  2629.0
 54.1929 14.9606  142   0.20  -4.40  40.00 295.11 -3077.0   681.0
 54.1929 14.9606  143   0.20  -4.40  40.00 295.11 -3077.0   684.0
 54.1929 14.9606  144   0.20  -4.40  40.00 295.11 -3080.0  4858.0
 54.1929 14.9606  145   0.20  -4.40  40.00 295.13 -3082.0  5897.0
 54.1929 14.9606  146   0.20  -4.40  40.00 295.29 -3081.0  3596.0
 54.1929 14.9606  147   0.20  -4.40  40.00 295.29 -3093.0 -5586.0
 54.1929 14.9606  148   0.20  -4.40  40.00 295.29 -3091.0 -5577.0
 54.1929 14.9606  149   0.20  -4.40  40.00 295.29 -3091.0 -5574.0
 54.1929 14.9606  150   0.20  -4.40  40.00 295.29 -3113.0 -1540.0
 54.1929 14.9607  151   0.20  -4.40  40.00 295.29 -3116.0 -1094.0
 54.1929 14.9607  152   0.20  -4.40  40.00 295.29 -3113.0  -179.0
 54.1929 14.9607  153   0.20  -4.40  40.00 295.29 -3097.0  1947.0
 54.1929 14.9606  154   0.20  -4.40  40.00 295.29 -3094.0  1944.0
 54.1929 14.9606  155   0.20  -4.40  40.00 295.29 -3100.0  1945.0
 54.1929 14.9606  156   0.20  -4.40  40.00 295.09 -3102.0  1410.0
 54.1929 14.9606  157   0.20  -4.40  40.00 294.79 -3112.0  -702.0
 54.1929 14.9606  158   0.20  -4.40  40.00 294.79 -3114.0  -698.0
 54.1929 14.9606  159   0.20  -4.40  40.00 294.79 -3107.0  1217.0
 54.1929 14.9606  160   0.20  -4.40  40.00 294.79 -3105.0  2036.0
 54.1929 14.9606  161   0.20  -4.40  40.00 294.79 -3101.0  1072.0
 54.1929 14.9606  162   0.20  -4.40  40.00 294.79 -3093.0 -3188.0
 54.1929 14.9606  163   0.20  -4.40  40.00 294.79 -3089.0 -3189.0
 54.1929 14.9606  164   0.20  -4.40  40.00 294.79 -3086.0  -942.0
 54.1929 14.9606  165   0.20  -4.40  40.00 294.79 -3082.0  1296.0
 54.1929 14.9606  166   0.20  -4.40  40.00 294.79 -3089.0  1292.0
 54.1929 14.9606  167   0.20  -4.40  40.00 295.02 -3124.0  1900.0
 54.1929 14.9606  168   0.20  -4.40  40.00 295.04 -3122.0  1896.0
 54.1929 14.9606  169   0.20  -4.40  40.00 295.04 -3125.0  1899.0
 54.1929 14.9606  170   0.20  -4.40  40.00 295.04 -3121.0  1896.0
 54.1929 14.9606  171   0.20  -4.40  40.00 295.04 -3152.0  2005.0
 54.1929 14.9606  172   0.20  -4.40  40.00 295.04 -3189.0  2271.0
 54.1929 14.9606  173   0.20  -4.40  40.00 295.04 -3188.0  2270.0
 54.1929 14.9606  174   0.20  -4.40  40.00 295.04 -3132.0   700.0
 54.1929 14.9606  175   0.20  -4.40  40.00 295.04 -3114.0    21.0
 54.1929 14.9606  176   0.20  -4.40  40.00 295.04 -3112.0   687.0
 54.1929 14.9606  177   0.20  -4.40  40.00 295.10 -3099.0  3338.0
 54.1929 14.9606  178   0.20  -4.40  40.00 295.35 -3099.0  3327.0
 54.1929 14.9606  179   0.20  -4.40  40.00 295.35 -3125.0 -1094.0
 54.1929 14.9606  180   0.20  -4.40  40.00 295.35 -3129.0 -2988.0
 54.1929 14.9606  181   0.20  -4.40  40.00 295.35 -3131.0 -2981.0
 54.1929 14.9606  182   0.20  -4.40  40.00 295.35 -3131.0 -2981.0
 54.1929 14.9606  183   0.20  -4.40  40.00 295.35 -3134.0 -2976.0
 54.1929 14.9606  184   0.20  -4.40  40.00 295.35 -3148.0 -4405.0
 54.1929 14.9606  185   0.20  -4.40  40.00 295.35 -3156.0 -5015.0
 54.1929 14.9606  186   0.20  -4.40  40.00 295.35 -3157.0 -5012.0
 54.1929 14.9606  187   0.20  -4.40  40.00 295.35 -3174.0 -3490.0
 54.1929 14.9606  188   0.20  -4.40  40.00 295.25 -3172.0 -3486.0
 54.1929 14.9606  189   0.20  -4.40  40.00 295.20 -3177.0 -3490.0
 54.1929 14.9606  190   0.20  -4.40  40.00 295.20 -3130.0 -4452.0
 54.1929 14.9606  191   0.20  -4.40  40.00 295.20 -3119.0 -4694.0
 54.1929 14.9606  192   0.20  -4.40  40.00 295.20 -3123.0 -3908.0
 54.1929 14.9606  193   0.20  -4.40  40.00 295.20 -3136.0  -780.0
 54.1929 14.9606  194   0.20  -4.40  40.00 295.20 -3134.0  -775.0
 54.1929 14.9606  195   0.20  -4.40  40.00 295.20 -3124.0   760.0
 54.1929 14.9606  196   0.20  -4.40  40.00 295.20 -3115.0  1510.0
 54.1929 14.9606  197   0.20  -4.40  40.00 295.20 -3111.0   904.0
 54.1929 14.9606  198   0.20  -4.40  40.00 295.20 -3083.0 -4565.0
 54.1929 14.9606  199   0.20  -4.40  40.00 295.01 -3080.0 -4560.0
 54.1929 14.9606  200   0.20  -4.40  40.00 295.01 -3084.0 -3895.0
 54.1929 14.9606  201   0.20  -4.40  40.00 295.01 -3086.0 -3448.0
 54.1929 14.9606  202   0.20  -4.40  40.00 295.01 -3088.0 -3444.0
 54.1929 14.9606  203   0.20  -4.40  40.00 295.01 -3089.0 -3387.0
 54.1929 14.9606  204   0.20  -4.40  40.00 295.01 -3093.0 -3385.0
 54.1929 14.9606  205   0.20  -4.40  40.00 295.01 -3096.0 -2583.0
 54.1929 14.9607  206   0.20  -4.40  40.00 295.01 -3101.0 -1783.0
 54.1929 14.9606  207   0.20  -4.40  40.00 295.01 -3102.0 -1782.0
 54.1929 14.9606  208   0.20  -4.40  40.00 295.01 -3096.0 -4238.0
 54.1929 14.9606  209   0.20  -4.40  40.00 294.96 -3096.0 -4508.0
 54.1929 14.9606  210   0.20  -4.40  40.00 294.92 -3096.0 -4836.0
 54.1929 14.9606  211   0.20  -4.40  40.00 294.92 -3095.0 -5346.0
 54.1929 14.9606  212   0.20  -4.40  40.00 294.92 -3101.0 -5341.0
 54.1929 14.9606  213   0.20  -4.40  40.00 294.92 -3120.0  3710.0
 54.1929 14.9606  214   0.20  -4.40  40.00 294.92 -3116.0  3704.0
 54.1929 14.9606  215   0.20  -4.40  40.00 294.92 -3120.0  4023.0
 54.1929 14.9606  216   0.20  -4.40  40.00 294.92 -3122.0  4340.0
 54.1929 14.9606  217   0.20  -4.40  40.00 294.92 -3121.0  4340.0
 54.1929 14.9606  218   0.20  -4.40  40.00 294.92 -3099.0  1922.0
 54.1929 14.9606  219   0.20  -4.40  40.00 294.92 -3103.0  1919.0
 54.1929 14.9606  220   0.20  -4.40  40.00 294.95 -3103.0  1921.0
 54.1929 14.9606  221   0.20  -4.40  40.00 294.95 -3105.0  1515.0
 54.1929 14.9606  222   0.20  -4.40  40.00 294.95 -3105.0  -114.0
 54.1929 14.9606  223   0.20  -4.40  40.00 294.95 -3107.0  -115.0
 54.1929 14.9606  224   0.20  -4.40  40.00 294.95 -3098.0  1275.0
 54.1929 14.9606  225   0.20  -4.40  40.00 294.95 -3093.0  1865.0
 54.1929 14.9606  226   0.20  -4.40  40.00 294.95 -3098.0  1397.0
 54.1929 14.9606  227   0.20  -4.40  40.00 294.95 -3101.0 -2851.0
 54.1929 14.9606  228   0.20  -4.40  40.00 294.95 -3096.0 -2850.0
 54.1929 14.9606  229   0.20  -4.40  40.00 294.95 -3090.0  -507.0
 54.1929 14.9606  230   0.20  -4.40  40.00 295.25 -3079.0  1830.0
 54.1929 14.9606  231   0.20  -4.40  40.00 295.38 -3085.0  1594.0
 54.1929 14.9606  232   0.20  -4.40  40.00 295.38 -3103.0  -489.0
 54.1929 14.9606  233   0.20  -4.40  40.00 295.38 -3106.0  -488.0
 54.1929 14.9606  234   0.20  -4.40  40.00 295.38 -3117.0 -2416.0
 54.1929 14.9606  235   0.20  -4.40  40.00 295.38 -3122.0 -3697.0
 54.1929 14.9606  236   0.20  -4.40  40.00 295.38 -3111.0 -3622.0
 54.1929 14.9606  237   0.20  -4.40  40.00 295.38 -3070.0 -2907.0
 54.1929 14.9606  238   0.20  -4.40  40.00 295.38 -3066.0 -2907.0
 54.1929 14.9606  239   0.20  -4.40  40.00 295.38 -3097.0 -1436.0
 54.1929 14.9606  240   0.20  -4.40  40.00 295.29 -3093.0 -1273.0
 54.1929 14.9606  241   0.20  -4.40  40.00 295.20 -3098.0 -1973.0
 54.1929 14.9607  242   0.20  -4.40  40.00 295.20 -3096.0 -3597.0
 54.1929 14.9606  243   0.20  -4.40  40.00 295.20 -3094.0 -3596.0
 54.1929 14.9606  244   0.20  -4.40  40.00 295.20 -3135.0  2168.0
 54.1929 14.9606  245   0.20  -4.40  40.00 295.20 -3139.0  4633.0
 54.1929 14.9606  246   0.20  -4.40  40.00 295.20 -3130.0  3813.0
 54.1929 14.9606  247   0.20  -4.40  40.00 295.20 -3098.0   553.0
 54.1929 14.9606  248   0.20  -4.40  40.00 295.20 -3097.0   550.0
 54.1929 14.9606  249   0.20  -4.40  40.00 295.20 -3084.0   933.0
 54.1929 14.9606  250   0.20  -4.40  40.00 295.18 -3071.0  1181.0
 54.1929 14.9606  251   0.20  -4.40  40.00 294.97 -3069.0  1182.0
 54.1929 14.9606  252   0.20  -4.40  40.00 294.97 -3104.0 -4976.0
 54.1929 14.9607  253   0.20  -4.40  40.00 294.97 -3103.0 -5656.0
 54.1929 14.9607  254   0.20  -4.40  40.00 294.97 -3101.0 -2809.0
 54.1929 14.9607  255   0.20  -4.40  40.00 294.97 -3093.0  1453.0
 54.1929 14.9606  256   0.20  -4.40  40.00 294.97 -3091.0  1448.0
 54.1929 14.9606  257   0.20  -4.40  40.00 294.97 -3074.0  1614.0
 54.1930 14.9606  258   0.20  -4.40  40.00 294.97 -3072.0  1632.0
 54.1930 14.9606  259   0.20  -4.40  40.00 294.97 -3103.0  2050.0
 54.1930 14.9606  260   0.20  -4.40  40.00 294.97 -3124.0  2331.0
 54.1930 14.9606  261   0.20  -4.40  40.00 294.59 -3121.0  2328.0
 54.1930 14.9606  262   0.20  -4.40  40.00 294.59 -3103.0   315.0
 54.1930 14.9606  263   0.20  -4.40  40.00 294.59 -3091.0 -1021.0
 54.1930 14.9606  264   0.20  -4.40  40.00 294.59 -3093.0 -1018.0
 54.1929 14.9606  265   0.20  -4.40  40.00 294.59 -3094.0 -1021.0
 54.1929 14.9606  266   0.20  -4.40  40.00 294.59 -3100.0 -4641.0
 54.1929 14.9606  267   0.20  -4.40  40.00 294.59 -3099.0 -4632.0
 54.1929 14.9606  268   0.20  -4.40  40.00 294.59 -3082.0 -1359.0
 54.1929 14.9606  269   0.20  -4.40  40.00 294.59 -3078.0   819.0
 54.1929 14.9606  270   0.20  -4.40  40.00 294.59 -3082.0   180.0
 54.1929 14.9606  271   0.20  -4.40  40.00 294.92 -3093.0 -5524.0
 54.1929 14.9606  272   0.20  -4.40  40.00 294.92 -3094.0 -5518.0
 54.1930 14.9606  273   0.20  -4.40  40.00 294.92 -3099.0  2125.0
 54.1930 14.9606  274   0.20  -4.40  40.00 294.92 -3098.0  4027.0
 54.1930 14.9606  275   0.20  -4.40  40.00 294.92 -3094.0  3464.0
 54.1930 14.9606  276   0.20  -4.40  40.00 294.92 -3075.0  2163.0
 54.1930 14.9606  277   0.20  -4.40  40.00 294.92 -3074.0  2165.0
 54.1930 14.9605  278   0.20  -4.40  40.00 294.92 -3071.0 -2497.0
 54.1930 14.9606  279   0.20  -4.40  40.00 294.92 -3071.0 -3660.0
 54.1930 14.9606  280   0.20  -4.40  40.00 294.92 -3075.0 -4132.0
 54.1929 14.9606  281   0.20  -4.40  40.00 294.99 -3071.0 -4610.0
 54.1929 14.9606  282   0.20  -4.40  40.00 294.99 -3076.0 -4605.0
 54.1929 14.9606  283   0.20  -4.40  40.00 294.99 -3111.0   609.0
 54.1930 14.9606  284   0.20  -4.40  40.00 294.99 -3111.0   599.0
 54.1930 14.9606  285   0.20  -4.40  40.00 294.99 -3097.0   929.0
 54.1930 14.9606  286   0.20  -4.40  40.00 294.99 -3082.0  1419.0
 54.1930 14.9606  287   0.20  -4.40  40.00 294.99 -3082.0  1417.0
 54.1930 14.9606  288   0.20  -4.40  40.00 294.99 -3094.0 -3587.0
 54.1930 14.9606  289   0.20  -4.40  40.00 294.99 -3092.0 -4136.0
 54.1929 14.9606  290   0.20  -4.40  40.00 294.99 -3095.0 -3792.0
 54.1929 14.9605  291   0.20  -4.40  40.00 295.00 -3098.0 -3271.0
 54.1929 14.9606  292   0.20  -4.40  40.00 295.02 -3099.0 -3267.0
 54.1929 14.9606  293   0.20  -4.40  40.00 295.02 -3119.0 -3755.0
 54.1929 14.9606  294   0.20  -4.40  40.00 295.02 -3115.0 -3815.0
 54.1929 14.9606  295   0.20  -4.40  40.00 295.02 -3120.0 -3804.0
 54.1929 14.9606  296   0.20  -4.40  40.00 295.02 -3118.0 -3813.0
 54.1929 14.9606  297   0.20  -4.40  40.00 295.02 -3120.0 -3808.0
 54.1929 14.9606  298   0.20  -4.40  40.00 295.02 -3127.0 -1195.0
 54.1929 14.9606  299   0.20  -4.40  40.00 295.02 -3125.0   -81.0
 54.1929 14.9606  300   0.20  -4.40  40.00 295.02 -3122.0   -84.0
 54.1929 14.9606  301   0.20  -4.40  40.00 295.02 -3101.0  1582.0
 54.1929 14.9606  302   0.20  -4.40  40.00 294.94 -3101.0  1573.0
 54.1929 14.9606  303   0.20  -4.40  40.00 294.92 -3102.0  1571.0
 54.1929 14.9606  304   0.20  -4.40  40.00 294.92 -3097.0  1572.0
 54.1929 14.9606  305   0.20  -4.40  40.00 294.92 -3095.0  -273.0
 54.1929 14.9606  306   0.20  -4.40  40.00 294.92 -3093.0  -274.0
 54.1929 14.9606  307   0.20  -4.40  40.00 294.92 -3088.0   -27.0
 54.1929 14.9606  308   0.20  -4.40  40.00 294.92 -3083.0   214.0
 54.1929 14.9606  309   0.20  -4.40  40.00 294.92 -3079.0   210.0
 54.1929 14.9606  310   0.20  -4.40  40.00 294.92 -3104.0  -459.0
 54.1929 14.9606  311   0.20  -4.40  40.00 294.92 -3110.0  -622.0
 54.1929 14.9606  312   0.20  -4.40  40.00 294.93 -3109.0   291.0
 54.1929 14.9606  313   0.20  -4.40  40.00 295.06 -3101.0  3953.0
 54.1929 14.9606  314   0.20  -4.40  40.00 295.06 -3100.0  3947.0
 54.1929 14.9606  315   0.20  -4.40  40.00 295.06 -3116.0  2878.0
 54.1929 14.9606  316   0.20  -4.40  40.00 295.06 -3124.0  2162.0
 54.1929 14.9606  317   0.20  -4.40  40.00 295.06 -3124.0  2166.0
 54.1929 14.9606  318   0.20  -4.40  40.00 295.06 -3119.0  2227.0
 54.1929 14.9606  319   0.20  -4.40  40.00 295.06 -3124.0  2219.0
 54.1929 14.9606  320   0.20  -4.40  40.00 295.06 -3124.0  2221.0
 54.1929 14.9606  321   0.20  -4.40  40.00 295.06 -3105.0  -115.0
 54.1929 14.9606  322   0.20  -4.40  40.00 295.06 -3105.0 -1113.0
 54.1929 14.9606  323   0.20  -4.40  40.00 295.10 -3099.0 -1333.0
 54.1929 14.9606  324   0.20  -4.40  40.00 295.13 -3072.0 -3282.0
 54.1929 14.9606  325   0.20  -4.40  40.00 295.13 -3076.0 -3278.0
 54.1929 14.9606  326   0.20  -4.40  40.00 295.13 -3077.0 -3282.0
 54.1929 14.9606  327   0.20  -4.40  40.00 295.13 -3078.0 -3278.0
 54.1929 14.9606  328   0.20  -4.40  40.00 295.13 -3090.0   -29.0
 54.1929 14.9606  329   0.20  -4.40  40.00 295.13 -3089.0  2127.0
 54.1929 14.9606  330   0.20  -4.40  40.00 295.13 -3094.0  1601.0
 54.1929 14.9606  331   0.20  -4.40  40.00 295.13 -3101.0 -3079.0
 54.1929 14.9606  332   0.20  -4.40  40.00 295.13 -3101.0 -3079.0
 54.1929 14.9606  333   0.20  -4.40  40.00 295.13 -3111.0  -257.0
 54.1929 14.9606  334   0.20  -4.40  40.00 295.02 -3121.0  1608.0
 54.1929 14.9606  335   0.20  -4.40  40.00 295.02 -3119.0  1402.0
 54.1929 14.9606  336   0.20  -4.40  40.00 295.02 -3102.0  -445.0
 54.1929 14.9606  337   0.20  -4.40  40.00 295.02 -3101.0  -442.0
 54.1929 14.9607  338   0.20  -4.40  40.00 295.02 -3092.0 -1969.0
 54.1929 14.9607  339   0.20  -4.40  40.00 295.02 -3087.0 -3503.0
 54.1929 14.9606  340   0.20  -4.40  40.00 295.02 -3089.0 -3498.0
 54.1929 14.9606  341   0.20  -4.40  40.00 295.02 -3082.0  -237.0
 54.1929 14.9607  342   0.20  -4.40  40.00 295.02 -3083.0  -239.0
 54.1929 14.9606  343   0.20  -4.40  40.00 295.02 -3098.0  -760.0
 54.1929 14.9606  344   0.20  -4.40  40.00 295.06 -3121.0 -1540.0
 54.1929 14.9606  345   0.20  -4.40  40.00 295.11 -3121.0 -1540.0
 54.1929 14.9606  346   0.20  -4.40  40.00 295.11 -3114.0 -3520.0
 54.1929 14.9606  347   0.20  -4.40  40.00 295.11 -3114.0 -3740.0
 54.1929 14.9606  348   0.20  -4.40  40.00 295.11 -3103.0 -1965.0
 54.1929 14.9606  349   0.20  -4.40  40.00 295.11 -3093.0  2162.0
 54.1929 14.9606  350   0.20  -4.40  40.00 295.11 -3095.0  2167.0
 54.1929 14.9606  351   0.20  -4.40  40.00 295.11 -3117.0 -2680.0
 54.1929 14.9606  352   0.20  -4.40  40.00 295.11 -3119.0 -3890.0
 54.1929 14.9606  353   0.20  -4.40  40.00 295.11 -3114.0 -3549.0
 54.1929 14.9606  354   0.20  -4.40  40.00 295.11 -3090.0  -533.0
 54.1929 14.9606  355   0.20  -4.40  40.00 295.10 -3087.0  -535.0
 54.1929 14.9606  356   0.20  -4.40  40.00 295.10 -3094.0  1063.0
 54.1929 14.9606  357   0.20  -4.40  40.00 295.10 -3092.0  2137.0
 54.1929 14.9606  358   0.20  -4.40  40.00 295.10 -3094.0  2138.0
 54.1929 14.9606  359   0.20  -4.40  40.00 295.10 -3105.0   195.0
 54.1929 14.9606  360   0.20  -4.40  40.00 295.10 -3108.0   -20.0
 54.1929 14.9606  361   0.20  -4.40  40.00 295.10 -3107.0  1092.0
 54.1929 14.9606  362   0.20  -4.40  40.00 295.10 -3108.0  2196.0
 54.1930 14.9606  363   0.20  -4.40  40.00 295.10 -3112.0  2197.0
 54.1930 14.9606  364   0.20  -4.40  40.00 295.10 -3129.0 -3380.0
 54.1930 14.9606  365   0.20  -4.40  40.00 295.10 -3129.0 -3380.0
 54.1930 14.9606  366   0.20  -4.40  40.00 295.13 -3126.0 -3377.0
 54.1930 14.9606  367   0.20  -4.40  40.00 295.13 -3129.0 -3374.0
 54.1930 14.9606  368   0.20  -4.40  40.00 295.13 -3127.0 -3377.0
 54.1930 14.9606  369   0.20  -4.40  40.00 295.13 -3113.0 -2517.0
 54.1930 14.9606  370   0.20  -4.40  40.00 295.13 -3113.0 -2518.0
 54.1929 14.9606  371   0.20  -4.40  40.00 295.13 -3103.0 -2796.0
 54.1929 14.9606  372   0.20  -4.40  40.00 295.13 -3092.0 -3216.0
 54.1929 14.9606  373   0.20  -4.40  40.00 295.13 -3097.0 -3211.0
 54.1929 14.9606  374   0.20  -4.40  40.00 295.13 -3139.0  1018.0
 54.1929 14.9606  375   0.20  -4.40  40.00 295.13 -3139.0  1017.0
 54.1929 14.9606  376   0.20  -4.40  40.00 294.97 -3117.0  2360.0
 54.1929 14.9606  377   0.20  -4.40  40.00 294.86 -3097.0  3697.0
 54.1929 14.9607  378   0.20  -4.40  40.00 294.86 -3100.0  3695.0
 54.1929 14.9607  379   0.20  -4.40  40.00 294.86 -3106.0  4150.0
 54.1929 14.9607  380   0.20  -4.40  40.00 294.86 -3107.0  4191.0
 54.1929 14.9607  381   0.20  -4.40  40.00 294.86 -3098.0  3780.0
 54.1930 14.9607  382   0.20  -4.40  40.00 294.86 -3081.0  2133.0
 54.1930 14.9606  383   0.20  -4.40  40.00 294.86 -3082.0  2133.0
 54.1930 14.9606  384   0.20  -4.40  40.00 294.86 -3083.0 -2146.0
 54.1930 14.9606  385   0.20  -4.40  40.00 294.86 -3082.0 -3974.0
 54.1930 14.9606  386   0.20  -4.40  40.00 294.86 -3086.0 -4118.0
 54.1930 14.9606  387   0.20  -4.40  40.00 295.01 -3092.0 -4699.0
 54.1930 14.9606  388   0.20  -4.40  40.00 295.02 -3089.0 -4695.0
 54.1930 14.9606  389   0.20  -4.40  40.00 295.02 -3091.0 -1981.0
 54.1930 14.9606  390   0.20  -4.40  40.00 295.02 -3089.0  -817.0
 54.1930 14.9606  391   0.20  -4.40  40.00 295.02 -3088.0  -894.0
 54.1930 14.9606  392   0.20  -4.40  40.00 295.02 -3079.0 -1563.0
 54.1930 14.9606  393   0.20  -4.40  40.00 295.02 -3079.0 -1558.0
 54.1930 14.9606  394   0.20  -4.40  40.00 295.02 -3104.0 -3468.0
 54.1930 14.9606  395   0.20  -4.40  40.00