 54.1338 14.9174    0   0.20  -4.40  39.00 244.95  -470.0  -459.0
 54.1908 14.9608    1   0.20  -4.40  39.00 244.95  -473.0  -457.0
 54.1908 14.9608    2   0.20  -4.40  39.00 244.95  -473.0  -460.0
 54.1908 14.9608    3   0.20  -4.40  39.00 244.95  -473.0  -459.0
 54.1909 14.9608    4   0.20  -4.40  39.00 244.95  -474.0  -460.0
 54.1909 14.9608    5   0.20  -4.40  39.00 244.95  -474.0  -457.0
 54.1909 14.9608    6   0.20  -4.40  39.00 244.95  -468.0  -455.0
 54.1909 14.9608    7   0.20  -4.40  39.00 244.95  -474.0  -456.0
 54.1909 14.9608    8   0.20  -4.40  39.00 244.95  -476.0  -455.0
 54.1909 14.9608    9   0.20  -4.40  39.00 244.95  -474.0  -460.0
