./vvm_both_tt tmp 8 1000 10 1
  0.0000  0.0000    0  -0.20  -1.21  26.19   0.02    21.0  1087.0    14.0   797.0 283 57986079
  0.0000  0.0000    1  -0.20  -1.21  26.19   0.02    27.0  1627.0    17.0   364.0 283 57986207
  0.0000  0.0000    2  -0.20  -1.21  26.19   0.02    20.0   869.0    10.0   575.0 283 57986309
  0.0000  0.0000    3  -0.20  -1.21  26.19   0.02    25.0   199.0    13.0   304.0 283 57986412
  0.0000  0.0000    4  -0.20  -1.21  26.19   0.02    23.0  1073.0    15.0   614.0 283 57986515
  0.0000  0.0000    5  -0.20  -1.21  26.19   0.02    27.0  1362.0    18.0   842.0 283 57986618
  0.0000  0.0000    6  -0.20  -1.21  26.19   0.02    26.0   576.0    17.0  -392.0 283 57986737
  0.0000  0.0000    7  -0.20  -1.21  26.19   0.02    25.0  1166.0    14.0   710.0 283 57986839
  0.0000  0.0000    8  -0.20  -1.21  26.19   0.02    21.0  1415.0    10.0   247.0 283 57986942
  0.0000  0.0000    9  -0.20  -1.21  26.19   0.02    31.0  1197.0    13.0   799.0 283 57987047
  0.0000  0.0000   10  -0.20  -1.21  26.19   0.02    22.0   313.0     8.0   388.0 283 57987175
  0.0000  0.0000   11  -0.20  -1.21  26.19   0.02    21.0   897.0    12.0  1174.0 283 57987279
  0.0000  0.0000   12  -0.20  -1.21  26.19   0.02    22.0  1835.0     6.0  1319.0 283 57987381
  0.0000  0.0000   13  -0.20  -1.21  26.19   0.02    21.0  1620.0    12.0  1771.0 283 57987484
  0.0000  0.0000   14  -0.20  -1.21  26.19   0.02    21.0  1509.0    12.0  1321.0 283 57987586
  0.0000  0.0000   15  -0.20  -1.21  26.19  -0.00    25.0  1548.0    11.0  1222.0