vvm_both_tt try 1 1000 1 100
  0.0000  0.0000    0   2.17  -4.19   4.98   0.11   -31.0   -28.0   -35.0   -37.0 274 57977889
  0.0000  0.0000    1   2.17  -4.19   4.98  -0.07   -43.0   -31.0   -39.0   -43.0 274 57978944
  0.0000  0.0000    2   2.17  -4.19   4.98   0.00   -35.0   -31.0   -41.0   -43.0 274 57979985
  0.0000  0.0000    3   2.17  -4.20   4.98   0.00   -32.0   -39.0   -35.0   -59.0 274 57981015
  0.0000  0.0000    4   2.17  -4.20   4.98   0.02   -32.0   -28.0   -47.0   -60.0 274 57982048
  0.0000  0.0000    5   2.17  -4.20   4.98   0.02   -11.0   -43.0   -19.0   -19.0 274 57983097
  0.0000  0.0000    6   2.17  -4.20   4.98   0.00   -23.0   -39.0   -43.0   -43.0 274 57984129
  0.0000  0.0000    7   2.17  -4.20   4.98  -0.01   -35.0   -23.0   -39.0   -35.0 274 57985157
  0.0000  0.0000    8   2.17  -4.20   4.98  -0.05   -31.0   -19.0   -29.0   -16.0 274 57986189
  0.0000  0.0000    9   2.17  -4.20   4.98   0.05   -35.0   -41.0   -55.0   -35.0 274 57987227
  0.0000  0.0000   10   2.17  -4.20   4.98  -0.07   -43.0   -41.0   -49.0   -23.0 274 57988278
  0.0000  0.0000   11   2.17  -4.20   4.98  -0.05   -33.0   -53.0   -31.0   -35.0 274 57989336
  0.0000  0.0000   12   2.17  -4.20   4.98   0.04     7.0     0.0   -44.0   -39.0 274 57990400
  0.0000  0.0000   13   2.17  -4.20   4.98  -0.02     1.0     3.0   -57.0   -39.0 274 57991456
  0.0000  0.0000   14   2.17  -4.20   4.98   0.04     1.0     4.0   -53.0   -49.0 274 57992502
  0.0000  0.0000   15   2.17  -4.20   4.98  -0.03    -7.0     0.0   -39.0   -49.0 274 57993557
  0.0000  0.0000   16   2.17  -4.20   4.98   0.06    -4.0     5.0   -37.0   -43.0 274 57994611
  0.0000  0.0000   17   2.17  -4.20   4.98  -0.13    -9.0     5.0   -35.0   -39.0 274 57995658
  0.0000  0.0000   18   2.17  -4.20   4.98  -0.04     4.0     9.0   -39.0   -35.0 274 57996713
  0.0000  0.0000   19   2.17  -4.20   4.98   0.04     5.0   -11.0    34.0     9.0 274 57997770
  0.0000  0.0000   20   2.17  -4.20   4.98   0.02    -7.0    23.0     9.0   -15.0 274 57998812
  0.0000  0.0000   21   2.17  -4.20   4.98   0.02     0.0    -3.0   -11.0     1.0 274 57999858
  0.0000  0.0000   22   2.17  -4.20   4.98   0.03     0.0   -19.0     0.0     9.0 274 58000905
  0.0000  0.0000   23   2.17  -4.20   4.98   0.04     1.0     0.0    13.0    -3.0 274 58001945
  0.0000  0.0000   24   2.17  -4.20   4.98   0.00    -7.0     0.0     5.0    -3.0 274 58002978
  0.0000  0.0000   25   2.17  -4.20   4.98  -0.04   -20.0     1.0     3.0     0.0 274 58004018
  0.0000  0.0000   26   2.17  -4.20   4.98   0.04    -3.0     1.0     2.0    -8.0 274 58005060
  0.0000  0.0000   27   2.17  -4.20   4.98   0.02    -5.0     5.0    17.0     3.0 274 58006098
  0.0000  0.0000   28   2.17  -4.20   4.98   0.09     1.0    -4.0    -8.0     4.0 274 58007138
  0.0000  0.0000   29   2.17  -4.20   4.98   0.01     1.0    -5.0     3.0     4.0 274 58008179
  0.0000  0.0000   30   2.17  -4.20   4.98  -0.07    -7.0    -4.0   -23.0    -7.0 274 58009218
  0.0000  0.0000   31   2.17  -4.20   4.98  -0.02    -8.0   -12.0    13.0     1.0 274 58010258
  0.0000  0.0000   32   2.17  -4.20   4.98   0.00    -7.0    -4.0     6.0    -3.0 274 58011298
  0.0000  0.0000   33   2.17  -4.20   4.98   0.08     1.0    -7.0     5.0    -7.0 274 58012367
  0.0000  0.0000   34   2.17  -4.20   4.98  -0.06    -7.0   -19.0     9.0     9.0 274 58013408
  0.0000  0.0000   35   2.17  -4.20   4.98   0.00    -7.0    -3.0    -4.0    -7.0 274 58014468
  0.0000  0.0000   36   2.17  -4.20   4.98   0.03     4.0    -3.0     4.0    -6.0 274 58015517
  0.0000  0.0000   37   2.17  -4.20   4.98  -0.01    -5.0    -3.0     0.0   -11.0 274 58016566
  0.0000  0.0000   38   2.17  -4.20   4.98   0.03    -7.0     5.0    -3.0    -3.0 274 58017627
  0.0000  0.0000   39   2.17  -4.20   4.98   0.00    -7.0    -7.0   -23.0    -7.0 274 58018674
  0.0000  0.0000   40   2.17  -4.20   4.98   0.04    -7.0   -11.0    29.0     0.0 274 58019709
  0.0000  0.0000   41   2.17  -4.20   4.98   0.04    -3.0   -15.0    -3.0     0.0 274 58020878
  0.0000  0.0000   42   2.17  -4.20   4.98   0.00    -7.0    -3.0    -8.0    13.0 274 58021909
  0.0000  0.0000   43   2.17  -4.20   4.98   0.09   -11.0    -7.0    -9.0   -15.0 274 58022950
  0.0000  0.0000   44   2.17  -4.20   4.98  -0.03   -11.0    -9.0     5.0     0.0 274 58023989
  0.0000  0.0000   45   2.17  -4.20   4.98   0.04   -12.0   -11.0    -7.0   -15.0 274 58025068
  0.0000  0.0000   46   2.17  -4.20   4.98  -0.02   -15.0   -11.0     1.0     1.0 274 58026110
  0.0000  0.0000   47   2.17  -4.20   4.98  -0.04    13.0   -27.0     1.0     1.0 274 58027148
  0.0000  0.0000   48   2.17  -4.20   4.98   0.05   -11.0    -7.0   -21.0   -12.0 274 58028196
  0.0000  0.0000   49   2.17  -4.20   4.98   0.05   -11.0    -7.0    -5.0    -7.0 274 58029238
  0.0000  0.0000   50   2.17  -4.20   4.98  -0.04    -7.0   -11.0   -11.0   -12.0 274 58030278
  0.0000  0.0000   51   2.17  -4.20   4.98   0.06   -11.0   -11.0     2.0    -7.0 274 58031318
  0.0000  0.0000   52   2.17  -4.20   4.98  -0.05   -27.0   -27.0    -3.0    -7.0 274 58032365
  0.0000  0.0000   53   2.17  -4.20   4.98   0.09   -11.0   -16.0   -27.0   -11.0 274 58033415
  0.0000  0.0000   54   2.17  -4.20   4.98   0.04   -33.0   -19.0   -19.0    -9.0 274 58034465
  0.0000  0.0000   55   2.17  -4.20   4.98   0.00    -3.0   -11.0   -15.0   -19.0 274 58035537
  0.0000  0.0000   56   2.17  -4.20   4.98  -0.09   -13.0   -21.0    -3.0    -9.0 274 58036575
  0.0000  0.0000   57   2.17  -4.20   4.98   0.04    -7.0   -19.0   -15.0     1.0 274 58037628
  0.0000  0.0000   58   2.17  -4.20   4.98  -0.01   -27.0    -3.0    -5.0     1.0 274 58038660
  0.0000  0.0000   59   2.17  -4.20   4.98  -0.01   -15.0   -11.0    -7.0   -17.0 274 58039709
  0.0000  0.0000   60   2.17  -4.20   4.98   0.03   -12.0   -19.0    -7.0    -7.0 274 58040750
  0.0000  0.0000   61   2.17  -4.20   4.98  -0.07   -12.0   -23.0    -5.0    -5.0 274 58041789
  0.0000  0.0000   62   2.17  -4.20   4.98   0.02   -15.0   -12.0   -15.0   -23.0 274 58042829
  0.0000  0.0000   63   2.17  -4.20   4.98  -0.02   -19.0   -20.0    -3.0     5.0 274 58043868
  0.0000  0.0000   64   2.17  -4.20   4.98   0.01   -16.0   -19.0   -19.0   -22.0 274 58044910
  0.0000  0.0000   65   2.17  -4.20   4.98   0.00   -23.0     4.0   -11.0   -19.0 274 58045958
  0.0000  0.0000   66   2.17  -4.20   4.98   0.07   -27.0   -19.0   -12.0   -15.0 274 58047007
  0.0000  0.0000   67   2.17  -4.20   4.98  -0.05     1.0   -31.0   -11.0   -32.0 274 58048039
  0.0000  0.0000   68   2.17  -4.20   4.98   0.05   -19.0   -17.0    -7.0   -19.0 274 58049088
  0.0000  0.0000   69   2.17  -4.20   4.98   0.00   -19.0   -13.0    -7.0     0.0 274 58050143
  0.0000  0.0000   70   2.17  -4.20   4.98   0.03   -27.0   -15.0   -11.0   -15.0 274 58051179
  0.0000  0.0000   71   2.17  -4.20   4.98  -0.07   -35.0   -19.0   -19.0   -24.0 274 58052236
  0.0000  0.0000   72   2.17  -4.20   4.98  -0.10   -24.0   -20.0    -9.0     3.0 274 58053290
  0.0000  0.0000   73   2.17  -4.20   4.98   0.04   -31.0   -20.0   -15.0   -19.0 274 58054345
  0.0000  0.0000   74   2.17  -4.20   4.98  -0.11   -28.0   -19.0   -15.0   -23.0 274 58055379
  0.0000  0.0000   75   2.17  -4.20   4.98   0.08   -23.0   -11.0   -23.0    -7.0 274 58056420
  0.0000  0.0000   76   2.17  -4.20   4.98  -0.04   -23.0   -19.0   -11.0   -19.0 274 58057472
  0.0000  0.0000   77   2.17  -4.20   4.98   0.02   -27.0   -19.0   -15.0   -15.0 274 58058509
  0.0000  0.0000   78   2.17  -4.20   4.98  -0.05    -3.0   -23.0     5.0    -3.0 274 58059557
  0.0000  0.0000   79   2.17  -4.20   4.98  -0.03   -23.0   -27.0   -19.0   -11.0 274 58060595
  0.0000  0.0000   80   2.17  -4.20   4.98   0.04   -15.0   -47.0   -15.0   -11.0 274 58061630
  0.0000  0.0000   81   2.17  -4.20   4.98   0.02   -28.0   -19.0   -12.0   -15.0 274 58062669
  0.0000  0.0000   82   2.17  -4.20   4.98  -0.02   -31.0   -23.0   -23.0    -3.0 274 58063711
  0.0000  0.0000   83   2.17  -4.20   4.98   0.08   -37.0   -20.0   -21.0   -16.0 274 58064752
  0.0000  0.0000   84   2.17  -4.20   4.98  -0.07    -7.0   -35.0     1.0   -23.0 274 58065789
  0.0000  0.0000   85   2.17  -4.20   4.98  -0.07   -27.0   -27.0   -20.0   -27.0 274 58066833
  0.0000  0.0000   86   2.17  -4.20   4.98   0.00   -43.0   -23.0   -23.0   -23.0 274 58067879
  0.0000  0.0000   87   2.17  -4.20   4.98   0.03    -7.0   -35.0    -3.0    -9.0 274 58068940
  0.0000  0.0000   88   2.17  -4.20   4.98  -0.03   -35.0   -27.0   -11.0   -21.0 274 58069993
  0.0000  0.0000   89   2.17  -4.20   4.98   0.06   -27.0   -37.0   -19.0   -15.0 274 58071044
  0.0000  0.0000   90   2.17  -4.20   4.98  -0.03   -40.0   -29.0   -15.0    -9.0 274 58072090
  0.0000  0.0000   91   2.17  -4.20   4.98   0.08   -39.0   -15.0   -17.0   -27.0 274 58073137
  0.0000  0.0000   92   2.17  -4.20   4.98  -0.07   -31.0   -25.0   -35.0   -27.0 274 58074176
  0.0000  0.0000   93   2.17  -4.20   4.98  -0.04   -39.0   -27.0   -31.0   -11.0 274 58075228
  0.0000  0.0000   94   2.17  -4.20   4.98   0.00   -28.0   -11.0   -19.0   -29.0 274 58076269
  0.0000  0.0000   95   2.17  -4.20   4.98   0.05   -35.0    -7.0   -20.0   -47.0 274 58077310
  0.0000  0.0000   96   2.17  -4.20   4.98   0.00   -35.0   -27.0   -31.0   -21.0 274 58078364
  0.0000  0.0000   97   2.17  -4.20   4.98   0.02   -29.0   -51.0   -29.0   -39.0 274 58079400
  0.0000  0.0000   98   2.17  -4.20   4.98   0.02   -39.0   -25.0   -28.0   -24.0 274 58080520
  0.0000  0.0000   99   2.17  -4.20   4.98  -0.01   -39.0   -39.0   -39.0   -11.0 274 58081601
  0.0000  0.0000  100   2.17  -4.20   4.98  -0.08   -31.0   -19.0   -33.0   -35.0 274 58082641
  0.0000  0.0000  101   2.17  -4.20   4.98  -0.10   -45.0   -36.0   -35.0    -3.0 274 58083682
  0.0000  0.0000  102   2.17  -4.20   4.98  -0.01   -39.0   -31.0   -23.0   -20.0 274 58084724
  0.0000  0.0000  103   2.17  -4.21   4.98   0.02   -39.0   -28.0   -12.0   -25.0 274 58085762
  0.0000  0.0000  104   2.17  -4.21   4.98  -0.05   -39.0   -44.0    -5.0   -11.0 274 58086801
  0.0000  0.0000  105   2.17  -4.21   4.98   0.01   -40.0   -39.0   -27.0   -35.0 274 58087841
  0.0000  0.0000  106   2.17  -4.21   4.98  -0.07   -39.0   -12.0   -21.0   -31.0 274 58088883
  0.0000  0.0000  107   2.17  -4.21   4.98  -0.01   -29.0   -47.0   -17.0   -43.0 274 58089938
  0.0000  0.0000  108   2.17  -4.21   4.98   0.01   -35.0   -24.0   -31.0   -27.0 274 58090988
  0.0000  0.0000  109   2.17  -4.21   4.98  -0.05   -28.0   -49.0   -25.0   -47.0 274 58092039
  0.0000  0.0000  110   2.17  -4.21   4.98  -0.03     4.0     1.0   -39.0   -39.0 274 58093090
  0.0000  0.0000  111   2.17  -4.21   4.98   0.05     0.0     3.0   -47.0   -28.0 274 58094131
  0.0000  0.0000  112   2.17  -4.21   4.98  -0.06    11.0     5.0   -35.0   -35.0 274 58095190
  0.0000  0.0000  113   2.17  -4.21   4.98   0.04     0.0    17.0   -11.0   -23.0 274 58096252
  0.0000  0.0000  114   2.17  -4.21   4.98   0.06     9.0    -3.0   -31.0   -23.0 274 58097314
  0.0000  0.0000  115   2.17  -4.21   4.98  -0.08     5.0     1.0   -28.0   -15.0 274 58098369
  0.0000  0.0000  116   2.17  -4.21   4.98   0.08     3.0     9.0   -16.0   -23.0 274 58099414
  0.0000  0.0000  117   2.17  -4.21   4.98   0.01    -3.0     9.0   -35.0   -31.0 274 58100496
  0.0000  0.0000  118   2.17  -4.21   4.98  -0.04     1.0     5.0   -55.0   -37.0 274 58101557
  0.0000  0.0000  119   2.17  -4.21   4.98   0.02    11.0     5.0   -35.0   -43.0 274 58102607
  0.0000  0.0000  120   2.17  -4.21   4.98  -0.09     5.0    13.0   -19.0   -25.0 274 58103658
  0.0000  0.0000  121   2.17  -4.21   4.98   0.04     0.0     0.0   -43.0   -31.0 274 58104707
  0.0000  0.0000  122   2.17  -4.21   4.98  -0.05     0.0     0.0   -31.0   -21.0 274 58105757
  0.0000  0.0000  123   2.17  -4.21   4.98   0.02    -7.0   -19.0   -27.0   -27.0 274 58106817
  0.0000  0.0000  124   2.17  -4.21   4.98   0.05     5.0     6.0   -27.0   -44.0 274 58107878
  0.0000  0.0000  125   2.17  -4.21   4.98  -0.06    13.0     5.0   -35.0   -51.0 274 58108930
  0.0000  0.0000  126   2.17  -4.21   4.98   0.06   -21.0     5.0   -31.0   -39.0 274 58109983
  0.0000  0.0000  127   2.17  -4.21   4.98  -0.04     9.0     5.0   -35.0   -36.0 274 58111031
  0.0000  0.0000  128   2.17  -4.21   4.98   0.03    -7.0     2.0   -23.0    -9.0 274 58112098
  0.0000  0.0000  129   2.17  -4.21   4.98   0.08     7.0    -7.0   -40.0   -45.0 274 58113158
  0.0000  0.0000  130   2.17  -4.21   4.98  -0.05   -19.0     9.0   -28.0   -55.0 274 58114212
  0.0000  0.0000  131   2.17  -4.21   4.98   0.02     2.0     0.0   -39.0   -39.0 274 58115250
  0.0000  0.0000  132   2.17  -4.21   4.98  -0.05    -9.0    -7.0   -39.0   -19.0 274 58116341
  0.0000  0.0000  133   2.17  -4.21   4.98  -0.05   -11.0     4.0   -31.0   -39.0 274 58117382
  0.0000  0.0000  134   2.17  -4.21   4.98   0.09    15.0   -13.0   -35.0   -31.0 274 58118441
  0.0000  0.0000  135   2.17  -4.21   4.98  -0.04    -3.0    17.0   -35.0   -35.0 274 58119481
  0.0000  0.0000  136   2.17  -4.21   4.98   0.06   -13.0     7.0   -33.0   -27.0 274 58120521
  0.0000  0.0000  137   2.17  -4.21   4.98   0.07    -3.0     7.0   -23.0   -39.0 274 58121561
  0.0000  0.0000  138   2.17  -4.21   4.98  -0.09    -3.0   -15.0   -27.0   -27.0 274 58122610
  0.0000  0.0000  139   2.17  -4.21   4.98  -0.02     1.0   -11.0   -44.0   -4